4909091.0 0.000298179507013
9818182.0 0.000241179819573
14727273.0 0.000231096513859
19636364.0 0.000232179978166
24545455.0 0.000234606985521
29454546.0 0.000235619113434
34363637.0 0.000237122658661
39272728.0 0.000237409711537
44181819.0 0.000239322268711
49090910.0 0.00024260367503
54000000.0 0.00023950914734
58909091.0 0.000243352703329
63818182.0 0.000242281637341
68727273.0 0.000243075345459
73636364.0 0.000241073925651
78545455.0 0.000243038867367
83454546.0 0.000242873606739
88363637.0 0.000242105921718
93272728.0 0.000242821402801
98181819.0 0.000244311246998
103090910.0 0.000247548698242
108000000.0 0.000243864635038
112909091.0 0.000243493497129
117818182.0 0.000244806917766
122727273.0 0.000245543130924
127636364.0 0.000245619086932
132545455.0 0.000245859165041
137454546.0 0.000246349548026
142363637.0 0.000247129134257
147272728.0 0.000247656078198
152181819.0 0.000250146506251
157090910.0 0.000250923677518
162000000.0 0.000250333142046
166909091.0 0.000250674903258
171818182.0 0.000253693785739
176727273.0 0.000253088005175
181636364.0 0.000252231849994
186545455.0 0.000250610068637
191454546.0 0.000254647640003
196363637.0 0.000252879449833
201272728.0 0.000252943309305
206181819.0 0.000251065680194
211090910.0 0.000250025638003
216000000.0 0.000250478100767
220909091.0 0.000250926345018
225818182.0 0.000250528404459
230727273.0 0.000250940010736
235636364.0 0.000252582316198
240545455.0 0.000252268376443
245454546.0 0.000252072536955
250363637.0 0.00025299714308
255272728.0 0.000253643310671
260181819.0 0.000255857210576
265090910.0 0.000255251560713
270000000.0 0.000257304013296
274909091.0 0.000254966996497
279818182.0 0.00025845495216
284727273.0 0.000256966742178
289636364.0 0.000261723012843
294545455.0 0.000261648360238
299454546.0 0.000263741755061
304363637.0 0.000264641641827
309272728.0 0.000262559773059
314181819.0 0.000264816426766
319090910.0 0.000269573451643
324000000.0 0.000268658508467
328909091.0 0.000270933299779
333818182.0 0.000270452552482
338727273.0 0.000269618205874
343636364.0 0.000268107500601
348545455.0 0.000271413376391
353454546.0 0.000270771877993
358363637.0 0.000269864924021
363272728.0 0.000270740438884
368181819.0 0.000269521372701
373090910.0 0.000268134815697
378000000.0 0.000268500419754
382909091.0 0.000265802930351
387818182.0 0.000265942302008
392727273.0 0.000266178142809
397636364.0 0.000264655399736
402545455.0 0.00026466425831
407454546.0 0.0002638399358
412363637.0 0.000260820822819
417272728.0 0.000260796760267
422181819.0 0.000258226106768
427090910.0 0.000256300186655
432000000.0 0.000254115747813
436909091.0 0.000257941977145
441818182.0 0.000254748499886
446727273.0 0.000254495889583
451636364.0 0.000252487073991
456545455.0 0.000256052728465
461454546.0 0.000252110327281
466363637.0 0.000255260985918
471272728.0 0.000254035261316
476181819.0 0.000254576919715
481090910.0 0.000254936869089
486000000.0 0.000256873767439
490909091.0 0.000255724932346
495818182.0 0.000254140359904
500727273.0 0.000255478862239
505636364.0 0.000256243065269
510545455.0 0.000253570528428
515454546.0 0.000255899217398
520363637.0 0.000253304506979
525272728.0 0.000254816424985
530181819.0 0.00025415127615
535090910.0 0.000254072587433
540000001.0 0.000254172241028
544909091.0 0.000255483662001
549818182.0 0.000254537703003
554727273.0 0.000253036712354
559636364.0 0.000253846275796
564545455.0 0.00025200535757
569454546.0 0.000252593607871
574363637.0 0.000251084890052
579272728.0 0.000250941202423
584181819.0 0.000252555045052
589090910.0 0.000252407630317
594000001.0 0.000251249596149
598909091.0 0.000252216193879
603818182.0 0.000252772230319
608727273.0 0.000251719306328
613636364.0 0.00025087140561
618545455.0 0.000254245721592
623454546.0 0.000253020422038
628363637.0 0.000254501261825
633272728.0 0.000254576829695
638181819.0 0.000256283019789
643090910.0 0.000255170421425
648000001.0 0.000255583732241
652909091.0 0.000254172889559
657818182.0 0.000255377452312
662727273.0 0.000254474673489
667636364.0 0.00025686509993
672545455.0 0.000257841201281
677454546.0 0.000259667137523
682363637.0 0.00026061594295
687272728.0 0.000262935113517
692181819.0 0.00026378122206
697090910.0 0.000262355666687
702000001.0 0.000264359399764
706909091.0 0.000264728462802
711818182.0 0.000264552491572
716727273.0 0.000263906846065
721636364.0 0.000266850083584
726545455.0 0.000265375476926
731454546.0 0.000265947385545
736363637.0 0.000268813950302
741272728.0 0.00027226327358
746181819.0 0.000273466298921
751090910.0 0.000275308380448
756000001.0 0.000284306883424
760909091.0 0.000294137475558
765818182.0 0.000306559508726
770727273.0 0.000330362498276
775636364.0 0.000359242400334
780545455.0 0.000386930093516
785454546.0 0.000423352004581
790363637.0 0.000468054403572
795272728.0 0.000537235421844
800181819.0 0.000660246475265
805090910.0 0.000900975296117
810000001.0 0.00136717401275
814909091.0 0.00230991850948
819818182.0 0.00382870423399
824727273.0 0.00606038235542
829636364.0 0.00898544037382
834545455.0 0.0118963944879
839454546.0 0.0149471536722
844363637.0 0.0183429611849
849272728.0 0.0220290734522
854181819.0 0.0278374007641
859090910.0 0.0351882217913
864000001.0 0.0457498001283
868909091.0 0.0597576251319
873818182.0 0.078504424407
878727273.0 0.101362166783
883636364.0 0.128252581581
888545455.0 0.159147744515
893454546.0 0.196069051691
898363637.0 0.230809644877
903272728.0 0.264872500662
908181819.0 0.288642937628
913090910.0 0.302876657657
918000001.0 0.308667499103
922909091.0 0.327718050452
927818182.0 0.358268447889
932727273.0 0.397269504725
937636364.0 0.443233642431
942545455.0 0.483058333307
947454546.0 0.516994913503
952363637.0 0.555074438766
957272728.0 0.606511478739
962181819.0 0.643160546676
967090910.0 0.663584777407
972000001.0 0.652964985294
976909091.0 0.637265644119
981818182.0 0.631583148337
986727273.0 0.640648367591
991636364.0 0.67363166361
996545455.0 0.713805610368
1001454546.0 0.755392830067
1006363637.0 0.782570496964
1011272728.0 0.824866856822
1016181819.0 0.862185437016
1021090910.0 0.915737444216
1026000000.0 0.958562651919
1030909091.0 0.968473416672
1035818182.0 0.947349666624
1040727273.0 0.905634479325
1045636364.0 0.844194246484
1050545455.0 0.802767188826
1055454546.0 0.756399161366
1060363637.0 0.73300152904
1065272728.0 0.707454266485
1070181819.0 0.68877023353
1075090910.0 0.669784232068
1080000000.0 0.668977653135
1084909091.0 0.670599367121
1089818182.0 0.695558164923
1094727273.0 0.720214607985
1099636364.0 0.736492946738
1104545455.0 0.733507522867
1109454546.0 0.683309985413
1114363637.0 0.625494313288
1119272728.0 0.576183562658
1124181819.0 0.529035065109
1129090910.0 0.491031815195
1134000000.0 0.459863534737
1138909091.0 0.428372657148
1143818182.0 0.401238231766
1148727273.0 0.495866650114
1153636364.0 0.396953396122
1158545455.0 0.407669783041
1163454546.0 0.426840597472
1168363637.0 0.441512565374
1173272728.0 0.443525683517
1178181819.0 0.440639373799
1183090910.0 0.428119211711
1188000000.0 0.416153836955
1192909091.0 0.400489404116
1197818182.0 0.384156956082
1202727273.0 0.361218216562
1207636364.0 0.343937447733
1212545455.0 0.33307008115
1217454546.0 0.329651053222
1222363637.0 0.337094412934
1227272728.0 0.351107403784
1232181819.0 0.366696679808
1237090910.0 0.381872944257
1242000000.0 0.389526731904
1246909091.0 0.397211903763
1251818182.0 0.402854971357
1256727273.0 0.403045251451
1261636364.0 0.403142018279
1266545455.0 0.394043958362
1271454546.0 0.376380801921
1276363637.0 0.360039502664
1281272728.0 0.344173456545
1286181819.0 0.332089178689
1291090910.0 0.32742372702
1296000000.0 0.329001803688
1300909091.0 0.329759621434
1305818182.0 0.332704717936
1310727273.0 0.336780359269
1315636364.0 0.346900226343
1320545455.0 0.361081369386
1325454546.0 0.383977665412
1330363637.0 0.405575785609
1335272728.0 0.416202849731
1340181819.0 0.43149730217
1345090910.0 0.436431150632
1350000000.0 0.431667821542
1354909091.0 0.420606867739
1359818182.0 0.409559567241
1364727273.0 0.400084859617
1369636364.0 0.40204332506
1374545455.0 0.39069289484
1379454546.0 0.383219301042
1384363637.0 0.381609864486
1389272728.0 0.385526977067
1394181819.0 0.395976920847
1399090910.0 0.433858013442
1404000000.0 0.433700084813
1408909091.0 0.457969112782
1413818182.0 0.481609242053
1418727273.0 0.494004690843
1423636364.0 0.506810786821
1428545455.0 0.513583493254
1433454546.0 0.51993441336
1438363637.0 0.519827299207
1443272728.0 0.507575684053
1448181819.0 0.498835767686
1453090910.0 0.481426671039
1458000000.0 0.459802219315
1462909091.0 0.455247973906
1467818182.0 0.457633392458
1472727273.0 0.474123902276
1477636364.0 0.504432696712
1482545455.0 0.541698438014
1487454546.0 0.542249780993
1492363637.0 0.562971328402
1497272728.0 0.57724166486
1502181819.0 0.584035085592
1507090910.0 0.58780370153
1512000000.0 0.588498718043
1516909091.0 0.578406940307
1521818182.0 0.574315499363
1526727273.0 0.569762687509
1531636364.0 0.570523873384
1536545455.0 0.586406292052
1541454546.0 0.618193094679
1546363637.0 0.649686660505
1551272728.0 0.671803271252
1556181819.0 0.676150366712
1561090910.0 0.672548198782
1566000000.0 0.672566050746
1570909091.0 0.666955519074
1575818182.0 0.663979226881
1580727273.0 0.651218029498
1585636364.0 0.629006106137
1590545455.0 0.605594395883
1595454546.0 0.583171127768
1600363637.0 0.573437815667
1605272728.0 0.573782206273
1610181819.0 0.582217483142
1615090910.0 0.579712572171
1620000000.0 0.564811777657
1624909091.0 0.538376722344
1629818182.0 0.502503268031
1634727273.0 0.47571398561
1639636364.0 0.45215034042
1644545455.0 0.43824242335
1649454546.0 0.432755362909
1654363637.0 0.421744628429
1659272728.0 0.415337878854
1664181819.0 0.405121618486
1669090910.0 0.401036898866
1674000000.0 0.402515209864
1678909091.0 0.407868191677
1683818182.0 0.414409037278
1688727273.0 0.409849778022
1693636364.0 0.390950327148
1698545455.0 0.354875485098
1703454546.0 0.321783646942
1708363637.0 0.300618102733
1713272728.0 0.286730763265
1718181819.0 0.277853240785
1723090910.0 0.273016050728
1728000000.0 0.270759892187
1732909091.0 0.26602362249
1737818182.0 0.259947937309
1742727273.0 0.255451137546
1747636364.0 0.254380924466
1752545455.0 0.243987400622
1757454546.0 0.222812655346
1762363637.0 0.19009243786
1767272728.0 0.156981658959
1772181819.0 0.12971972438
1777090910.0 0.112204111366
1782000000.0 0.101880474355
1786909091.0 0.0988324556994
1791818182.0 0.0992032863818
1796727273.0 0.100910113719
1801636364.0 0.10141580289
1806545455.0 0.0984955188697
1811454546.0 0.0949271811105
1816363637.0 0.093750952381
1821272728.0 0.0805165355953
1826181819.0 0.0668619884818
1831090910.0 0.0534778446801
1836000000.0 0.0418574383855
1840909091.0 0.0342571526765
1845818182.0 0.029891447612
1850727273.0 0.0284235538025
1855636364.0 0.028328150985
1860545455.0 0.0296178417448
1865454546.0 0.0312325600984
1870363637.0 0.0317589749008
1875272728.0 0.0302165943829
1880181819.0 0.0279329108816
1885090910.0 0.0253771950343
1890000000.0 0.0229130638112
1894909091.0 0.0206561028302
1899818182.0 0.0182924271813
1904727273.0 0.016099426592
1909636364.0 0.0149705948985
1914545455.0 0.0139507037507
1919454546.0 0.0141215922985
1924363637.0 0.0143035659968
1929272728.0 0.0151694675474
1934181819.0 0.0150592340653
1939090910.0 0.0134575988394
1944000000.0 0.0112675508657
1948909091.0 0.00891314146052
1953818182.0 0.00720780692973
1958727273.0 0.00616808805255
1963636364.0 0.0052999480493
1968545455.0 0.00474101671553
1973454546.0 0.00429454958189
1978363637.0 0.00395252807744
1983272728.0 0.00365033928727
1988181819.0 0.00348330835234
1993090910.0 0.00338748044913
1998000000.0 0.00330162330089
2002909091.0 0.00296761647018
2007818182.0 0.00239186242
2012727273.0 0.00182437060742
2017636364.0 0.00141890057042
2022545455.0 0.00117249640634
2027454546.0 0.00103329185732
2032363637.0 0.0009559073124
2037272728.0 0.000909384776158
2042181819.0 0.000891529411811
2047090910.0 0.000869551651157
2052000001.0 0.000862527859996
2056909091.0 0.000863562186513
2061818182.0 0.000868181947785
2066727273.0 0.000859041788458
2071636364.0 0.000814886913668
2076545455.0 0.00074849321054
2081454546.0 0.000669585924464
2086363637.0 0.000616594239673
2091272728.0 0.000582480940448
2096181819.0 0.000562070911381
2101090910.0 0.000552128935763
2106000001.0 0.000548326607497
2110909091.0 0.000551197499745
2115818182.0 0.000547624631503
2120727273.0 0.000557215941639
2125636364.0 0.00056260436332
2130545455.0 0.00056250145163
2135454546.0 0.000560122233761
2140363637.0 0.000554138263357
2145272728.0 0.000548198352638
2150181819.0 0.000534631727544
2155090910.0 0.000528955744637
2160000001.0 0.000524760619056
2164909091.0 0.000534958652643
2169818182.0 0.000534307681312
2174727273.0 0.00054115724394
2179636364.0 0.00054398787242
2184545455.0 0.000546525979368
2189454546.0 0.000546984772045
2194363637.0 0.000548540175764
2199272728.0 0.000554411064782
2204181819.0 0.000561411786539
2209090910.0 0.00056339782063
2214000001.0 0.000564078127778
2218909091.0 0.000574757342154
2223818182.0 0.000581035590675
2228727273.0 0.000586260001559
2233636364.0 0.000589934505877
2238545455.0 0.000595311858109
2243454546.0 0.000604063300511
2248363637.0 0.000614367029834
2253272728.0 0.000617358993849
2258181819.0 0.000614651991704
2263090910.0 0.000605820497176
2268000001.0 0.000605393645073
2272909091.0 0.000600526296208
2277818182.0 0.000597843640725
2282727273.0 0.000593164158719
2287636364.0 0.000594319365429
2292545455.0 0.000595481553624
2297454546.0 0.000595707307276
2302363637.0 0.000595137808088
2307272728.0 0.000598604713943
2312181819.0 0.000611658150382
2317090910.0 0.00062163349941
2322000001.0 0.000632886961131
2326909091.0 0.000637302418174
2331818182.0 0.000636888469963
2336727273.0 0.000637390140192
2341636364.0 0.000641667338475
2346545455.0 0.000649737173375
2351454546.0 0.000651209615221
2356363637.0 0.000660213670407
2361272728.0 0.0006705059141
2366181819.0 0.000681547212633
2371090910.0 0.000694221222346
2376000001.0 0.000703616761732
2380909091.0 0.000728798105836
2385818182.0 0.000764551289157
2390727273.0 0.000782412594179
2395636364.0 0.000780403019347
2400545455.0 0.000765884323263
2405454546.0 0.000756582478716
2410363637.0 0.000745817362396
2415272728.0 0.000739582323671
2420181819.0 0.000734453081466
2425090910.0 0.000721306870158
2430000001.0 0.000712747802883
2434909091.0 0.00071973402044
2439818182.0 0.000711485822739
2444727273.0 0.000709012173006
2449636364.0 0.000711376039382
2454545455.0 0.000708392891676
2459454546.0 0.000699593970809
2464363637.0 0.000701842620705
2469272728.0 0.00069651556524
2474181819.0 0.000690138147141
2479090910.0 0.00068113262542
2484000001.0 0.000681633744476
2488909091.0 0.000679347414183
2493818182.0 0.000671498314241
2498727273.0 0.00065799498554
2503636364.0 0.000648088811235
2508545455.0 0.000638888235733
2513454546.0 0.000624015621161
2518363637.0 0.000621300711247
2523272728.0 0.000605088577202
2528181819.0 0.000597445137254
2533090910.0 0.000590592316255
2538000001.0 0.000583683703549
2542909091.0 0.00057011970467
2547818182.0 0.00057055066833
2552727273.0 0.000569405294757
2557636364.0 0.000562382624605
2562545455.0 0.000563466396173
2567454546.0 0.000557899209834
2572363637.0 0.000553156764215
2577272728.0 0.000547097055929
2582181819.0 0.000541473637942
2587090910.0 0.00053768737824
2592000001.0 0.000529664993293
2596909091.0 0.000527001320365
2601818182.0 0.000521047078314
2606727273.0 0.000522233857688
2611636364.0 0.000522198283844
2616545455.0 0.000522600147303
2621454546.0 0.00052530756826
2626363637.0 0.000526412080473
2631272728.0 0.000528259584138
2636181819.0 0.000536526011725
2641090910.0 0.000534280075756
2646000001.0 0.00054183984786
2650909091.0 0.00054007197157
2655818182.0 0.000543210622461
2660727273.0 0.000543014779612
2665636364.0 0.000542748492861
2670545455.0 0.000551042791929
2675454546.0 0.000554799257154
2680363637.0 0.000546416832499
2685272728.0 0.000551181597634
2690181819.0 0.000553810803066
2695090910.0 0.000552516424615
2700000001.0 0.000549552740395
