4909091.0 0.000820083714498
9818182.0 0.000674999992307
14727273.0 0.00064185917996
19636364.0 0.000653631793933
24545455.0 0.000651224482062
29454546.0 0.000653978142899
34363637.0 0.000661114700397
39272728.0 0.000659227535813
44181819.0 0.000662706155576
49090910.0 0.000667949168169
54000000.0 0.000671453833134
58909091.0 0.000677064423731
63818182.0 0.000667992156126
68727273.0 0.000671491331859
73636364.0 0.000677072554304
78545455.0 0.000665442131938
83454546.0 0.000664963138371
88363637.0 0.000758833665741
93272728.0 0.000691496890247
98181819.0 0.000699852583286
103090910.0 0.00068054387489
108000000.0 0.000682894413818
112909091.0 0.000676437930688
117818182.0 0.00067279307099
122727273.0 0.00067000578591
127636364.0 0.000678383150063
132545455.0 0.000681047352204
137454546.0 0.00067707120073
142363637.0 0.000680545359551
147272728.0 0.000691529588231
152181819.0 0.000687315341802
157090910.0 0.000690683836883
162000000.0 0.000704687299717
166909091.0 0.000689817537318
171818182.0 0.00068921199771
176727273.0 0.000696701214966
181636364.0 0.000699820497253
186545455.0 0.000704969606953
191454546.0 0.00069013445667
196363637.0 0.000699398263105
201272728.0 0.000692490373583
206181819.0 0.00069699710743
211090910.0 0.000694350655217
216000000.0 0.00069939333268
220909091.0 0.000688085179195
225818182.0 0.000689638466372
230727273.0 0.000692131733462
235636364.0 0.000687986963375
240545455.0 0.000695644321951
245454546.0 0.000690884008976
250363637.0 0.000698171845712
255272728.0 0.000695310848663
260181819.0 0.000703681496753
265090910.0 0.000714162897794
270000000.0 0.000708624260591
274909091.0 0.000715491264406
279818182.0 0.000712120079426
284727273.0 0.000712579864375
289636364.0 0.00071683612765
294545455.0 0.000720987194275
299454546.0 0.000724405948851
304363637.0 0.000729923488024
309272728.0 0.000733024465446
314181819.0 0.00073673509269
319090910.0 0.000745568699731
324000000.0 0.000735272307523
328909091.0 0.000749409552572
333818182.0 0.000750454628459
338727273.0 0.0007464043108
343636364.0 0.000753881335521
348545455.0 0.000748006698226
353454546.0 0.000737262092146
358363637.0 0.000741247677376
363272728.0 0.000747205995095
368181819.0 0.000748414512582
373090910.0 0.000746755289579
378000000.0 0.000739280990562
382909091.0 0.000748042873849
387818182.0 0.000740645010702
392727273.0 0.000722345162696
397636364.0 0.000731527140262
402545455.0 0.000735069620612
407454546.0 0.000716515124761
412363637.0 0.000719637590386
417272728.0 0.000722005363272
422181819.0 0.000716019045128
427090910.0 0.000709947731326
432000000.0 0.000709073105014
436909091.0 0.000706671049795
441818182.0 0.00069951833451
446727273.0 0.000696804147802
451636364.0 0.000699424472475
456545455.0 0.000701743680488
461454546.0 0.000702465179659
466363637.0 0.000695631918125
471272728.0 0.000704761884899
476181819.0 0.000705008006234
481090910.0 0.000704310475653
486000000.0 0.000699775436259
490909091.0 0.000700946854968
495818182.0 0.000704381493068
500727273.0 0.00070578357388
505636364.0 0.000704008981439
510545455.0 0.000708074004144
515454546.0 0.000696926198165
520363637.0 0.000695490110321
525272728.0 0.000702198920484
530181819.0 0.000697951958509
535090910.0 0.000705590839228
540000001.0 0.000705273780483
544909091.0 0.000707053603039
549818182.0 0.000698729059465
554727273.0 0.000700615938
559636364.0 0.000694502742779
564545455.0 0.000701866813061
569454546.0 0.00070666152203
574363637.0 0.000701923034889
579272728.0 0.000696559652213
584181819.0 0.000692168245972
589090910.0 0.000698492222411
594000001.0 0.000694848814574
598909091.0 0.000699407470946
603818182.0 0.000694596907491
608727273.0 0.000693665203443
613636364.0 0.000694848708621
618545455.0 0.000699031915986
623454546.0 0.000703723804774
628363637.0 0.000699836105158
633272728.0 0.000712690327864
638181819.0 0.00069934026279
643090910.0 0.000700174151372
648000001.0 0.000700511975686
652909091.0 0.000695347757697
657818182.0 0.000698949934152
662727273.0 0.00070744070362
667636364.0 0.000718495723959
672545455.0 0.000708742825393
677454546.0 0.000719394033407
682363637.0 0.000715116708127
687272728.0 0.000738553276085
692181819.0 0.000727001240984
697090910.0 0.000750654503009
702000001.0 0.00077325382649
706909091.0 0.000804600763826
711818182.0 0.000826090695086
716727273.0 0.000872421061205
721636364.0 0.000895289341064
726545455.0 0.000966326424858
731454546.0 0.00116097843663
736363637.0 0.00166499485755
741272728.0 0.00288342010436
746181819.0 0.00466399795803
751090910.0 0.00612912073953
756000001.0 0.00716245802961
760909091.0 0.00877298141071
765818182.0 0.0115445875419
770727273.0 0.0163105801567
775636364.0 0.0243577696899
780545455.0 0.0334354394261
785454546.0 0.0342492715932
790363637.0 0.0275695824548
795272728.0 0.0229037456201
800181819.0 0.0212068712692
805090910.0 0.02375469377
810000001.0 0.0309267228856
814909091.0 0.0412489913297
819818182.0 0.0512992279779
824727273.0 0.0563463767955
829636364.0 0.0574456652737
834545455.0 0.0635263548932
839454546.0 0.068912724185
844363637.0 0.0741884886713
849272728.0 0.0813798891316
854181819.0 0.0863766844951
859090910.0 0.0857856249814
864000001.0 0.0841103317771
868909091.0 0.0858238515647
873818182.0 0.093481340991
878727273.0 0.10777069836
883636364.0 0.123522672312
888545455.0 0.127884509424
893454546.0 0.136195979231
898363637.0 0.152521692856
903272728.0 0.18053138276
908181819.0 0.211939714603
913090910.0 0.230090292378
918000001.0 0.242003050478
922909091.0 0.256002421754
927818182.0 0.278834361776
932727273.0 0.304303473774
937636364.0 0.329474864998
942545455.0 0.364745311351
947454546.0 0.407521068389
952363637.0 0.441611001161
957272728.0 0.459898879242
962181819.0 0.45869554446
967090910.0 0.448069554686
972000001.0 0.442644071817
976909091.0 0.442296321438
981818182.0 0.446549890893
986727273.0 0.436544028535
991636364.0 0.427028545188
996545455.0 0.443805379604
1001454546.0 0.458995624012
1006363637.0 0.447268122954
1011272728.0 0.451811442963
1016181819.0 0.462924079361
1021090910.0 0.467271891586
1026000000.0 0.464628197221
1030909091.0 0.425725295476
1035818182.0 0.403525229254
1040727273.0 0.411508927993
1045636364.0 0.383105952824
1050545455.0 0.348120930408
1055454546.0 0.335461197049
1060363637.0 0.327738408197
1065272728.0 0.32205057639
1070181819.0 0.321362544653
1075090910.0 0.308956588021
1080000000.0 0.296645286859
1084909091.0 0.289592084736
1089818182.0 0.285974749465
1094727273.0 0.320930847711
1099636364.0 0.354992409492
1104545455.0 0.336375638926
1109454546.0 0.3058211984
1114363637.0 0.289557421185
1119272728.0 0.289163827231
1124181819.0 0.26640503645
1129090910.0 0.228719197025
1134000000.0 0.216975955521
1138909091.0 0.22640565225
1143818182.0 0.241690958169
1148727273.0 0.254355404429
1153636364.0 0.255128309707
1158545455.0 0.243676620062
1163454546.0 0.23499412147
1168363637.0 0.237159525804
1173272728.0 0.267106841933
1178181819.0 0.30392642115
1183090910.0 0.33463023354
1188000000.0 0.334607758015
1192909091.0 0.326048777684
1197818182.0 0.329040167427
1202727273.0 0.310705324059
1207636364.0 0.284271271165
1212545455.0 0.280276048017
1217454546.0 0.30504311141
1222363637.0 0.342281092434
1227272728.0 0.381530606735
1232181819.0 0.406827512451
1237090910.0 0.421879244398
1242000000.0 0.384988574408
1246909091.0 0.369598065306
1251818182.0 0.388833877659
1256727273.0 0.425168045706
1261636364.0 0.506501252957
1266545455.0 0.522946584266
1271454546.0 0.553100705612
1276363637.0 0.608172964266
1281272728.0 0.635675598222
1286181819.0 0.570645160634
1291090910.0 0.51515046799
1296000000.0 0.505465727818
1300909091.0 0.530870800571
1305818182.0 0.594896325616
1310727273.0 0.667476118274
1315636364.0 0.700625275292
1320545455.0 0.703038896312
1325454546.0 0.633826954627
1330363637.0 0.620794309642
1335272728.0 0.662285886578
1340181819.0 0.674945582064
1345090910.0 0.669941299282
1350000000.0 0.661478114851
1354909091.0 0.736315059592
1359818182.0 0.788695536374
1364727273.0 0.74421510017
1369636364.0 0.702182864489
1374545455.0 0.634048694273
1379454546.0 0.609165115154
1384363637.0 0.596382327542
1389272728.0 0.629802713546
1394181819.0 0.661729094998
1399090910.0 0.70390018691
1404000000.0 0.682746554939
1408909091.0 0.629421682062
1413818182.0 0.664770852109
1418727273.0 0.663554703141
1423636364.0 0.692395573155
1428545455.0 0.789191530504
1433454546.0 0.78922410199
1438363637.0 0.785386682757
1443272728.0 0.748380858473
1448181819.0 0.751779748001
1453090910.0 0.756068812377
1458000000.0 0.722124401866
1462909091.0 0.679836545743
1467818182.0 0.679379915856
1472727273.0 0.708081922097
1477636364.0 0.757785141418
1482545455.0 0.804235762811
1487454546.0 0.799921615488
1492363637.0 0.828204371603
1497272728.0 0.867081180657
1502181819.0 0.879735982599
1507090910.0 0.878710639094
1512000000.0 0.850095305638
1516909091.0 0.844288428556
1521818182.0 0.860645789926
1526727273.0 0.893234684259
1531636364.0 0.947025760434
1536545455.0 0.973154849338
1541454546.0 0.963617781427
1546363637.0 0.929159947
1551272728.0 0.911205765481
1556181819.0 0.883908952491
1561090910.0 0.853054325294
1566000000.0 0.809928271987
1570909091.0 0.780793838038
1575818182.0 0.796481934104
1580727273.0 0.811394660279
1585636364.0 0.818478129802
1590545455.0 0.799063051952
1595454546.0 0.709109994716
1600363637.0 0.633272214483
1605272728.0 0.569558585162
1610181819.0 0.551325447759
1615090910.0 0.551918037813
1620000000.0 0.570626251975
1624909091.0 0.548981858676
1629818182.0 0.516450545302
1634727273.0 0.474288300981
1639636364.0 0.423916844643
1644545455.0 0.381202548393
1649454546.0 0.335801494959
1654363637.0 0.307996178169
1659272728.0 0.293372605721
1664181819.0 0.30771956333
1669090910.0 0.324899603315
1674000000.0 0.334401347621
1678909091.0 0.294695533262
1683818182.0 0.240843515097
1688727273.0 0.210158513167
1693636364.0 0.195185928226
1698545455.0 0.202474844295
1703454546.0 0.220070163029
1708363637.0 0.23490405772
1713272728.0 0.229659659197
1718181819.0 0.2161075955
1723090910.0 0.195177867765
1728000000.0 0.170272008998
1732909091.0 0.145106833171
1737818182.0 0.124269860319
1742727273.0 0.116983694901
1747636364.0 0.117874772567
1752545455.0 0.127367470836
1757454546.0 0.134103277247
1762363637.0 0.121888892274
1767272728.0 0.098303498629
1772181819.0 0.0817188748708
1777090910.0 0.0710688990131
1782000000.0 0.0704729046567
1786909091.0 0.0748370148489
1791818182.0 0.0794691145226
1796727273.0 0.0802808100517
1801636364.0 0.0756768137734
1806545455.0 0.0693241319178
1811454546.0 0.0579941706361
1816363637.0 0.0468908636653
1821272728.0 0.0378302182306
1826181819.0 0.0337451211459
1831090910.0 0.0329420188395
1836000000.0 0.036470497896
1840909091.0 0.0382236649801
1845818182.0 0.0345823656739
1850727273.0 0.0281159705183
1855636364.0 0.0221922421721
1860545455.0 0.0192443885558
1865454546.0 0.0188764776963
1870363637.0 0.0197738726219
1875272728.0 0.0210157961646
1880181819.0 0.0208839188592
1885090910.0 0.0210886694196
1890000000.0 0.0198103573961
1894909091.0 0.0178212309299
1899818182.0 0.0146101792529
1904727273.0 0.0118447242217
1909636364.0 0.01037450455
1914545455.0 0.0101581402182
1919454546.0 0.0108872815013
1924363637.0 0.0114278113701
1929272728.0 0.0107853201441
1934181819.0 0.00894272785222
1939090910.0 0.00743456773483
1944000000.0 0.00685050103384
1948909091.0 0.00630857851036
1953818182.0 0.00668200439796
1958727273.0 0.00719290749981
1963636364.0 0.00735595022796
1968545455.0 0.00720789726539
1973454546.0 0.00695554370445
1978363637.0 0.00654731651324
1983272728.0 0.00621984220298
1988181819.0 0.00531184965258
1993090910.0 0.00473195345895
1998000000.0 0.00456921660556
2002909091.0 0.00463905863403
2007818182.0 0.00497427185598
2012727273.0 0.00492454281413
2017636364.0 0.00446488613066
2022545455.0 0.00390734450129
2027454546.0 0.0034983491727
2032363637.0 0.00339858027692
2037272728.0 0.00344615603055
2042181819.0 0.00347673058544
2047090910.0 0.00346538722364
2052000001.0 0.00346486964642
2056909091.0 0.00333823253284
2061818182.0 0.00314623120375
2066727273.0 0.00298427696895
2071636364.0 0.00266828159671
2076545455.0 0.00240568812838
2081454546.0 0.0023008991208
2086363637.0 0.0022460458326
2091272728.0 0.00223728014585
2096181819.0 0.00217125676205
2101090910.0 0.00207070391235
2106000001.0 0.00197782351281
2110909091.0 0.00191801170761
2115818182.0 0.0018864036919
2120727273.0 0.00186369470495
2125636364.0 0.00191186488631
2130545455.0 0.00187629743257
2135454546.0 0.00188330151871
2140363637.0 0.00192584832742
2145272728.0 0.00191539952431
2150181819.0 0.00191527182496
2155090910.0 0.00181932120064
2160000001.0 0.00175697327976
2164909091.0 0.00166925178561
2169818182.0 0.00170134190174
2174727273.0 0.00170840314798
2179636364.0 0.00169029161545
2184545455.0 0.00165198949672
2189454546.0 0.00162089398509
2194363637.0 0.00163313419918
2199272728.0 0.00165540388547
2204181819.0 0.00165049990634
2209090910.0 0.00166197324534
2214000001.0 0.00169647730503
2218909091.0 0.00172144716214
2223818182.0 0.0016893558093
2228727273.0 0.00172535062711
2233636364.0 0.00172937021499
2238545455.0 0.00174295627412
2243454546.0 0.00170189058917
2248363637.0 0.00165961386323
2253272728.0 0.00168024374458
2258181819.0 0.00169366753076
2263090910.0 0.00169344607899
2268000001.0 0.00166727175474
2272909091.0 0.0016558847732
2277818182.0 0.00166473262503
2282727273.0 0.00165419707038
2287636364.0 0.00164655430836
2292545455.0 0.00166987435887
2297454546.0 0.00165744898648
2302363637.0 0.00166137813213
2307272728.0 0.00167439800533
2312181819.0 0.00167697280309
2317090910.0 0.00171338706975
2322000001.0 0.00170804240313
2326909091.0 0.00172157240851
2331818182.0 0.00168645963945
2336727273.0 0.00169484683299
2341636364.0 0.00173675828673
2346545455.0 0.00176923940546
2351454546.0 0.00175432720275
2356363637.0 0.00174654879083
2361272728.0 0.00176691294672
2366181819.0 0.00178671169342
2371090910.0 0.00180110870441
2376000001.0 0.00183634325226
2380909091.0 0.00185125424173
2385818182.0 0.00186152687194
2390727273.0 0.00188257635869
2395636364.0 0.00189157918956
2400545455.0 0.00191728591654
2405454546.0 0.00193232363771
2410363637.0 0.0019252801492
2415272728.0 0.00191734453791
2420181819.0 0.00192882673541
2425090910.0 0.00192791175145
2430000001.0 0.00192650204891
2434909091.0 0.0019353965994
2439818182.0 0.00193953389965
2444727273.0 0.00194000568423
2449636364.0 0.00191781807863
2454545455.0 0.00191693524666
2459454546.0 0.00190711813242
2464363637.0 0.00189664737785
2469272728.0 0.00189953865774
2474181819.0 0.00186844781215
2479090910.0 0.00186033948827
2484000001.0 0.00185142171268
2488909091.0 0.0018201819868
2493818182.0 0.00180232667161
2498727273.0 0.00175568359711
2503636364.0 0.00172133439601
2508545455.0 0.00173155728511
2513454546.0 0.00169904327993
2518363637.0 0.00167858472191
2523272728.0 0.0016495898032
2528181819.0 0.00164381724312
2533090910.0 0.00160506481684
2538000001.0 0.0015610128933
2542909091.0 0.00157519153399
2547818182.0 0.00153103775733
2552727273.0 0.00151571417318
2557636364.0 0.00150937199106
2562545455.0 0.00150045150455
2567454546.0 0.00150206716578
2572363637.0 0.00146318067167
2577272728.0 0.0014582562318
2582181819.0 0.00145711811007
2587090910.0 0.00144180833228
2592000001.0 0.00142157067897
2596909091.0 0.00141337682655
2601818182.0 0.00143733551044
2606727273.0 0.00141480221092
2611636364.0 0.00144380191102
2616545455.0 0.001428681656
2621454546.0 0.00145062524351
2626363637.0 0.00144367994748
2631272728.0 0.00143331916274
2636181819.0 0.00143819622596
2641090910.0 0.00145370533248
2646000001.0 0.00145487247804
2650909091.0 0.00147800934115
2655818182.0 0.00150409194195
2660727273.0 0.00148457101697
2665636364.0 0.00148712424602
2670545455.0 0.0014826725155
2675454546.0 0.00149391689689
2680363637.0 0.0015105506116
2685272728.0 0.00151383679994
2690181819.0 0.00149913432616
2695090910.0 0.00152717257009
2700000001.0 0.00152724068588
