3.0000491497100166 12.493459639465314
3.1006042827505214 37.1758404169275
3.200993858873075 53.50311540179456
3.3021439620874657 58.211657621395474
3.4013047954596014 62.52838180184561
3.5005432336370266 70.76156182257472
3.601602797911913 70.90090556185017
3.702657188533114 70.77915224510701
3.801709375177844 69.6128382491666
3.9027741131064166 70.01327904446066
4.001865102153792 70.80519296865972
4.10188605545122 68.52930271220171
4.201852685384946 63.511893367548424
4.301807674597877 57.907015646853296
4.4015608913170565 42.11935274143286
4.502286754929198 25.417936367508766
4.601424306859747 28.55972379587522
