SDId: 34894752
energy: 2.2012e+17
zenith: 0.482379
azimuth: 2.42766
GPSSeconc: 1127682310
stid: 342
spdistance: 560.75
radio trace:
476 451 466 514 517 542 518 479 455 515 520 511 491 523 519 492 466 463 464 466 463 476 491 548 519 509 513 518 547 515 459 459 460 468 472 497 487 503 459 463 491 501 485 531 521 493 471 451 456 510 538 524 507 492 514 556 554 511 495 506 519 496 479 498 500 485 445 475 496 516 527 533 514 489 485 495 491 506 493 496 497 468 489 486 459 475 508 500 503 510 512 512 522 567 552 485 498 487 477 471 463 502 521 485 457 485 535 503 514 524 523 520 505 503 503 517 494 493 534 487 487 495 474 484 492 486 485 494 507 492 463 474 482 513 515 516 528 506 487 491 497 505 512 507 497 490 515 533 521 508 501 483 486 491 493 503 514 491 471 501 489 503 512 510 531 542 519 509 511 514 521 508 530 523 519 518 540 543 528 538 546 538 522 522 514 491 516 524 519 501 508 516 501 517 512 505 516 497 474 509 526 508 489 500 500 482 509 515 538 546 534 535 481 466 466 486 530 476 457 457 494 509 521 525 494 512 488 532 508 501 489 492 478 485 506 489 516 530 531 535 527 531 518 503 486 475 491 505 507 471 484 455 463 458 500 505 528 540 522 499 478 492 516 520 543 527 524 498 486 489 483 485 455 445 470 488 487 486 505 537 492 511 478 480 448 482 489 488 439 465 507 507 481 501 505 503 483 466 472 459 441 451 467 497 540 490 487 501 520 536 509 525 504 494 487 487 480 455 481 467 474 503 485 507 461 513 541 512 487 505 525 502 486 516 502 503 495 525 515 504 444 448 473 489 468 442 440 447 463 486 484 497 475 503 485 496 485 489 493 501 485 514 517 500 492 520 508 521 527 546 558 560 511 510 504 515 507 543 527 498 492 538 495 514 492 474 518 519 500 460 475 495 456 456 465 479 494 474 486 493 531 532 516 495 489 520 517 491 486 500 534 486 474 510 489 492 497 514 512 509 516 484 493 448 465 473 466 489 509 527 543 493 495 505 469 470 465 494 491 498 491 508 509 536 536 490 499 530 519 519 499 486 497 512 533 475 474 501 495 485 507 509 469 470 506 527 480 445 465 500 502 479 474 491 480 513 514 477 471 477 557 539 522 516 481 497 486 482 506 501 469 482 478 479 472 470 519 497 492 476 510 490 518 511 513 500 505 501 480 515 495 500 526 536 523 481 501 461 519 497 455 454 469 472 493 449 488 498 478 489 474 477 506 509 512 482 452 466 472 469 476 498 493 478 503 478 469 472 480 508 485 473 527 515 512 490 478 490 504 492 481 484 509 538 544 520 507 491 476 482 521 513 509 498 498 505 477 497 507 518 492 507 539 515 496 498 506 500 517 507 511 480 477 515 473 463 492 528 509 494 497 489 499 496 497 479 497 504 514 518 479 529 536 521 532 519 508 496 491 483 489 489 488 500 527 533 499 479 505 490 475 452 440 490 500 498 486 519 538 518 499 500 509 495 497 503 513 480 481 511 546 504 519 518 504 512 495 517 488 497 483 501 507 522 508 475 489 495 516 535 536 501 479 475 511 488 503 494 489 452 468 469 454 444 472 479 428 445 476 465 448 486 477 505 524 495 507 478 475 459 457 469 478 482 479 487 492 502 524 549 492 502 532 500 520 549 556 545 560 529 507 485 500 514 524 491 514 528 532 529 486 469 474 494 476 516 527 533 529 527 491 529 505 523 553 539 537 497 484 452 449 477 499 503 500 476 476 498 457 491 483 476 483 492 509 496 476 437 
vem trace:

stid: 333
spdistance: 809.422
radio trace:
477 467 462 476 469 474 517 529 506 528 509 494 470 491 482 501 503 513 508 476 479 503 473 494 498 507 492 492 507 500 493 455 495 501 491 485 468 494 520 521 495 487 502 489 478 466 439 458 472 444 424 443 471 456 473 508 485 507 505 532 535 503 491 515 496 454 436 431 458 492 499 493 471 487 469 477 435 462 479 486 503 473 485 461 459 453 466 461 481 470 462 462 500 516 493 515 513 451 415 457 488 487 507 508 523 505 475 483 496 502 534 522 504 484 490 492 477 431 443 502 496 484 478 501 532 527 493 513 532 526 472 443 460 474 435 462 482 521 501 489 475 452 450 466 465 500 459 454 470 471 449 455 454 457 529 511 471 464 462 459 485 489 461 471 504 524 518 476 444 441 476 485 455 478 500 515 504 498 482 449 485 494 537 527 511 459 442 463 459 487 480 503 516 483 479 477 463 473 510 532 543 535 505 491 479 452 463 477 430 458 509 517 491 495 479 500 512 529 525 493 501 477 469 491 511 501 480 503 488 501 476 467 494 476 501 468 449 477 496 502 505 453 439 450 484 485 469 454 453 474 467 501 526 516 517 517 498 481 470 488 507 473 450 486 473 451 476 476 504 511 507 506 479 473 467 454 489 530 504 481 434 489 476 470 482 497 484 483 489 504 455 467 503 499 506 482 453 497 474 503 488 455 490 505 473 447 440 450 411 435 475 509 457 462 485 506 505 510 518 509 507 521 451 467 509 518 492 468 439 460 485 454 479 477 481 490 470 460 458 477 474 464 479 463 488 496 509 519 501 497 494 478 494 489 504 549 507 481 450 445 490 483 506 505 500 474 444 477 517 510 508 502 497 479 493 502 481 473 501 523 496 471 486 470 468 452 475 487 475 519 492 462 441 460 505 494 506 529 507 481 469 489 492 494 522 468 464 508 502 505 486 461 466 449 496 506 518 486 427 441 456 457 526 511 481 458 417 450 500 499 495 469 489 504 515 538 463 465 475 432 460 472 465 475 497 480 453 492 501 525 558 537 477 469 437 471 503 486 484 486 466 485 466 474 459 463 496 473 476 466 500 487 445 466 469 471 501 487 520 477 512 508 495 482 462 485 471 445 474 481 461 494 500 492 507 502 465 427 437 444 504 516 513 468 459 479 507 507 487 492 446 463 431 444 452 451 424 432 435 449 510 506 495 486 494 485 476 476 500 460 473 469 471 462 446 473 501 493 499 466 477 488 489 464 473 467 470 484 474 503 471 480 486 517 493 488 483 500 485 446 501 518 471 448 459 475 487 472 474 463 458 454 474 489 500 481 442 466 486 483 472 485 450 472 461 472 492 510 450 457 481 481 474 473 502 486 507 499 490 478 500 537 518 485 467 450 485 521 448 473 467 478 514 482 473 440 415 478 524 508 496 491 483 484 468 497 486 483 461 459 496 497 488 484 459 454 452 449 429 413 477 484 487 507 448 472 493 490 469 459 474 487 484 460 485 519 520 480 447 451 463 437 470 483 467 483 512 517 506 493 480 538 504 467 436 460 429 414 429 497 475 469 450 454 480 465 475 466 463 442 464 445 433 485 477 499 517 521 531 494 479 506 521 534 508 513 506 489 494 517 499 464 486 506 538 523 495 462 441 444 493 527 526 483 489 525 544 504 493 495 492 472 500 504 496 515 529 488 453 502 483 467 492 448 490 503 502 485 472 496 506 473 487 470 475 503 520 494 508 493 470 472 486 472 486 483 523 515 
vem trace:

stid: 332
spdistance: 1407.26
radio trace:
556 558 555 545 519 527 567 587 552 562 562 553 526 554 546 543 522 520 550 587 585 562 565 604 557 532 551 576 558 555 534 521 497 521 491 540 591 578 561 540 534 526 510 488 479 535 541 549 521 539 538 535 540 541 550 536 536 546 552 526 535 529 516 553 561 575 601 595 554 564 567 562 548 539 565 555 535 528 565 580 545 537 572 567 577 597 569 587 555 552 484 489 543 505 522 527 509 540 569 547 541 549 565 556 549 575 550 531 572 577 554 539 531 530 575 583 572 534 529 540 517 545 550 559 590 576 570 555 568 577 538 574 547 533 544 574 547 539 535 534 541 522 563 547 535 556 562 555 572 571 566 530 510 544 599 565 568 541 573 578 558 553 547 569 577 566 526 499 514 517 521 547 529 505 544 574 564 547 554 573 579 564 522 538 549 534 548 523 567 547 562 553 564 576 570 572 575 552 538 538 539 552 532 560 537 560 566 605 598 541 581 587 591 586 591 535 586 580 572 559 574 569 581 575 571 553 527 526 533 554 554 557 533 543 541 562 567 540 541 535 562 546 547 554 556 572 590 554 538 551 529 517 532 565 562 576 563 540 550 548 545 549 558 568 574 553 560 548 594 586 594 575 585 573 574 583 552 535 541 564 576 594 558 557 575 575 547 539 527 582 612 599 604 603 550 523 527 545 539 535 503 524 548 519 525 537 567 568 570 558 538 575 581 555 541 528 471 506 553 541 501 509 516 545 571 555 563 569 555 547 555 506 520 578 572 528 532 550 580 623 589 542 547 535 511 507 522 558 548 561 570 585 561 547 582 547 542 573 549 534 547 541 557 547 540 561 565 547 550 557 550 554 578 591 570 546 563 611 584 564 529 547 528 517 503 516 549 559 556 543 545 578 533 537 500 517 522 536 527 560 553 501 519 555 543 532 511 522 526 549 557 556 551 527 552 568 563 553 556 594 577 533 512 538 549 522 534 529 567 572 549 559 528 540 540 537 579 568 560 555 573 560 562 548 554 567 543 558 543 550 548 552 542 573 604 581 587 586 581 542 557 554 551 542 514 552 566 546 559 549 551 551 570 561 569 598 593 561 546 552 555 529 534 517 544 550 552 545 562 514 513 568 587 593 584 550 541 569 540 561 564 567 565 552 552 530 587 579 567 549 552 552 582 570 552 523 559 562 552 569 541 539 575 590 566 555 571 584 585 575 554 576 559 553 558 572 576 549 541 555 531 527 501 527 577 563 548 554 541 533 502 493 515 552 573 561 566 535 535 570 558 544 571 556 567 580 602 602 585 556 566 572 611 587 556 577 572 605 577 552 521 509 521 524 575 575 572 554 582 564 563 537 516 487 490 572 604 597 603 628 588 569 575 544 547 562 558 547 514 530 511 555 560 516 513 555 573 545 539 555 580 575 570 588 597 583 569 537 560 546 564 606 590 581 570 572 598 610 572 542 538 571 520 524 540 589 578 568 556 560 578 605 578 549 545 559 534 530 549 542 574 573 577 560 541 547 548 556 539 574 545 540 531 547 516 510 559 549 567 574 551 574 571 562 568 599 570 523 534 525 499 521 550 534 531 547 553 537 505 527 578 550 524 547 538 538 522 541 543 532 524 533 560 546 563 557 559 518 555 552 527 535 533 526 555 555 567 556 602 576 560 519 533 527 507 542 558 550 513 510 571 555 550 565 566 538 523 547 557 575 563 565 596 579 545 543 547 529 545 555 523 574 578 568 545 530 559 573 
vem trace:

