SDId: 34587621
energy: 2.12644e+17
zenith: 0.620669
azimuth: 3.57577
GPSSeconc: 1125920346
stid: 341
spdistance: 5870.28
radio trace:
538 510 513 491 506 528 530 504 513 474 471 515 539 515 515 502 552 534 514 472 503 483 482 492 475 445 486 502 517 536 502 488 465 495 470 526 531 493 523 539 510 509 537 546 509 504 535 501 478 472 494 499 483 499 499 510 529 514 516 463 482 490 548 573 539 537 537 515 490 485 530 504 455 467 479 503 473 497 513 475 491 498 514 538 524 515 532 524 496 483 495 453 459 489 514 514 472 458 447 452 459 485 513 471 469 500 519 477 484 488 488 496 570 580 566 524 518 537 568 498 502 546 555 542 539 524 527 535 514 459 487 496 495 472 477 491 475 494 478 500 522 545 516 488 515 495 477 484 507 500 482 519 505 492 487 484 458 461 468 496 517 525 498 495 500 478 489 481 497 450 439 456 498 509 532 555 489 484 484 473 497 515 509 555 453 478 486 481 499 507 491 520 526 529 522 467 492 510 498 436 448 508 517 473 451 490 470 501 491 494 486 493 470 450 439 460 471 479 464 487 495 504 478 490 479 471 474 463 459 477 469 478 466 474 489 507 487 496 501 487 454 460 457 510 481 507 495 478 487 484 509 532 536 491 497 501 496 496 504 523 534 509 474 481 488 496 513 501 503 520 517 536 524 537 537 552 496 467 454 472 460 469 471 490 500 502 492 477 490 461 453 449 456 484 455 466 502 512 498 492 493 500 506 527 544 559 581 555 542 550 522 547 507 495 490 518 480 496 524 493 486 534 514 487 521 519 520 507 529 541 558 542 490 467 471 479 502 517 467 456 469 521 551 528 523 522 507 479 476 477 478 464 499 457 465 475 493 510 458 477 492 481 501 499 485 518 506 507 470 483 495 546 531 527 469 463 474 447 485 519 535 498 477 475 468 452 499 496 497 494 484 479 506 486 516 535 524 484 503 494 454 471 478 456 479 488 463 493 538 526 488 483 499 501 504 475 472 459 509 551 539 464 502 501 497 487 449 438 452 502 475 452 488 487 505 543 523 496 543 541 552 523 539 512 530 551 522 503 460 429 467 493 474 511 507 521 518 540 543 504 483 499 511 538 532 553 512 462 427 480 472 456 452 455 476 516 515 530 519 505 483 497 511 511 484 479 514 530 531 524 524 558 569 503 477 481 457 475 530 501 496 527 524 501 528 520 520 518 520 523 494 514 550 530 488 487 491 506 512 539 531 550 539 532 589 560 486 495 491 465 497 507 494 471 475 476 459 500 509 467 490 502 523 490 483 529 522 532 490 462 480 504 522 520 510 500 495 501 509 527 525 475 457 494 483 479 483 470 480 483 506 480 466 449 497 504 523 502 502 537 508 498 494 477 495 512 480 464 447 463 511 502 508 477 475 487 500 500 477 509 550 551 510 499 518 506 524 486 516 512 508 554 573 535 508 495 455 466 488 489 470 465 472 442 438 462 484 511 507 511 530 521 543 504 554 526 501 512 545 535 490 465 497 533 510 503 467 482 486 484 484 528 541 510 573 565 501 537 532 517 507 507 515 509 492 476 504 541 487 483 478 487 516 532 535 510 444 484 493 497 519 525 505 485 482 514 495 516 513 505 511 523 514 477 484 524 502 510 512 520 505 500 499 463 498 514 491 490 477 506 461 461 504 516 511 518 495 496 527 507 498 493 516 530 556 538 528 527 522 523 494 465 475 499 456 460 512 494 476 472 463 506 559 497 490 551 558 567 515 502 491 510 516 520 459 455 497 508 504 474 484 503 483 496 501 513 502 514 
vem trace:

stid: 341
spdistance: 5870.28
radio trace:
538 510 513 491 506 528 530 504 513 474 471 515 539 515 515 502 552 534 514 472 503 483 482 492 475 445 486 502 517 536 502 488 465 495 470 526 531 493 523 539 510 509 537 546 509 504 535 501 478 472 494 499 483 499 499 510 529 514 516 463 482 490 548 573 539 537 537 515 490 485 530 504 455 467 479 503 473 497 513 475 491 498 514 538 524 515 532 524 496 483 495 453 459 489 514 514 472 458 447 452 459 485 513 471 469 500 519 477 484 488 488 496 570 580 566 524 518 537 568 498 502 546 555 542 539 524 527 535 514 459 487 496 495 472 477 491 475 494 478 500 522 545 516 488 515 495 477 484 507 500 482 519 505 492 487 484 458 461 468 496 517 525 498 495 500 478 489 481 497 450 439 456 498 509 532 555 489 484 484 473 497 515 509 555 453 478 486 481 499 507 491 520 526 529 522 467 492 510 498 436 448 508 517 473 451 490 470 501 491 494 486 493 470 450 439 460 471 479 464 487 495 504 478 490 479 471 474 463 459 477 469 478 466 474 489 507 487 496 501 487 454 460 457 510 481 507 495 478 487 484 509 532 536 491 497 501 496 496 504 523 534 509 474 481 488 496 513 501 503 520 517 536 524 537 537 552 496 467 454 472 460 469 471 490 500 502 492 477 490 461 453 449 456 484 455 466 502 512 498 492 493 500 506 527 544 559 581 555 542 550 522 547 507 495 490 518 480 496 524 493 486 534 514 487 521 519 520 507 529 541 558 542 490 467 471 479 502 517 467 456 469 521 551 528 523 522 507 479 476 477 478 464 499 457 465 475 493 510 458 477 492 481 501 499 485 518 506 507 470 483 495 546 531 527 469 463 474 447 485 519 535 498 477 475 468 452 499 496 497 494 484 479 506 486 516 535 524 484 503 494 454 471 478 456 479 488 463 493 538 526 488 483 499 501 504 475 472 459 509 551 539 464 502 501 497 487 449 438 452 502 475 452 488 487 505 543 523 496 543 541 552 523 539 512 530 551 522 503 460 429 467 493 474 511 507 521 518 540 543 504 483 499 511 538 532 553 512 462 427 480 472 456 452 455 476 516 515 530 519 505 483 497 511 511 484 479 514 530 531 524 524 558 569 503 477 481 457 475 530 501 496 527 524 501 528 520 520 518 520 523 494 514 550 530 488 487 491 506 512 539 531 550 539 532 589 560 486 495 491 465 497 507 494 471 475 476 459 500 509 467 490 502 523 490 483 529 522 532 490 462 480 504 522 520 510 500 495 501 509 527 525 475 457 494 483 479 483 470 480 483 506 480 466 449 497 504 523 502 502 537 508 498 494 477 495 512 480 464 447 463 511 502 508 477 475 487 500 500 477 509 550 551 510 499 518 506 524 486 516 512 508 554 573 535 508 495 455 466 488 489 470 465 472 442 438 462 484 511 507 511 530 521 543 504 554 526 501 512 545 535 490 465 497 533 510 503 467 482 486 484 484 528 541 510 573 565 501 537 532 517 507 507 515 509 492 476 504 541 487 483 478 487 516 532 535 510 444 484 493 497 519 525 505 485 482 514 495 516 513 505 511 523 514 477 484 524 502 510 512 520 505 500 499 463 498 514 491 490 477 506 461 461 504 516 511 518 495 496 527 507 498 493 516 530 556 538 528 527 522 523 494 465 475 499 456 460 512 494 476 472 463 506 559 497 490 551 558 567 515 502 491 510 516 520 459 455 497 508 504 474 484 503 483 496 501 513 502 514 
vem trace:

