SDId: 34809846
energy: 1.85127e+18
zenith: 0.380415
azimuth: 3.55634
GPSSeconc: 1127147904
stid: 341
spdistance: 948.341
radio trace:
501 487 501 469 527 530 534 488 482 539 504 496 485 476 506 488 480 504 525 531 541 527 521 530 550 572 542 502 513 517 518 499 493 450 470 500 525 554 553 498 468 507 515 481 464 484 479 480 523 498 487 503 536 547 536 504 490 475 459 442 450 498 474 496 512 522 525 522 542 534 529 517 505 466 463 452 461 441 445 466 442 417 446 485 490 491 473 424 456 502 494 517 526 523 505 506 509 500 504 487 463 480 490 467 440 448 447 468 498 502 467 470 484 499 488 504 506 540 581 512 475 495 497 529 517 518 509 497 520 528 498 491 523 526 535 537 511 514 508 480 488 484 501 489 516 545 555 530 507 529 500 524 530 504 476 504 524 527 527 555 562 551 538 517 525 543 565 531 539 523 469 446 461 503 473 457 455 440 494 492 467 511 513 519 511 473 450 482 515 476 476 564 557 546 524 472 474 480 452 430 461 478 508 527 505 450 483 482 449 446 504 508 490 474 455 482 473 498 525 507 493 506 490 500 529 497 487 439 453 484 467 520 494 498 527 524 499 519 537 551 544 503 479 501 504 561 581 536 484 501 511 492 481 500 515 473 476 432 440 485 456 517 537 524 504 486 495 536 545 479 496 541 530 520 505 518 514 477 528 526 508 545 542 511 496 504 517 533 534 493 468 506 536 550 556 542 513 500 502 481 506 523 525 485 484 508 516 462 461 509 491 502 493 464 468 469 485 502 495 476 495 532 554 547 557 585 561 517 502 508 507 506 472 470 502 491 477 472 473 488 508 478 473 501 461 501 475 486 431 433 484 480 442 471 506 479 507 475 442 463 492 497 479 476 462 490 500 490 515 507 482 483 496 471 441 472 525 504 475 496 459 494 522 509 501 507 533 490 462 441 460 462 466 484 516 519 493 541 550 506 488 504 556 522 448 452 486 437 470 469 472 474 500 549 558 529 544 527 520 488 492 509 526 520 512 515 503 465 465 485 461 448 433 469 433 455 493 502 459 495 537 534 539 501 520 501 510 496 499 500 533 509 504 515 507 533 523 507 489 488 447 462 531 502 472 480 476 448 435 443 450 476 487 490 491 498 498 530 570 527 520 505 513 510 500 479 461 450 489 523 494 455 490 520 507 524 525 502 481 484 489 496 494 478 477 517 499 479 505 502 493 495 503 487 497 488 543 525 508 521 476 501 524 577 559 524 514 541 572 566 523 507 538 528 513 500 511 484 461 467 496 507 479 470 512 537 542 543 497 524 527 521 527 551 492 500 480 474 486 491 500 470 512 517 486 492 485 474 510 494 485 479 479 441 456 490 525 511 479 468 469 478 505 546 516 499 488 485 477 449 488 477 474 490 487 498 471 475 438 440 483 521 519 548 502 501 510 509 517 503 516 513 544 552 526 516 507 500 502 483 490 490 534 541 505 522 522 498 520 498 465 456 464 466 503 500 456 469 469 481 501 470 459 498 522 529 520 533 488 470 470 527 574 552 533 552 544 554 507 436 469 498 477 475 507 506 507 495 508 537 502 493 493 527 500 485 500 479 458 441 438 479 496 512 485 515 499 502 494 521 499 510 496 473 495 464 491 502 509 520 504 566 545 533 544 517 507 476 477 514 495 489 480 510 529 532 532 557 533 519 544 513 486 513 529 501 487 485 493 488 493 467 490 519 499 490 491 487 484 506 509 478 490 474 454 501 518 505 484 487 512 524 479 469 477 464 511 525 499 486 524 543 552 557 552 573 542 511 
vem trace:

stid: 341
spdistance: 948.341
radio trace:
501 487 501 469 527 530 534 488 482 539 504 496 485 476 506 488 480 504 525 531 541 527 521 530 550 572 542 502 513 517 518 499 493 450 470 500 525 554 553 498 468 507 515 481 464 484 479 480 523 498 487 503 536 547 536 504 490 475 459 442 450 498 474 496 512 522 525 522 542 534 529 517 505 466 463 452 461 441 445 466 442 417 446 485 490 491 473 424 456 502 494 517 526 523 505 506 509 500 504 487 463 480 490 467 440 448 447 468 498 502 467 470 484 499 488 504 506 540 581 512 475 495 497 529 517 518 509 497 520 528 498 491 523 526 535 537 511 514 508 480 488 484 501 489 516 545 555 530 507 529 500 524 530 504 476 504 524 527 527 555 562 551 538 517 525 543 565 531 539 523 469 446 461 503 473 457 455 440 494 492 467 511 513 519 511 473 450 482 515 476 476 564 557 546 524 472 474 480 452 430 461 478 508 527 505 450 483 482 449 446 504 508 490 474 455 482 473 498 525 507 493 506 490 500 529 497 487 439 453 484 467 520 494 498 527 524 499 519 537 551 544 503 479 501 504 561 581 536 484 501 511 492 481 500 515 473 476 432 440 485 456 517 537 524 504 486 495 536 545 479 496 541 530 520 505 518 514 477 528 526 508 545 542 511 496 504 517 533 534 493 468 506 536 550 556 542 513 500 502 481 506 523 525 485 484 508 516 462 461 509 491 502 493 464 468 469 485 502 495 476 495 532 554 547 557 585 561 517 502 508 507 506 472 470 502 491 477 472 473 488 508 478 473 501 461 501 475 486 431 433 484 480 442 471 506 479 507 475 442 463 492 497 479 476 462 490 500 490 515 507 482 483 496 471 441 472 525 504 475 496 459 494 522 509 501 507 533 490 462 441 460 462 466 484 516 519 493 541 550 506 488 504 556 522 448 452 486 437 470 469 472 474 500 549 558 529 544 527 520 488 492 509 526 520 512 515 503 465 465 485 461 448 433 469 433 455 493 502 459 495 537 534 539 501 520 501 510 496 499 500 533 509 504 515 507 533 523 507 489 488 447 462 531 502 472 480 476 448 435 443 450 476 487 490 491 498 498 530 570 527 520 505 513 510 500 479 461 450 489 523 494 455 490 520 507 524 525 502 481 484 489 496 494 478 477 517 499 479 505 502 493 495 503 487 497 488 543 525 508 521 476 501 524 577 559 524 514 541 572 566 523 507 538 528 513 500 511 484 461 467 496 507 479 470 512 537 542 543 497 524 527 521 527 551 492 500 480 474 486 491 500 470 512 517 486 492 485 474 510 494 485 479 479 441 456 490 525 511 479 468 469 478 505 546 516 499 488 485 477 449 488 477 474 490 487 498 471 475 438 440 483 521 519 548 502 501 510 509 517 503 516 513 544 552 526 516 507 500 502 483 490 490 534 541 505 522 522 498 520 498 465 456 464 466 503 500 456 469 469 481 501 470 459 498 522 529 520 533 488 470 470 527 574 552 533 552 544 554 507 436 469 498 477 475 507 506 507 495 508 537 502 493 493 527 500 485 500 479 458 441 438 479 496 512 485 515 499 502 494 521 499 510 496 473 495 464 491 502 509 520 504 566 545 533 544 517 507 476 477 514 495 489 480 510 529 532 532 557 533 519 544 513 486 513 529 501 487 485 493 488 493 467 490 519 499 490 491 487 484 506 509 478 490 474 454 501 518 505 484 487 512 524 479 469 477 464 511 525 499 486 524 543 552 557 552 573 542 511 
vem trace:

stid: 342
spdistance: 2104.58
radio trace:
453 466 470 455 433 429 441 433 444 458 447 463 474 452 458 430 395 396 412 410 418 427 451 440 471 482 440 428 439 417 425 427 456 441 455 454 451 445 458 441 415 400 419 446 453 424 434 429 423 440 427 416 438 418 419 436 420 440 469 428 429 450 434 428 460 460 436 431 467 443 457 456 443 432 408 401 420 447 454 432 453 453 426 431 418 400 398 403 420 454 460 474 465 461 437 400 401 405 432 444 440 460 416 425 431 419 407 411 412 420 410 397 427 440 419 432 457 426 436 439 454 464 484 473 452 449 435 451 456 428 398 409 401 410 462 482 474 462 459 418 458 475 452 456 432 414 437 439 428 429 432 430 417 449 440 428 415 444 466 469 471 410 410 425 420 407 423 424 442 457 480 428 415 385 391 400 401 438 453 422 404 423 422 430 423 461 458 450 451 457 465 450 445 453 459 470 437 455 434 459 479 465 421 434 445 430 447 489 443 400 402 432 446 459 472 462 479 457 433 450 425 416 436 434 413 401 408 443 472 444 404 396 443 445 463 488 449 448 441 445 436 421 419 422 417 424 424 383 380 446 494 478 438 403 449 456 473 447 419 403 417 432 426 392 420 385 373 400 429 470 492 463 443 445 469 466 463 446 460 447 439 440 429 434 439 425 414 417 411 393 390 412 428 447 444 430 415 413 404 418 453 434 453 458 473 452 465 455 439 459 431 421 423 438 465 467 421 424 448 436 434 460 434 467 478 449 413 411 399 417 443 424 435 439 437 436 479 443 419 444 445 432 415 424 412 429 406 360 365 402 419 417 416 448 419 408 404 422 443 425 440 414 379 403 458 452 472 458 452 454 478 445 439 442 442 407 407 398 436 443 463 458 457 420 409 419 451 461 457 424 413 389 394 415 390 402 428 439 455 435 450 441 405 371 386 407 411 454 436 439 433 412 421 404 425 425 458 455 423 417 403 434 408 426 450 459 453 459 441 458 434 423 417 432 447 455 465 458 454 462 467 437 445 465 467 470 468 473 451 437 453 415 407 428 425 425 461 462 448 451 453 459 473 441 417 422 407 403 439 473 463 467 477 462 473 451 445 444 439 403 411 424 433 437 430 432 470 448 435 410 400 416 400 406 427 441 433 440 443 442 433 428 415 421 424 429 445 469 460 440 422 427 431 418 392 423 429 447 442 457 472 431 432 451 438 440 436 454 453 441 437 452 467 469 458 405 416 434 451 450 454 441 463 467 449 432 435 468 454 427 461 474 442 437 437 428 418 432 454 456 430 458 448 474 474 454 442 436 446 436 466 488 484 474 465 492 471 458 416 425 428 428 462 444 442 455 440 445 413 403 438 467 468 472 459 428 415 456 447 406 435 474 505 494 479 471 448 452 456 430 448 439 406 459 450 438 454 484 469 455 479 467 481 444 424 463 470 460 469 433 441 442 458 439 430 453 444 412 379 392 388 406 436 440 488 444 447 450 476 486 456 400 410 439 417 424 429 434 417 406 386 400 455 417 407 430 427 393 430 404 404 409 412 414 456 456 447 483 469 456 451 454 496 468 454 450 432 428 463 452 455 467 453 449 440 467 481 460 472 476 446 435 411 409 423 431 430 438 426 432 432 432 472 451 447 456 433 432 419 411 420 410 391 421 437 445 431 440 473 471 456 424 442 429 428 453 435 422 408 420 439 424 415 429 456 454 449 427 414 444 441 448 448 421 398 402 449 440 428 430 436 419 418 414 440 466 451 437 
vem trace:

