SDId: 34830196
energy: 1.60141e+17
zenith: 0.725593
azimuth: 1.82098
GPSSeconc: 1127274974
stid: 341
spdistance: 5752.17
radio trace:
470 492 490 461 465 495 501 504 544 527 554 504 498 524 520 487 521 517 474 467 467 448 437 421 433 475 479 497 540 490 505 498 459 458 471 486 478 462 466 512 467 494 503 491 476 478 437 471 493 512 501 514 516 506 517 503 511 508 482 427 428 423 488 503 551 516 479 464 485 479 501 483 498 484 462 477 481 472 440 441 454 450 449 486 517 485 518 510 543 587 536 505 480 484 493 478 479 483 479 466 483 504 471 475 486 517 500 481 484 496 521 527 511 538 547 518 493 457 476 497 465 507 491 480 498 511 535 530 532 502 482 483 456 450 462 441 446 520 547 511 518 545 536 513 482 473 522 530 541 502 453 465 461 489 506 488 447 453 463 467 485 504 480 460 490 495 445 435 435 455 496 476 520 559 547 508 537 547 531 532 517 540 537 508 459 483 486 490 520 493 449 437 450 456 473 482 509 536 488 478 479 506 509 538 566 558 545 505 482 433 433 491 503 508 528 525 496 458 477 512 502 491 538 474 468 464 485 478 466 443 431 435 469 478 498 507 489 481 481 482 499 503 502 491 549 528 539 507 511 509 479 467 490 531 496 504 485 514 479 485 471 488 471 462 490 482 471 482 533 541 502 477 498 502 520 533 529 546 518 450 464 453 473 466 466 444 480 513 541 517 506 510 503 525 538 517 537 503 504 506 483 481 520 492 444 424 443 490 517 490 470 502 473 503 484 481 524 510 518 489 469 472 487 496 490 493 524 537 524 522 463 495 488 479 466 485 483 488 479 475 492 486 489 521 528 527 530 510 510 549 545 532 540 534 526 510 480 510 574 561 551 557 587 573 522 533 560 537 483 474 484 524 555 529 476 467 480 443 440 439 434 468 482 496 482 480 532 556 544 530 514 513 520 522 535 512 527 507 477 494 487 531 550 532 503 517 515 518 531 526 537 554 483 469 493 521 505 521 492 524 528 512 524 532 553 533 539 513 483 518 527 515 504 510 546 554 522 492 507 530 517 481 462 516 505 469 494 519 540 547 525 476 518 527 489 481 538 533 509 510 543 495 485 488 502 481 480 456 454 479 496 482 481 482 513 528 545 521 504 491 499 472 512 532 555 557 504 524 520 516 515 539 517 486 494 481 490 526 515 469 477 505 494 527 524 551 526 497 487 491 498 514 531 517 494 469 454 488 544 496 486 474 510 554 544 513 495 475 500 486 530 534 515 512 518 524 506 504 518 535 531 517 518 500 498 533 555 535 505 540 531 529 515 563 558 537 524 487 501 478 493 524 543 496 470 487 527 511 492 464 447 461 453 459 486 477 488 507 547 537 539 491 521 518 519 486 482 519 543 554 557 571 571 523 546 517 530 491 520 515 484 480 476 479 491 507 517 527 503 504 468 477 471 472 466 502 490 532 490 493 485 471 500 480 466 462 503 503 502 524 509 495 477 500 484 475 503 516 517 513 504 503 497 486 463 493 490 480 473 513 496 497 504 504 499 495 468 454 439 431 452 450 492 473 438 463 501 526 532 507 508 535 538 508 497 483 479 457 475 488 485 489 530 498 527 511 510 525 508 508 505 484 499 492 486 497 471 454 486 484 525 543 501 490 495 500 504 524 502 523 531 530 496 469 477 480 519 488 496 499 524 498 531 506 493 506 496 543 545 487 478 550 542 501 484 472 464 488 506 526 471 478 522 520 531 509 478 452 455 492 469 467 479 479 472 535 522 512 504 495 499 494 506 548 527 531 503 511 
vem trace:

stid: 341
spdistance: 5752.17
radio trace:
470 492 490 461 465 495 501 504 544 527 554 504 498 524 520 487 521 517 474 467 467 448 437 421 433 475 479 497 540 490 505 498 459 458 471 486 478 462 466 512 467 494 503 491 476 478 437 471 493 512 501 514 516 506 517 503 511 508 482 427 428 423 488 503 551 516 479 464 485 479 501 483 498 484 462 477 481 472 440 441 454 450 449 486 517 485 518 510 543 587 536 505 480 484 493 478 479 483 479 466 483 504 471 475 486 517 500 481 484 496 521 527 511 538 547 518 493 457 476 497 465 507 491 480 498 511 535 530 532 502 482 483 456 450 462 441 446 520 547 511 518 545 536 513 482 473 522 530 541 502 453 465 461 489 506 488 447 453 463 467 485 504 480 460 490 495 445 435 435 455 496 476 520 559 547 508 537 547 531 532 517 540 537 508 459 483 486 490 520 493 449 437 450 456 473 482 509 536 488 478 479 506 509 538 566 558 545 505 482 433 433 491 503 508 528 525 496 458 477 512 502 491 538 474 468 464 485 478 466 443 431 435 469 478 498 507 489 481 481 482 499 503 502 491 549 528 539 507 511 509 479 467 490 531 496 504 485 514 479 485 471 488 471 462 490 482 471 482 533 541 502 477 498 502 520 533 529 546 518 450 464 453 473 466 466 444 480 513 541 517 506 510 503 525 538 517 537 503 504 506 483 481 520 492 444 424 443 490 517 490 470 502 473 503 484 481 524 510 518 489 469 472 487 496 490 493 524 537 524 522 463 495 488 479 466 485 483 488 479 475 492 486 489 521 528 527 530 510 510 549 545 532 540 534 526 510 480 510 574 561 551 557 587 573 522 533 560 537 483 474 484 524 555 529 476 467 480 443 440 439 434 468 482 496 482 480 532 556 544 530 514 513 520 522 535 512 527 507 477 494 487 531 550 532 503 517 515 518 531 526 537 554 483 469 493 521 505 521 492 524 528 512 524 532 553 533 539 513 483 518 527 515 504 510 546 554 522 492 507 530 517 481 462 516 505 469 494 519 540 547 525 476 518 527 489 481 538 533 509 510 543 495 485 488 502 481 480 456 454 479 496 482 481 482 513 528 545 521 504 491 499 472 512 532 555 557 504 524 520 516 515 539 517 486 494 481 490 526 515 469 477 505 494 527 524 551 526 497 487 491 498 514 531 517 494 469 454 488 544 496 486 474 510 554 544 513 495 475 500 486 530 534 515 512 518 524 506 504 518 535 531 517 518 500 498 533 555 535 505 540 531 529 515 563 558 537 524 487 501 478 493 524 543 496 470 487 527 511 492 464 447 461 453 459 486 477 488 507 547 537 539 491 521 518 519 486 482 519 543 554 557 571 571 523 546 517 530 491 520 515 484 480 476 479 491 507 517 527 503 504 468 477 471 472 466 502 490 532 490 493 485 471 500 480 466 462 503 503 502 524 509 495 477 500 484 475 503 516 517 513 504 503 497 486 463 493 490 480 473 513 496 497 504 504 499 495 468 454 439 431 452 450 492 473 438 463 501 526 532 507 508 535 538 508 497 483 479 457 475 488 485 489 530 498 527 511 510 525 508 508 505 484 499 492 486 497 471 454 486 484 525 543 501 490 495 500 504 524 502 523 531 530 496 469 477 480 519 488 496 499 524 498 531 506 493 506 496 543 545 487 478 550 542 501 484 472 464 488 506 526 471 478 522 520 531 509 478 452 455 492 469 467 479 479 472 535 522 512 504 495 499 494 506 548 527 531 503 511 
vem trace:

