SDId: 34752870
energy: 9.66001e+17
zenith: 0.438902
azimuth: 5.66228
GPSSeconc: 1126785594
stid: 342
spdistance: 546.188
radio trace:
457 455 442 428 416 432 433 420 403 404 435 429 444 440 455 466 463 439 450 455 469 459 451 431 433 404 401 408 409 421 441 431 438 446 430 448 417 372 415 396 410 428 409 434 417 394 418 433 424 415 414 421 430 428 402 409 402 388 396 362 351 444 464 455 437 433 438 439 449 450 459 443 435 427 403 414 431 416 397 410 430 435 440 459 463 471 468 468 489 486 458 430 432 410 436 448 454 422 419 434 403 428 445 473 466 462 449 423 436 477 466 466 435 422 442 436 442 419 391 381 374 389 401 399 402 426 425 422 430 420 418 431 426 444 437 443 443 451 461 461 454 431 432 437 435 438 470 464 435 421 410 443 454 442 447 422 423 434 416 408 425 427 424 394 415 402 391 401 399 409 417 413 436 399 391 407 429 425 421 409 414 413 428 407 409 409 429 450 431 424 419 391 393 403 446 469 468 435 421 431 413 391 423 423 406 418 433 442 445 458 462 415 412 408 418 433 418 421 458 411 384 388 394 425 411 454 434 441 455 457 473 475 467 432 403 424 455 428 408 420 405 413 438 450 456 461 461 445 445 446 429 418 420 417 406 430 417 412 428 431 396 380 389 395 441 456 479 481 430 406 424 425 438 416 408 415 394 394 413 435 427 461 412 425 435 413 425 418 416 400 406 387 416 442 430 409 399 415 441 439 437 413 420 428 423 457 458 459 441 449 443 430 426 412 402 407 396 420 427 465 470 459 475 474 423 429 442 446 444 414 413 431 436 444 439 438 449 465 443 429 428 418 427 439 440 420 411 407 399 392 399 419 413 403 406 427 470 447 433 439 424 413 412 416 397 427 438 428 425 429 409 391 401 397 440 437 430 446 447 446 462 443 437 429 418 424 445 405 410 418 411 402 464 450 436 420 400 437 444 411 414 386 415 436 414 404 400 413 439 444 413 397 390 412 446 441 425 386 404 409 423 449 463 439 447 413 402 435 401 426 440 442 478 476 475 449 465 476 447 451 460 469 457 443 448 448 436 463 442 413 391 417 442 456 441 429 418 436 449 418 410 403 396 389 420 436 429 405 405 393 431 427 420 405 420 412 416 464 465 482 451 431 432 440 437 446 424 428 447 450 453 439 457 445 452 434 454 478 459 465 464 470 469 466 443 447 426 418 412 433 432 443 442 421 410 428 443 432 425 422 446 431 437 415 437 453 448 392 413 413 417 407 418 399 408 412 432 444 437 408 407 428 423 435 429 422 447 460 461 449 449 469 440 418 401 399 433 430 427 438 435 391 394 383 398 374 375 365 394 427 412 448 411 422 438 449 430 435 438 444 421 397 393 414 428 451 427 430 452 431 440 418 424 431 394 372 419 396 418 428 394 388 400 418 433 422 435 455 439 419 441 408 414 432 465 447 404 380 385 423 422 414 407 409 414 416 399 400 415 382 381 389 426 421 411 433 428 445 431 407 405 434 460 434 418 425 414 412 407 423 413 430 412 445 429 410 398 394 395 397 394 422 441 441 443 447 437 421 417 409 415 429 431 431 430 422 385 388 408 437 431 431 444 421 408 413 423 426 433 432 412 414 430 451 459 424 421 399 437 440 432 408 433 443 451 427 433 435 412 427 410 422 414 415 389 420 408 398 426 425 417 440 427 394 395 425 480 467 457 435 435 430 425 428 425 438 469 440 442 460 438 454 452 479 474 431 418 418 426 396 393 388 423 414 411 412 424 415 427 425 384 401 415 425 434 436 410 415 
vem trace:

stid: 419
spdistance: 961.757
radio trace:
506 473 453 476 489 510 473 457 454 450 480 489 477 445 451 449 486 486 469 491 497 435 460 463 462 470 494 476 509 507 471 517 489 501 482 468 456 479 495 493 519 521 480 466 494 488 451 521 505 490 488 512 502 514 513 454 443 444 453 473 423 467 484 475 477 505 501 480 448 437 407 422 445 474 489 461 459 451 445 457 497 494 475 480 484 460 422 445 491 515 521 467 460 534 550 489 477 438 488 478 492 488 453 463 453 465 468 495 493 489 485 471 427 464 495 448 418 417 436 462 518 471 516 520 514 495 459 465 493 503 476 456 456 435 439 452 432 424 431 459 482 521 509 463 443 429 412 391 419 478 447 444 444 465 489 480 482 468 468 412 418 433 452 474 481 482 479 454 452 462 481 486 484 487 507 477 453 468 467 413 441 481 473 455 445 471 472 490 453 467 482 504 505 512 463 438 465 501 491 496 478 485 463 509 545 514 486 507 447 468 458 475 436 462 422 468 529 476 448 431 408 427 408 399 422 493 476 492 465 441 426 396 446 491 451 440 493 477 447 413 448 467 492 496 462 453 465 496 472 462 425 444 463 486 481 487 482 443 428 442 460 452 436 442 427 474 475 421 394 413 434 445 433 497 517 484 470 482 466 475 490 501 468 432 431 443 466 434 463 482 456 458 479 481 483 475 461 473 530 497 473 505 517 505 468 427 413 464 448 438 488 511 450 469 514 495 486 476 410 412 474 472 455 482 511 507 511 440 427 406 445 454 469 473 492 515 472 444 486 495 476 436 448 480 500 504 519 503 480 459 482 492 473 498 505 493 475 456 488 450 475 486 462 471 508 467 460 506 489 514 505 533 500 475 439 463 426 431 466 478 471 467 500 539 500 512 494 484 475 513 498 433 460 448 445 457 478 460 468 518 502 456 425 431 417 462 479 506 505 516 482 459 460 463 483 448 419 411 434 486 486 450 515 494 482 508 530 526 508 477 487 443 458 434 461 429 435 436 444 487 498 477 455 457 445 435 454 442 485 448 468 472 468 494 488 485 468 511 488 437 481 459 451 458 460 484 502 503 497 496 483 497 465 449 462 463 436 451 413 368 449 469 505 474 410 426 460 484 447 467 469 482 451 450 457 475 494 466 442 479 492 446 487 464 488 451 458 452 467 457 450 442 442 450 470 490 494 456 461 451 451 479 455 484 471 442 448 416 434 466 460 447 434 468 488 502 485 481 485 487 499 501 483 453 456 463 475 447 439 458 484 466 507 480 482 477 416 420 423 418 413 418 389 424 458 463 483 442 456 491 517 522 516 468 440 421 455 463 500 459 517 523 517 492 482 486 463 489 489 474 441 433 423 455 453 429 443 493 490 467 410 383 427 481 497 527 525 494 455 432 441 409 380 434 500 498 435 428 427 448 469 476 478 463 504 480 471 451 477 456 499 477 466 464 485 492 456 465 439 489 492 495 454 441 463 457 485 469 451 460 476 437 423 481 504 506 483 487 491 517 501 499 481 462 458 468 479 520 523 521 485 445 457 475 470 474 506 501 443 434 458 472 493 502 493 513 470 455 448 455 446 473 500 454 451 497 495 543 553 521 518 492 522 516 503 474 446 442 427 466 469 449 491 507 507 495 473 495 504 460 464 464 452 417 395 456 474 479 457 516 540 532 495 459 499 514 542 560 499 458 505 474 456 498 476 451 474 475 467 456 495 468 504 500 485 486 484 488 491 466 510 506 481 441 429 428 483 496 
vem trace:

