SDId: 34623863
energy: 3.27031e+17
zenith: 0.294164
azimuth: 0.882421
GPSSeconc: 1126103783
stid: 341
spdistance: 586.893
radio trace:
541 522 516 499 532 528 567 510 531 500 544 531 542 527 523 557 519 495 511 494 520 552 535 510 490 467 506 489 472 464 492 509 500 528 485 505 499 504 519 529 526 511 533 523 531 529 539 551 525 551 553 547 532 524 521 516 489 523 490 479 523 545 522 483 448 478 466 477 480 504 499 492 537 529 537 536 522 500 507 515 515 509 503 538 521 483 493 507 498 485 510 533 598 575 549 549 534 504 467 481 505 539 535 513 535 527 520 511 479 494 504 487 463 461 494 476 508 513 464 480 538 554 563 525 521 545 541 530 502 507 506 546 537 540 531 549 542 527 485 474 470 468 535 580 588 569 539 524 474 479 519 567 562 588 538 486 475 506 499 513 502 524 557 533 532 534 513 505 499 498 493 499 524 517 539 518 513 515 494 493 485 486 528 540 556 544 542 521 508 503 505 526 519 474 509 520 519 498 535 534 565 558 566 537 542 506 483 503 517 507 536 495 512 503 481 483 462 481 482 506 538 537 556 543 522 508 496 503 556 519 510 517 532 539 510 477 469 488 489 502 532 524 506 493 550 579 553 526 547 572 571 538 519 531 524 515 535 544 572 562 517 502 514 523 546 549 524 487 553 532 478 498 539 522 548 521 523 502 473 488 551 521 516 554 541 513 528 482 446 431 511 526 519 528 545 551 536 535 531 489 517 547 546 610 593 546 524 501 554 554 573 545 553 549 534 506 469 420 474 519 523 501 479 481 502 479 511 509 536 553 520 519 491 513 495 474 493 481 457 499 471 470 487 539 536 501 485 530 519 515 497 478 486 495 481 478 487 508 520 512 508 483 504 502 489 516 522 498 520 547 574 588 568 565 540 537 484 468 488 501 500 513 487 481 508 483 503 500 449 452 465 484 506 545 563 591 561 524 507 526 515 484 509 512 489 510 518 542 523 542 512 526 527 509 503 494 529 565 580 545 546 545 523 523 506 490 520 505 504 521 523 552 563 516 494 493 484 499 486 497 511 474 510 527 533 550 533 492 500 524 511 496 530 568 549 526 469 448 445 467 479 491 493 506 514 491 510 510 503 517 510 520 539 570 549 566 538 505 519 530 550 520 538 533 542 518 533 558 537 481 494 509 537 557 548 498 492 498 530 507 519 494 520 545 526 517 494 512 473 489 499 510 515 534 523 536 498 526 532 505 532 539 505 505 539 509 535 576 570 510 508 524 525 496 528 544 522 533 505 489 485 463 492 510 515 476 517 515 512 548 515 492 502 519 500 509 504 510 520 530 461 461 494 514 531 530 509 476 486 492 484 486 510 472 537 550 521 520 554 527 499 508 504 532 561 585 560 513 511 520 527 513 503 493 492 508 521 487 451 480 445 488 477 490 480 479 496 514 496 514 521 542 500 482 495 483 482 527 567 559 525 548 574 560 506 506 530 519 518 491 529 556 552 562 558 544 491 491 505 516 512 483 517 569 555 529 506 494 471 474 502 506 534 562 551 563 554 543 546 550 533 511 494 518 532 576 565 554 562 514 497 465 513 500 503 503 518 507 571 554 547 544 524 512 500 497 499 479 475 525 508 517 557 561 545 489 518 487 483 472 476 491 511 489 487 478 476 458 472 486 502 543 528 501 503 505 515 532 517 490 505 493 526 522 491 485 497 488 521 483 532 534 525 538 580 561 496 495 496 487 478 483 495 524 542 535 532 543 532 521 482 481 499 496 543 543 532 521 559 550 493 513 496 481 485 506 508 469 
vem trace:

stid: 341
spdistance: 586.893
radio trace:
541 522 516 499 532 528 567 510 531 500 544 531 542 527 523 557 519 495 511 494 520 552 535 510 490 467 506 489 472 464 492 509 500 528 485 505 499 504 519 529 526 511 533 523 531 529 539 551 525 551 553 547 532 524 521 516 489 523 490 479 523 545 522 483 448 478 466 477 480 504 499 492 537 529 537 536 522 500 507 515 515 509 503 538 521 483 493 507 498 485 510 533 598 575 549 549 534 504 467 481 505 539 535 513 535 527 520 511 479 494 504 487 463 461 494 476 508 513 464 480 538 554 563 525 521 545 541 530 502 507 506 546 537 540 531 549 542 527 485 474 470 468 535 580 588 569 539 524 474 479 519 567 562 588 538 486 475 506 499 513 502 524 557 533 532 534 513 505 499 498 493 499 524 517 539 518 513 515 494 493 485 486 528 540 556 544 542 521 508 503 505 526 519 474 509 520 519 498 535 534 565 558 566 537 542 506 483 503 517 507 536 495 512 503 481 483 462 481 482 506 538 537 556 543 522 508 496 503 556 519 510 517 532 539 510 477 469 488 489 502 532 524 506 493 550 579 553 526 547 572 571 538 519 531 524 515 535 544 572 562 517 502 514 523 546 549 524 487 553 532 478 498 539 522 548 521 523 502 473 488 551 521 516 554 541 513 528 482 446 431 511 526 519 528 545 551 536 535 531 489 517 547 546 610 593 546 524 501 554 554 573 545 553 549 534 506 469 420 474 519 523 501 479 481 502 479 511 509 536 553 520 519 491 513 495 474 493 481 457 499 471 470 487 539 536 501 485 530 519 515 497 478 486 495 481 478 487 508 520 512 508 483 504 502 489 516 522 498 520 547 574 588 568 565 540 537 484 468 488 501 500 513 487 481 508 483 503 500 449 452 465 484 506 545 563 591 561 524 507 526 515 484 509 512 489 510 518 542 523 542 512 526 527 509 503 494 529 565 580 545 546 545 523 523 506 490 520 505 504 521 523 552 563 516 494 493 484 499 486 497 511 474 510 527 533 550 533 492 500 524 511 496 530 568 549 526 469 448 445 467 479 491 493 506 514 491 510 510 503 517 510 520 539 570 549 566 538 505 519 530 550 520 538 533 542 518 533 558 537 481 494 509 537 557 548 498 492 498 530 507 519 494 520 545 526 517 494 512 473 489 499 510 515 534 523 536 498 526 532 505 532 539 505 505 539 509 535 576 570 510 508 524 525 496 528 544 522 533 505 489 485 463 492 510 515 476 517 515 512 548 515 492 502 519 500 509 504 510 520 530 461 461 494 514 531 530 509 476 486 492 484 486 510 472 537 550 521 520 554 527 499 508 504 532 561 585 560 513 511 520 527 513 503 493 492 508 521 487 451 480 445 488 477 490 480 479 496 514 496 514 521 542 500 482 495 483 482 527 567 559 525 548 574 560 506 506 530 519 518 491 529 556 552 562 558 544 491 491 505 516 512 483 517 569 555 529 506 494 471 474 502 506 534 562 551 563 554 543 546 550 533 511 494 518 532 576 565 554 562 514 497 465 513 500 503 503 518 507 571 554 547 544 524 512 500 497 499 479 475 525 508 517 557 561 545 489 518 487 483 472 476 491 511 489 487 478 476 458 472 486 502 543 528 501 503 505 515 532 517 490 505 493 526 522 491 485 497 488 521 483 532 534 525 538 580 561 496 495 496 487 478 483 495 524 542 535 532 543 532 521 482 481 499 496 543 543 532 521 559 550 493 513 496 481 485 506 508 469 
vem trace:

