SDId: 34588054
energy: 8.16644e+17
zenith: 0.411518
azimuth: 5.08915
GPSSeconc: 1125923182
stid: 343
spdistance: 445.998
radio trace:
452 459 470 466 452 481 468 462 456 423 439 471 464 448 481 499 469 453 425 415 444 469 470 475 470 449 433 438 438 440 444 423 438 473 451 445 451 463 485 480 471 489 468 459 455 450 470 480 466 464 456 487 477 490 481 458 441 420 436 455 443 452 502 486 481 466 462 459 464 462 451 443 431 448 441 416 427 432 421 440 437 458 455 456 429 437 438 441 441 455 450 454 452 467 448 449 446 438 461 497 491 463 454 475 471 473 441 450 467 477 448 458 446 483 481 484 485 465 458 438 443 463 439 473 464 487 490 456 469 509 505 515 485 462 459 456 454 447 459 450 468 484 474 464 438 420 409 411 420 419 413 435 458 493 489 453 463 487 484 449 428 459 465 457 453 444 445 433 449 426 459 449 464 478 482 469 447 462 464 490 465 469 441 446 437 411 427 453 467 477 484 472 463 462 468 480 466 454 494 499 480 455 437 464 443 425 454 453 448 470 458 462 457 453 438 438 446 447 458 444 462 462 438 448 455 451 474 478 469 437 443 450 454 466 480 469 470 470 469 452 496 486 452 475 443 456 447 428 448 456 431 444 472 481 436 431 447 463 464 435 444 450 423 430 450 445 475 468 466 436 463 430 427 418 411 448 450 439 445 472 497 478 468 470 472 484 493 479 458 447 464 459 458 449 425 442 436 445 444 436 439 469 483 467 453 454 457 436 423 425 442 457 459 417 427 445 413 409 441 459 442 457 457 454 467 468 433 451 435 419 437 426 412 473 493 464 447 442 457 487 483 468 457 456 461 429 429 420 412 441 459 470 453 452 446 458 447 442 440 427 424 421 400 419 457 411 428 453 470 450 448 450 447 439 455 452 464 433 449 459 466 479 486 465 448 447 432 456 474 483 473 444 443 457 468 451 454 467 457 459 472 485 480 473 460 432 447 443 445 457 450 453 451 441 454 467 460 446 434 423 467 449 477 482 473 485 480 479 454 455 439 453 467 465 491 462 440 449 471 446 445 455 447 452 463 453 459 442 433 419 434 451 482 463 459 441 408 422 428 429 466 478 473 447 450 451 440 437 435 449 469 469 468 474 471 476 449 474 426 419 470 468 459 457 431 450 440 457 463 466 438 449 454 478 502 475 477 471 466 455 459 449 446 433 428 424 460 466 486 465 464 469 455 436 440 447 460 424 427 461 478 487 498 502 504 485 476 466 458 444 447 445 470 466 483 486 463 457 434 459 481 516 453 473 470 484 471 472 478 482 501 494 484 463 478 491 457 469 447 462 463 454 428 453 469 455 433 446 458 457 466 467 447 438 435 430 441 474 467 442 460 469 461 454 461 433 412 437 436 418 451 465 474 468 464 428 445 457 458 454 444 431 429 448 458 439 456 455 475 481 467 479 482 465 449 459 444 452 451 463 433 444 476 483 454 432 417 440 449 438 437 469 467 446 429 475 460 471 483 456 448 482 469 459 466 475 475 485 474 464 458 466 440 440 449 470 452 440 445 416 446 486 453 463 453 468 487 467 441 451 482 504 497 440 455 447 455 478 479 465 473 485 479 446 423 456 447 426 447 441 435 436 489 467 436 439 470 481 440 440 437 468 453 462 436 450 446 454 487 459 451 474 475 481 470 477 473 466 467 457 411 449 479 467 454 453 442 435 458 442 418 426 468 462 486 496 469 456 447 433 466 475 442 435 444 460 434 429 429 452 447 477 468 472 484 504 475 457 462 461 431 422 447 432 447 457 428 429 
vem trace:

stid: 332
spdistance: 2805.41
radio trace:
535 565 575 577 563 552 528 534 549 547 512 521 529 557 522 532 499 495 502 522 553 541 544 548 525 515 561 611 574 547 544 518 529 513 538 521 536 540 501 503 514 525 530 538 526 543 549 557 566 554 548 518 530 517 504 498 500 504 518 516 532 548 542 511 503 517 532 512 529 540 534 557 549 527 513 500 520 489 490 552 553 535 526 529 524 551 537 556 555 561 534 557 556 545 563 551 575 554 520 517 528 508 480 458 507 526 494 518 541 571 564 543 559 498 500 520 506 505 529 526 512 540 539 563 560 553 524 545 534 552 540 558 561 529 535 546 506 483 478 496 537 577 552 543 529 526 545 561 559 554 541 574 569 542 537 520 530 560 585 578 566 570 549 565 571 550 540 521 522 515 518 506 499 509 497 507 513 543 548 498 501 519 533 532 547 519 505 513 524 586 552 538 542 538 540 555 577 598 556 516 495 545 537 546 554 583 550 557 551 563 585 543 519 532 534 511 476 530 536 520 489 498 509 527 541 506 525 516 515 543 541 531 520 521 521 512 522 541 568 569 550 550 555 557 581 559 534 539 568 532 530 577 540 514 518 544 550 509 517 524 496 491 484 516 532 542 547 549 589 560 548 539 539 535 558 541 513 497 517 537 547 544 522 503 537 533 511 537 545 507 493 526 571 563 538 538 569 552 510 522 534 513 568 527 511 509 540 530 520 483 488 478 512 502 513 509 515 518 504 493 533 510 515 520 514 520 546 500 494 510 510 512 551 529 507 524 538 487 532 501 514 503 510 519 513 515 503 521 522 485 522 513 545 525 519 544 556 581 582 560 560 564 537 538 538 519 526 521 533 510 520 548 596 581 546 533 521 537 533 538 522 528 527 519 547 528 561 548 551 545 515 514 512 525 538 523 523 532 574 550 553 534 519 540 529 532 550 537 559 545 582 577 544 523 542 544 501 521 528 546 536 554 554 547 582 550 536 520 519 497 508 550 548 506 501 543 514 495 503 530 519 556 570 562 512 480 504 534 523 499 521 529 498 512 541 541 529 527 503 479 504 530 510 552 568 579 543 530 490 508 503 511 486 484 503 531 519 533 499 501 514 521 523 526 546 544 518 543 534 505 497 494 494 512 507 535 525 520 531 538 520 528 512 517 536 521 507 534 552 557 545 543 523 531 545 560 555 562 567 566 535 520 508 490 500 532 525 565 587 563 516 537 551 542 517 514 501 533 540 536 518 507 521 539 543 538 543 534 536 531 522 513 487 522 524 514 515 535 548 523 549 553 537 527 559 553 538 536 543 545 532 554 526 518 555 553 572 540 537 522 557 522 527 548 539 543 542 545 559 546 581 580 594 599 573 597 543 505 505 530 560 550 575 548 546 527 524 542 520 522 499 512 537 531 519 542 543 561 533 522 490 501 501 535 547 568 539 530 523 518 522 537 548 553 542 561 554 511 494 532 533 514 517 552 548 578 591 564 582 587 563 532 530 553 541 554 563 509 488 507 514 509 506 486 475 475 480 488 510 517 520 536 545 559 546 544 514 504 477 526 509 514 574 555 499 519 524 540 528 524 485 510 522 502 564 547 591 568 505 522 519 543 511 509 544 551 515 520 506 473 500 502 519 538 529 533 583 584 550 562 544 563 554 561 534 543 570 545 562 562 558 499 535 481 495 463 459 488 524 489 511 538 547 566 540 547 562 546 547 526 514 534 527 515 536 562 549 572 563 558 554 560 547 558 542 524 531 562 
vem trace:

