SDId: 34508151
energy: 4.94487e+17
zenith: 0.343819
azimuth: 5.04126
GPSSeconc: 1125308979
stid: 343
spdistance: 544.973
radio trace:
400 410 450 435 448 466 429 417 406 435 466 451 435 415 415 406 439 455 428 434 420 374 431 456 431 401 437 441 423 423 410 440 437 432 443 444 455 445 420 430 430 451 441 433 426 420 439 437 443 453 440 426 434 438 438 413 431 450 429 440 459 447 440 431 434 447 401 421 418 445 461 470 435 411 441 437 412 425 430 443 416 442 449 413 416 395 398 418 403 401 405 392 429 457 457 460 453 433 449 429 412 400 416 418 419 447 442 431 445 433 450 457 412 448 429 431 428 442 459 446 411 428 441 435 444 434 438 442 454 455 450 439 420 423 443 458 454 435 452 453 437 446 462 454 428 418 437 409 393 426 449 472 445 451 442 463 457 455 409 375 422 442 434 449 480 486 476 451 432 408 443 446 437 413 431 437 420 406 443 448 443 455 439 427 422 416 439 447 449 425 431 447 415 399 400 419 438 409 420 447 426 424 409 434 440 443 410 410 443 422 442 429 448 456 437 460 424 443 446 468 446 460 443 424 454 469 441 430 454 450 426 408 418 426 446 474 435 421 414 401 402 422 408 431 471 462 449 443 429 423 409 385 427 416 417 447 467 483 471 455 490 463 449 426 472 503 506 497 471 469 470 468 452 421 438 453 439 448 464 451 450 445 438 443 435 434 421 414 437 459 468 450 446 411 441 387 400 398 428 431 425 429 450 463 447 475 494 467 470 452 458 468 445 418 429 449 442 431 441 407 415 436 464 464 451 462 453 433 434 415 397 404 415 416 400 436 449 438 437 449 440 434 468 464 470 476 436 405 418 477 475 455 429 470 477 445 466 444 438 413 409 410 412 450 444 439 435 428 445 428 443 414 432 456 481 456 462 446 454 463 455 430 433 451 441 412 436 439 441 406 398 422 453 468 453 434 412 413 441 446 432 451 451 454 458 444 461 474 470 420 435 438 456 462 441 443 450 431 418 428 434 428 418 469 433 410 398 415 440 432 428 431 470 460 454 460 415 403 398 421 409 420 426 423 456 438 435 400 417 439 428 438 460 454 449 424 414 417 410 386 413 423 461 468 447 425 440 439 422 426 445 438 441 440 425 420 402 411 444 436 397 395 402 427 419 425 414 425 455 457 438 421 407 409 438 419 417 450 449 474 501 451 474 440 402 420 423 456 443 475 455 463 464 476 471 456 450 447 465 422 437 426 449 436 407 412 428 434 448 441 440 448 429 432 448 449 456 472 464 437 423 453 435 444 434 413 445 402 407 422 419 427 450 469 452 459 434 418 439 427 433 412 432 451 476 480 446 421 433 446 461 461 488 479 427 422 423 429 417 437 446 455 415 439 435 421 400 423 425 458 445 451 454 487 474 457 429 430 427 475 478 451 435 426 440 438 449 436 423 439 468 454 452 424 422 462 437 448 458 434 431 459 437 453 417 444 435 464 416 459 465 463 452 437 464 469 446 466 443 426 434 403 441 446 422 439 465 434 434 442 440 428 426 450 428 419 442 452 432 429 433 431 425 428 431 435 451 447 444 432 433 440 431 444 459 467 456 446 399 399 429 427 423 427 437 404 424 463 458 478 485 451 464 461 470 459 472 447 422 450 469 423 410 383 420 422 453 454 459 459 408 396 406 425 401 424 442 423 418 454 455 451 449 458 479 425 420 432 466 449 439 442 460 462 468 451 437 436 425 425 414 431 468 445 455 447 454 432 442 415 417 427 437 437 457 436 439 462 474 495 495 449 428 420 447 446 449 451 
vem trace:

stid: 342
spdistance: 875.765
radio trace:
418 410 389 382 401 422 398 400 414 410 392 373 399 392 419 409 402 387 387 402 397 400 399 431 432 426 425 402 376 378 368 364 366 368 380 401 371 385 387 399 396 397 354 326 393 392 394 396 395 378 379 377 370 407 412 412 395 371 422 407 389 400 398 416 408 427 407 391 380 388 394 402 423 418 418 419 409 424 426 428 415 406 414 418 382 401 408 411 413 417 402 384 382 392 397 386 392 399 383 401 406 409 404 385 370 395 384 359 403 395 399 401 401 394 402 399 405 419 402 400 410 399 384 392 406 387 382 387 378 407 389 390 418 435 397 387 396 396 406 394 401 399 380 357 385 384 346 353 377 383 384 410 413 405 425 422 384 402 412 381 371 396 391 375 341 362 392 395 377 392 403 395 393 394 403 410 395 409 439 413 410 385 375 369 392 396 423 416 431 414 389 392 384 378 410 409 427 420 410 424 393 400 401 399 402 420 433 414 387 415 386 394 396 408 401 389 389 388 388 375 384 395 406 399 406 410 412 402 411 412 410 403 371 369 357 408 373 403 409 414 403 390 380 398 407 424 439 437 399 393 411 432 407 403 388 392 357 385 409 431 411 394 413 402 407 400 396 363 377 390 381 363 374 399 375 353 360 411 417 415 408 411 378 408 416 420 412 380 391 396 390 397 388 401 383 397 387 381 385 372 368 392 386 402 391 378 371 392 410 383 402 416 415 413 419 390 416 401 392 398 401 416 382 408 413 393 390 412 416 374 426 423 427 413 402 423 415 407 401 404 392 401 404 401 415 428 433 419 395 377 364 406 395 400 396 405 379 349 375 407 423 412 391 387 409 418 400 380 400 397 401 398 429 417 375 350 367 410 413 382 368 376 393 412 418 399 393 394 374 383 389 400 377 398 394 404 381 382 396 413 379 385 408 397 421 408 367 349 398 412 393 344 380 406 408 405 378 421 403 397 390 404 376 384 375 370 393 412 385 404 399 396 410 405 399 389 362 379 396 413 393 403 382 393 391 400 408 381 377 386 390 406 391 416 406 433 398 376 347 368 395 429 388 365 374 385 413 406 388 396 390 395 390 397 392 403 419 391 364 359 354 361 359 378 383 405 408 424 418 409 411 407 411 387 392 409 402 400 388 388 395 427 416 384 383 396 395 398 390 391 416 405 432 393 378 394 410 419 396 407 393 399 414 403 399 396 399 408 396 391 402 382 385 393 389 384 377 393 393 375 368 384 406 429 408 395 382 400 420 425 432 393 383 390 397 410 407 397 393 385 394 396 409 410 390 387 386 375 364 378 393 385 423 409 387 358 368 369 363 404 377 383 387 386 377 379 379 380 404 380 387 374 356 374 390 398 410 386 387 396 400 397 391 409 421 424 400 369 390 376 394 396 397 372 387 398 386 394 419 448 414 386 392 400 402 388 374 366 359 387 398 377 376 385 362 388 390 377 405 402 399 380 407 392 383 380 376 376 386 391 417 405 406 415 415 398 398 375 397 408 431 435 422 425 403 378 376 387 414 420 431 426 409 386 389 373 395 389 359 344 369 407 415 422 428 395 402 375 397 399 360 349 387 388 377 380 391 395 402 380 384 394 399 441 426 401 399 375 369 369 383 399 373 389 383 372 372 411 433 413 398 394 392 399 404 395 397 389 354 370 404 414 423 398 380 347 353 401 429 414 404 384 410 392 387 386 392 404 409 418 423 408 402 375 377 369 410 410 390 399 402 386 378 383 402 388 393 396 
vem trace:

stid: 419
spdistance: 1306.43
radio trace:
427 449 451 391 408 385 458 462 406 360 395 408 438 428 420 444 444 469 431 426 436 428 429 408 449 447 435 453 430 376 356 424 422 410 385 385 427 481 498 464 399 394 389 397 397 357 384 415 439 391 407 396 399 454 487 467 445 380 386 439 448 438 436 416 376 385 424 442 475 426 435 410 441 434 434 424 381 381 394 412 400 390 418 386 422 437 463 450 471 438 423 423 475 457 456 439 440 400 418 408 384 382 356 346 368 385 405 386 407 448 464 511 468 462 434 422 384 341 378 394 442 484 442 442 430 481 465 418 412 436 462 451 482 476 473 474 415 379 353 358 332 407 412 331 332 352 380 441 399 401 428 431 401 415 430 446 396 395 436 433 400 384 422 460 464 486 483 431 403 387 431 446 426 434 486 457 440 479 474 473 467 435 393 383 419 429 439 419 405 400 391 438 450 437 398 383 391 409 393 417 427 447 402 432 474 436 408 383 382 433 491 443 444 456 410 441 464 479 450 413 395 425 468 487 452 433 461 424 485 516 445 428 407 394 449 464 424 409 394 411 409 404 421 444 452 404 389 378 414 462 424 458 476 457 411 384 377 388 370 387 364 376 403 410 416 432 455 444 442 381 387 385 440 468 423 437 414 458 460 420 432 452 475 464 471 472 424 392 403 378 385 364 421 457 460 426 384 435 414 458 491 476 466 445 446 439 495 482 475 463 405 457 490 483 420 388 423 378 373 441 420 415 432 429 448 426 436 405 376 369 324 338 391 453 464 451 481 462 426 451 439 435 410 436 482 474 432 379 380 428 389 390 375 379 449 448 391 390 459 475 477 416 432 412 413 419 425 435 463 445 503 480 466 474 466 442 435 388 392 378 442 459 420 397 404 391 403 413 459 440 420 433 445 428 454 464 459 451 485 493 442 438 439 379 401 391 417 417 430 409 416 411 435 436 428 394 413 398 442 432 419 400 395 427 405 405 451 429 400 388 401 399 371 375 381 404 407 396 439 411 375 403 450 490 498 481 471 445 406 443 433 411 433 413 462 450 422 415 434 444 423 415 389 409 424 410 461 433 436 431 435 441 448 416 446 451 412 397 329 331 389 451 497 473 430 398 405 405 374 389 391 397 419 428 415 420 462 421 400 419 407 433 402 465 484 420 410 447 477 491 443 421 441 478 442 401 440 498 482 461 405 417 402 389 396 422 459 419 365 429 430 431 460 487 472 424 421 437 443 460 401 378 410 450 402 393 466 422 402 336 389 431 412 406 435 461 497 503 479 431 417 367 399 447 431 382 435 452 485 442 408 388 391 394 382 374 403 441 410 412 407 390 475 493 519 458 383 384 421 467 487 467 439 447 467 446 409 416 412 418 361 399 401 434 422 452 447 392 390 392 414 388 377 422 407 417 436 441 430 402 395 402 450 469 434 435 427 450 395 413 417 426 458 429 453 425 391 392 449 446 457 431 429 399 415 439 444 410 412 398 395 427 466 504 461 415 413 410 461 474 449 466 479 499 449 471 472 470 445 422 420 450 517 449 435 459 478 464 431 447 474 450 460 468 448 443 448 431 458 455 404 437 466 495 472 462 425 495 426 438 432 441 399 382 361 375 437 394 405 473 485 494 490 465 406 396 426 387 394 460 429 438 432 440 482 489 467 478 460 485 461 424 449 426 393 398 407 386 389 450 411 423 444 473 446 419 453 414 403 396 445 435 439 416 405 349 373 418 414 431 450 453 399 401 407 424 428 451 
vem trace:

