SDId: 34817919
energy: 6.25183e+17
zenith: 0.849415
azimuth: 5.20709
GPSSeconc: 1127192493
stid: 341
spdistance: 5494.15
radio trace:
554 518 494 490 474 503 466 461 450 474 463 441 491 518 547 548 506 480 485 500 507 472 470 509 511 509 500 511 526 536 552 441 489 538 528 520 481 494 543 572 514 472 468 496 518 523 520 532 524 524 542 530 487 493 476 490 470 473 503 496 485 526 544 517 504 489 481 464 479 487 501 475 462 464 498 460 486 492 455 477 455 458 473 500 514 528 511 516 506 503 524 493 492 484 455 471 473 468 483 503 484 454 491 519 523 540 554 508 489 496 482 526 523 498 526 514 530 529 519 507 490 471 473 492 493 478 522 530 530 477 485 485 507 492 477 463 468 492 488 501 471 503 518 534 498 508 474 470 485 464 473 524 500 467 485 472 501 491 503 450 468 479 479 453 455 478 497 466 441 428 431 478 498 493 488 466 488 510 495 484 501 515 534 512 521 517 529 480 481 503 490 497 469 472 452 449 449 454 469 457 505 498 491 509 506 494 465 452 455 453 484 503 508 516 522 462 470 511 476 489 519 500 523 507 493 529 518 527 519 499 436 473 514 520 504 520 518 528 475 467 454 457 464 485 493 502 505 502 521 532 578 491 466 474 496 462 465 441 501 473 438 432 441 446 468 500 507 452 445 472 481 494 489 513 546 506 494 483 490 494 478 475 503 510 522 528 488 473 495 512 495 511 514 508 465 476 480 473 450 466 486 461 436 456 497 529 529 525 507 502 468 445 443 466 483 516 503 489 508 536 557 503 479 472 458 496 485 481 469 477 481 510 540 574 536 545 520 495 497 514 503 481 488 486 458 489 460 508 502 523 523 543 559 502 466 475 483 482 495 501 491 466 484 501 526 503 517 513 496 516 521 515 504 501 488 496 528 508 476 468 470 505 533 503 497 486 472 511 514 501 491 512 507 474 506 485 463 503 472 485 498 497 503 538 527 484 486 509 494 483 469 461 494 479 434 473 462 507 531 478 474 506 443 489 495 465 474 497 539 499 516 466 475 481 517 511 514 519 516 506 528 504 504 464 474 488 502 510 481 463 529 501 486 498 482 498 521 468 478 435 475 494 463 459 485 482 514 478 432 484 509 521 516 527 501 497 487 459 478 469 473 473 458 456 481 518 535 521 494 494 515 510 508 508 515 502 519 527 531 511 511 473 460 458 473 504 514 521 501 530 520 526 507 516 518 506 485 490 475 494 479 512 542 518 537 554 483 478 492 507 518 486 514 521 518 496 483 442 431 492 485 502 463 483 448 476 482 515 483 460 443 478 506 505 511 517 471 457 471 471 473 459 482 514 504 482 495 468 464 519 502 492 447 468 464 486 479 502 524 493 509 491 493 509 524 527 541 531 521 527 495 456 478 526 506 512 516 518 528 511 486 457 485 493 472 477 484 467 495 490 507 485 483 487 430 451 410 426 481 519 529 524 548 560 542 537 512 472 497 504 491 474 539 526 519 524 505 501 495 504 526 548 520 492 477 470 465 503 501 514 493 459 470 447 490 469 478 461 486 509 474 446 494 517 506 517 521 528 526 536 507 504 519 523 530 530 521 543 490 455 474 473 474 498 513 514 481 483 515 538 515 506 488 504 513 516 497 477 478 472 517 528 504 513 506 457 442 452 462 498 502 487 487 512 472 500 499 494 507 514 532 518 493 507 506 500 532 530 523 512 505 490 463 484 535 534 553 533 548 532 551 550 542 521 509 531 533 503 502 526 505 506 521 507 475 501 478 479 466 504 484 451 465 437 462 450 457 495 
vem trace:

stid: 341
spdistance: 5494.15
radio trace:
554 518 494 490 474 503 466 461 450 474 463 441 491 518 547 548 506 480 485 500 507 472 470 509 511 509 500 511 526 536 552 441 489 538 528 520 481 494 543 572 514 472 468 496 518 523 520 532 524 524 542 530 487 493 476 490 470 473 503 496 485 526 544 517 504 489 481 464 479 487 501 475 462 464 498 460 486 492 455 477 455 458 473 500 514 528 511 516 506 503 524 493 492 484 455 471 473 468 483 503 484 454 491 519 523 540 554 508 489 496 482 526 523 498 526 514 530 529 519 507 490 471 473 492 493 478 522 530 530 477 485 485 507 492 477 463 468 492 488 501 471 503 518 534 498 508 474 470 485 464 473 524 500 467 485 472 501 491 503 450 468 479 479 453 455 478 497 466 441 428 431 478 498 493 488 466 488 510 495 484 501 515 534 512 521 517 529 480 481 503 490 497 469 472 452 449 449 454 469 457 505 498 491 509 506 494 465 452 455 453 484 503 508 516 522 462 470 511 476 489 519 500 523 507 493 529 518 527 519 499 436 473 514 520 504 520 518 528 475 467 454 457 464 485 493 502 505 502 521 532 578 491 466 474 496 462 465 441 501 473 438 432 441 446 468 500 507 452 445 472 481 494 489 513 546 506 494 483 490 494 478 475 503 510 522 528 488 473 495 512 495 511 514 508 465 476 480 473 450 466 486 461 436 456 497 529 529 525 507 502 468 445 443 466 483 516 503 489 508 536 557 503 479 472 458 496 485 481 469 477 481 510 540 574 536 545 520 495 497 514 503 481 488 486 458 489 460 508 502 523 523 543 559 502 466 475 483 482 495 501 491 466 484 501 526 503 517 513 496 516 521 515 504 501 488 496 528 508 476 468 470 505 533 503 497 486 472 511 514 501 491 512 507 474 506 485 463 503 472 485 498 497 503 538 527 484 486 509 494 483 469 461 494 479 434 473 462 507 531 478 474 506 443 489 495 465 474 497 539 499 516 466 475 481 517 511 514 519 516 506 528 504 504 464 474 488 502 510 481 463 529 501 486 498 482 498 521 468 478 435 475 494 463 459 485 482 514 478 432 484 509 521 516 527 501 497 487 459 478 469 473 473 458 456 481 518 535 521 494 494 515 510 508 508 515 502 519 527 531 511 511 473 460 458 473 504 514 521 501 530 520 526 507 516 518 506 485 490 475 494 479 512 542 518 537 554 483 478 492 507 518 486 514 521 518 496 483 442 431 492 485 502 463 483 448 476 482 515 483 460 443 478 506 505 511 517 471 457 471 471 473 459 482 514 504 482 495 468 464 519 502 492 447 468 464 486 479 502 524 493 509 491 493 509 524 527 541 531 521 527 495 456 478 526 506 512 516 518 528 511 486 457 485 493 472 477 484 467 495 490 507 485 483 487 430 451 410 426 481 519 529 524 548 560 542 537 512 472 497 504 491 474 539 526 519 524 505 501 495 504 526 548 520 492 477 470 465 503 501 514 493 459 470 447 490 469 478 461 486 509 474 446 494 517 506 517 521 528 526 536 507 504 519 523 530 530 521 543 490 455 474 473 474 498 513 514 481 483 515 538 515 506 488 504 513 516 497 477 478 472 517 528 504 513 506 457 442 452 462 498 502 487 487 512 472 500 499 494 507 514 532 518 493 507 506 500 532 530 523 512 505 490 463 484 535 534 553 533 548 532 551 550 542 521 509 531 533 503 502 526 505 506 521 507 475 501 478 479 466 504 484 451 465 437 462 450 457 495 
vem trace:

