SDId: 34767127
energy: 1.41842e+17
zenith: 0.508411
azimuth: 2.3421
GPSSeconc: 1126871446
stid: 341
spdistance: 7523.96
radio trace:
496 458 478 539 516 526 524 526 546 518 530 514 515 494 500 547 553 543 536 509 464 427 463 460 436 434 442 480 464 467 482 526 493 485 525 552 522 516 544 491 473 503 498 514 551 506 480 499 496 515 515 483 484 517 510 517 549 496 493 473 474 478 481 457 469 475 493 514 545 534 530 512 511 480 501 522 548 495 473 506 509 514 513 483 513 529 495 480 498 546 541 513 504 476 493 489 494 505 511 508 473 485 509 488 481 477 490 541 552 517 492 510 500 478 498 484 506 457 476 518 515 522 521 510 493 510 504 449 453 481 504 517 548 563 543 492 482 507 475 482 478 494 500 454 488 504 503 478 479 510 498 528 517 520 522 546 525 534 496 496 524 525 528 508 497 478 528 523 487 528 573 567 542 494 520 515 477 473 461 480 476 451 445 460 444 470 478 490 497 496 508 512 509 521 514 512 495 473 470 505 533 512 525 489 491 486 501 522 518 532 514 509 480 484 517 504 503 504 528 489 495 499 526 483 463 493 494 509 525 538 526 470 462 478 441 424 465 487 482 457 471 482 484 457 494 500 520 521 519 547 551 545 549 500 495 500 535 530 506 495 464 462 483 506 507 492 480 482 517 514 494 454 473 484 500 505 485 477 488 515 520 493 508 498 467 492 492 501 550 547 492 460 469 439 468 496 475 524 511 478 500 510 512 498 509 488 526 498 499 488 466 471 456 452 475 502 538 520 475 471 492 491 507 526 539 527 484 481 447 425 471 467 501 518 452 440 446 471 473 515 472 479 463 475 473 454 447 469 469 506 481 497 502 504 480 455 471 477 493 507 532 500 502 508 516 527 521 451 490 515 533 465 467 479 496 492 515 472 490 503 517 541 507 478 471 505 538 554 565 558 489 514 529 505 491 529 533 530 536 566 537 508 512 522 524 519 538 530 507 509 517 550 547 517 536 548 527 528 541 528 498 466 476 492 461 486 456 451 462 454 471 508 535 486 477 483 476 467 448 464 506 548 545 524 513 513 526 549 550 537 535 497 482 520 500 524 539 509 546 548 536 522 507 533 531 513 534 532 540 540 537 484 436 469 497 497 489 491 471 453 489 503 472 514 530 543 524 526 545 532 510 520 541 523 529 504 508 493 462 468 462 449 462 463 517 517 502 499 498 538 516 530 522 486 463 458 469 484 487 529 516 476 467 522 539 489 467 446 464 483 499 533 548 522 559 565 534 498 487 486 490 511 519 528 530 502 460 502 482 500 501 488 488 495 510 538 521 541 527 574 541 526 473 438 494 500 478 453 499 522 508 506 505 526 485 519 532 542 546 540 547 533 491 493 477 490 482 472 492 544 508 518 510 475 492 496 503 527 538 552 541 528 498 560 532 515 509 516 544 503 491 529 543 538 590 580 552 574 544 521 533 564 522 530 483 484 495 493 497 476 508 470 462 470 479 483 508 486 476 469 474 471 474 461 453 509 482 494 467 501 479 444 457 455 499 571 574 563 539 571 550 540 513 517 527 511 503 480 464 474 478 473 479 481 521 542 530 510 547 563 507 506 511 512 477 448 468 488 546 519 508 496 487 498 535 538 547 545 526 488 499 484 466 473 494 500 536 500 450 468 478 479 505 552 516 486 473 501 548 539 508 548 547 547 538 533 493 495 478 471 476 490 517 540 570 548 543 533 507 497 509 533 500 498 513 529 546 547 535 529 479 455 448 454 504 491 476 518 490 474 510 502 498 511 522 488 500 505 
vem trace:

stid: 341
spdistance: 7523.96
radio trace:
496 458 478 539 516 526 524 526 546 518 530 514 515 494 500 547 553 543 536 509 464 427 463 460 436 434 442 480 464 467 482 526 493 485 525 552 522 516 544 491 473 503 498 514 551 506 480 499 496 515 515 483 484 517 510 517 549 496 493 473 474 478 481 457 469 475 493 514 545 534 530 512 511 480 501 522 548 495 473 506 509 514 513 483 513 529 495 480 498 546 541 513 504 476 493 489 494 505 511 508 473 485 509 488 481 477 490 541 552 517 492 510 500 478 498 484 506 457 476 518 515 522 521 510 493 510 504 449 453 481 504 517 548 563 543 492 482 507 475 482 478 494 500 454 488 504 503 478 479 510 498 528 517 520 522 546 525 534 496 496 524 525 528 508 497 478 528 523 487 528 573 567 542 494 520 515 477 473 461 480 476 451 445 460 444 470 478 490 497 496 508 512 509 521 514 512 495 473 470 505 533 512 525 489 491 486 501 522 518 532 514 509 480 484 517 504 503 504 528 489 495 499 526 483 463 493 494 509 525 538 526 470 462 478 441 424 465 487 482 457 471 482 484 457 494 500 520 521 519 547 551 545 549 500 495 500 535 530 506 495 464 462 483 506 507 492 480 482 517 514 494 454 473 484 500 505 485 477 488 515 520 493 508 498 467 492 492 501 550 547 492 460 469 439 468 496 475 524 511 478 500 510 512 498 509 488 526 498 499 488 466 471 456 452 475 502 538 520 475 471 492 491 507 526 539 527 484 481 447 425 471 467 501 518 452 440 446 471 473 515 472 479 463 475 473 454 447 469 469 506 481 497 502 504 480 455 471 477 493 507 532 500 502 508 516 527 521 451 490 515 533 465 467 479 496 492 515 472 490 503 517 541 507 478 471 505 538 554 565 558 489 514 529 505 491 529 533 530 536 566 537 508 512 522 524 519 538 530 507 509 517 550 547 517 536 548 527 528 541 528 498 466 476 492 461 486 456 451 462 454 471 508 535 486 477 483 476 467 448 464 506 548 545 524 513 513 526 549 550 537 535 497 482 520 500 524 539 509 546 548 536 522 507 533 531 513 534 532 540 540 537 484 436 469 497 497 489 491 471 453 489 503 472 514 530 543 524 526 545 532 510 520 541 523 529 504 508 493 462 468 462 449 462 463 517 517 502 499 498 538 516 530 522 486 463 458 469 484 487 529 516 476 467 522 539 489 467 446 464 483 499 533 548 522 559 565 534 498 487 486 490 511 519 528 530 502 460 502 482 500 501 488 488 495 510 538 521 541 527 574 541 526 473 438 494 500 478 453 499 522 508 506 505 526 485 519 532 542 546 540 547 533 491 493 477 490 482 472 492 544 508 518 510 475 492 496 503 527 538 552 541 528 498 560 532 515 509 516 544 503 491 529 543 538 590 580 552 574 544 521 533 564 522 530 483 484 495 493 497 476 508 470 462 470 479 483 508 486 476 469 474 471 474 461 453 509 482 494 467 501 479 444 457 455 499 571 574 563 539 571 550 540 513 517 527 511 503 480 464 474 478 473 479 481 521 542 530 510 547 563 507 506 511 512 477 448 468 488 546 519 508 496 487 498 535 538 547 545 526 488 499 484 466 473 494 500 536 500 450 468 478 479 505 552 516 486 473 501 548 539 508 548 547 547 538 533 493 495 478 471 476 490 517 540 570 548 543 533 507 497 509 533 500 498 513 529 546 547 535 529 479 455 448 454 504 491 476 518 490 474 510 502 498 511 522 488 500 505 
vem trace:

