SDId: 34715836
energy: 2.08511e+17
zenith: 0.342351
azimuth: 3.7041
GPSSeconc: 1126576760
stid: 341
spdistance: 814.455
radio trace:
482 522 523 522 481 532 533 507 500 509 466 448 442 471 434 457 501 486 497 519 526 539 506 486 512 491 454 468 530 542 541 543 530 532 531 544 552 539 501 526 514 503 448 432 452 462 447 470 481 556 504 477 487 476 485 529 558 530 519 489 486 500 491 495 467 459 493 463 484 473 480 514 532 534 514 516 493 458 468 478 454 480 525 506 507 498 513 479 460 527 526 500 489 513 514 493 502 533 516 493 446 477 474 479 487 515 512 541 524 470 494 497 516 497 506 534 530 484 470 460 510 527 507 528 524 499 506 529 525 516 521 501 513 504 487 464 489 464 482 503 491 469 465 487 529 507 432 436 480 478 486 452 424 455 484 473 488 524 530 476 484 501 546 520 475 502 489 482 489 506 515 532 489 487 476 481 489 469 486 461 491 493 480 505 488 515 507 484 481 500 482 463 451 458 455 506 522 514 495 474 456 454 486 502 484 480 465 434 453 484 525 525 511 507 467 456 453 454 443 475 499 498 517 535 496 507 534 545 502 456 467 456 478 507 547 555 516 499 512 505 505 497 490 530 497 468 456 475 505 546 538 517 506 441 461 489 491 484 476 476 471 496 504 482 482 499 506 538 521 537 509 522 531 548 501 511 519 519 486 483 478 456 409 424 459 469 487 501 526 469 468 485 488 469 479 484 452 458 465 537 478 502 510 474 471 503 494 499 480 451 421 461 458 447 450 433 462 489 480 460 492 505 506 511 533 499 468 466 465 478 474 483 514 507 473 471 502 500 507 468 471 470 475 492 532 549 533 515 534 547 530 499 485 485 503 544 537 520 522 500 476 456 463 497 492 516 497 483 479 487 502 516 528 508 469 454 484 456 471 486 487 482 471 509 470 480 488 513 512 515 493 463 483 515 467 463 473 465 454 482 509 551 518 487 506 485 488 512 512 509 492 520 503 469 478 458 433 447 451 469 489 494 508 520 510 505 442 448 472 502 503 494 505 533 533 532 534 521 493 455 463 478 500 472 456 499 520 515 502 477 481 512 526 513 508 502 474 450 426 444 435 467 453 485 487 518 556 533 505 476 478 511 516 492 483 493 459 466 468 461 520 535 541 535 545 520 509 523 493 492 462 472 490 509 483 440 435 485 476 506 514 494 442 483 497 508 505 515 515 473 476 539 523 456 490 531 504 488 475 490 542 538 512 490 474 466 486 495 423 445 487 474 459 465 458 490 514 551 569 543 527 524 525 514 529 515 524 508 511 530 521 522 494 493 518 527 528 508 491 515 535 533 573 546 526 517 539 544 568 556 511 509 508 483 470 485 481 519 503 496 497 509 514 506 482 506 494 517 484 477 452 489 489 512 489 484 513 545 507 491 485 507 523 453 464 499 521 526 495 487 486 471 509 543 496 466 489 513 496 479 503 524 505 503 473 488 463 455 470 461 466 484 493 462 482 462 455 474 480 485 478 478 490 472 459 468 495 495 482 490 503 500 491 489 486 463 455 509 481 457 509 528 490 492 484 510 521 492 519 494 490 500 491 487 475 488 529 511 505 521 518 507 516 464 457 480 472 471 466 512 513 510 516 504 489 513 516 490 504 511 530 540 533 550 529 482 478 502 486 500 464 485 491 465 461 496 483 497 475 492 525 513 541 489 456 483 500 511 494 480 494 495 524 541 514 517 509 483 469 460 461 480 482 471 485 502 530 535 501 513 506 534 536 514 511 510 500 533 512 494 440 450 499 530 490 477 480 491 
vem trace:

stid: 341
spdistance: 814.455
radio trace:
482 522 523 522 481 532 533 507 500 509 466 448 442 471 434 457 501 486 497 519 526 539 506 486 512 491 454 468 530 542 541 543 530 532 531 544 552 539 501 526 514 503 448 432 452 462 447 470 481 556 504 477 487 476 485 529 558 530 519 489 486 500 491 495 467 459 493 463 484 473 480 514 532 534 514 516 493 458 468 478 454 480 525 506 507 498 513 479 460 527 526 500 489 513 514 493 502 533 516 493 446 477 474 479 487 515 512 541 524 470 494 497 516 497 506 534 530 484 470 460 510 527 507 528 524 499 506 529 525 516 521 501 513 504 487 464 489 464 482 503 491 469 465 487 529 507 432 436 480 478 486 452 424 455 484 473 488 524 530 476 484 501 546 520 475 502 489 482 489 506 515 532 489 487 476 481 489 469 486 461 491 493 480 505 488 515 507 484 481 500 482 463 451 458 455 506 522 514 495 474 456 454 486 502 484 480 465 434 453 484 525 525 511 507 467 456 453 454 443 475 499 498 517 535 496 507 534 545 502 456 467 456 478 507 547 555 516 499 512 505 505 497 490 530 497 468 456 475 505 546 538 517 506 441 461 489 491 484 476 476 471 496 504 482 482 499 506 538 521 537 509 522 531 548 501 511 519 519 486 483 478 456 409 424 459 469 487 501 526 469 468 485 488 469 479 484 452 458 465 537 478 502 510 474 471 503 494 499 480 451 421 461 458 447 450 433 462 489 480 460 492 505 506 511 533 499 468 466 465 478 474 483 514 507 473 471 502 500 507 468 471 470 475 492 532 549 533 515 534 547 530 499 485 485 503 544 537 520 522 500 476 456 463 497 492 516 497 483 479 487 502 516 528 508 469 454 484 456 471 486 487 482 471 509 470 480 488 513 512 515 493 463 483 515 467 463 473 465 454 482 509 551 518 487 506 485 488 512 512 509 492 520 503 469 478 458 433 447 451 469 489 494 508 520 510 505 442 448 472 502 503 494 505 533 533 532 534 521 493 455 463 478 500 472 456 499 520 515 502 477 481 512 526 513 508 502 474 450 426 444 435 467 453 485 487 518 556 533 505 476 478 511 516 492 483 493 459 466 468 461 520 535 541 535 545 520 509 523 493 492 462 472 490 509 483 440 435 485 476 506 514 494 442 483 497 508 505 515 515 473 476 539 523 456 490 531 504 488 475 490 542 538 512 490 474 466 486 495 423 445 487 474 459 465 458 490 514 551 569 543 527 524 525 514 529 515 524 508 511 530 521 522 494 493 518 527 528 508 491 515 535 533 573 546 526 517 539 544 568 556 511 509 508 483 470 485 481 519 503 496 497 509 514 506 482 506 494 517 484 477 452 489 489 512 489 484 513 545 507 491 485 507 523 453 464 499 521 526 495 487 486 471 509 543 496 466 489 513 496 479 503 524 505 503 473 488 463 455 470 461 466 484 493 462 482 462 455 474 480 485 478 478 490 472 459 468 495 495 482 490 503 500 491 489 486 463 455 509 481 457 509 528 490 492 484 510 521 492 519 494 490 500 491 487 475 488 529 511 505 521 518 507 516 464 457 480 472 471 466 512 513 510 516 504 489 513 516 490 504 511 530 540 533 550 529 482 478 502 486 500 464 485 491 465 461 496 483 497 475 492 525 513 541 489 456 483 500 511 494 480 494 495 524 541 514 517 509 483 469 460 461 480 482 471 485 502 530 535 501 513 506 534 536 514 511 510 500 533 512 494 440 450 499 530 490 477 480 491 
vem trace:

stid: 332
spdistance: 944.509
radio trace:
572 532 572 591 567 570 534 584 577 545 501 517 542 520 513 517 520 557 556 556 551 556 509 489 492 517 516 533 533 518 486 495 506 523 517 573 515 504 515 541 536 522 532 511 517 506 497 474 498 514 483 504 489 485 473 462 463 500 554 552 517 509 501 516 502 476 516 543 548 571 564 558 536 505 552 504 513 528 520 506 489 512 505 532 534 519 524 566 543 552 535 531 493 516 542 518 539 541 556 561 562 530 531 554 571 542 536 524 549 526 503 497 500 551 574 609 568 540 515 510 571 597 583 567 572 551 551 512 499 510 487 512 532 579 572 571 545 560 568 573 519 519 506 454 491 534 510 560 579 557 538 542 549 548 532 499 495 493 528 545 543 558 576 575 555 521 526 517 524 527 544 547 556 525 512 511 519 580 571 530 512 540 550 551 546 535 547 543 500 481 513 512 508 502 511 551 547 528 521 484 512 552 557 547 523 528 513 494 453 483 515 491 501 526 514 540 568 536 509 500 540 511 534 538 536 515 555 536 528 512 540 553 526 522 517 552 552 559 531 557 557 547 525 553 529 525 504 519 547 506 495 496 523 552 538 529 533 512 468 493 496 503 513 528 512 539 520 513 502 520 520 511 523 527 533 535 531 566 563 555 519 536 555 540 538 557 556 503 474 469 480 526 532 533 512 516 510 539 545 568 564 518 526 519 515 507 519 529 522 524 517 534 544 529 490 511 507 499 507 510 521 502 495 494 496 499 498 538 547 521 491 527 577 524 507 515 486 485 525 499 508 538 527 531 485 482 523 534 538 553 518 528 549 514 510 526 558 556 530 514 523 520 525 570 537 522 471 476 508 549 541 512 479 489 497 539 507 475 500 506 494 528 506 540 566 570 533 547 554 568 580 564 512 516 533 548 568 580 548 531 527 554 503 502 533 516 523 527 525 518 529 531 533 506 515 536 537 532 500 532 502 518 541 519 558 575 564 571 583 536 521 540 563 568 529 557 556 528 488 499 465 487 487 507 467 513 511 492 527 529 520 520 536 537 534 528 541 552 572 562 585 554 530 552 574 524 514 525 533 513 529 514 562 540 532 538 538 524 532 526 544 527 532 525 529 555 532 508 495 474 469 509 529 530 516 548 524 548 539 510 533 546 577 547 546 528 484 481 512 493 513 559 569 547 523 516 529 533 521 484 499 532 529 508 468 510 491 502 527 531 553 561 553 547 513 506 509 521 515 530 516 480 536 551 562 519 508 516 515 545 540 519 517 523 524 517 513 518 512 513 537 500 515 542 539 571 585 590 574 527 530 536 542 536 543 539 539 514 521 547 554 530 474 479 484 518 514 529 577 557 563 526 530 520 544 535 521 532 560 522 517 498 549 530 518 506 519 512 514 527 547 542 573 571 542 526 554 546 517 494 524 531 529 551 591 564 531 537 536 562 529 547 563 582 525 513 552 531 508 518 516 515 526 536 560 538 536 550 525 518 545 542 523 527 545 564 544 545 558 522 530 550 518 511 532 530 527 544 541 524 489 529 576 520 502 536 532 482 501 536 499 503 505 507 528 520 525 505 543 558 540 544 508 551 532 506 496 489 483 507 541 517 509 483 488 503 515 515 518 522 512 547 529 543 541 482 521 538 536 545 543 561 553 521 539 540 531 540 548 566 514 468 487 489 485 533 554 518 506 510 489 528 550 537 557 528 507 513 571 577 540 525 525 515 506 475 475 544 549 534 502 510 535 543 551 544 523 500 
vem trace:

