SDId: 34508990
energy: 3.41736e+17
zenith: 0.675619
azimuth: 0.699503
GPSSeconc: 1125314458
stid: 341
spdistance: 839.475
radio trace:
498 500 466 507 440 424 457 487 517 488 480 490 437 418 458 484 506 529 503 487 467 528 533 559 565 555 521 501 467 451 461 512 496 492 467 490 496 512 478 466 474 510 514 482 491 496 507 488 487 511 484 491 487 504 489 491 487 470 469 432 453 481 483 475 438 469 517 515 475 513 507 499 501 479 528 539 535 489 457 479 515 491 464 491 483 477 441 472 500 495 494 522 459 437 442 442 466 480 488 473 431 477 461 475 449 478 492 457 452 494 511 476 506 466 466 460 443 442 463 457 478 483 487 490 493 492 458 471 505 497 486 488 466 478 478 489 487 497 470 486 477 451 459 471 459 486 479 474 454 434 508 483 524 498 526 505 501 496 492 478 462 499 486 475 455 469 464 480 502 525 528 533 509 503 510 494 447 455 490 511 458 448 451 447 441 473 461 493 497 496 465 479 467 485 505 470 472 481 490 506 496 484 465 488 474 476 512 488 480 487 492 465 474 449 479 518 530 531 489 519 497 478 456 475 450 460 440 468 487 462 444 458 493 484 491 464 453 474 500 442 415 441 505 524 493 477 472 459 493 489 476 451 473 487 442 457 475 482 497 503 531 490 493 496 485 475 497 506 493 529 488 491 506 501 504 488 465 505 515 504 492 500 540 512 516 525 502 477 503 511 478 494 463 442 430 423 449 460 493 506 487 484 494 508 505 473 465 497 510 524 510 520 498 490 484 479 426 442 469 509 472 477 500 487 465 427 458 459 483 498 513 483 451 468 531 541 514 492 477 501 485 430 436 457 448 459 494 507 494 515 495 501 513 509 521 514 478 501 534 509 486 499 459 445 504 493 468 454 479 492 485 525 545 547 504 538 520 516 531 511 475 462 436 425 454 451 477 500 512 568 522 497 490 528 495 485 484 469 462 475 476 474 504 493 475 532 555 536 503 492 469 469 463 499 479 488 477 534 500 511 540 512 507 498 512 554 524 523 493 507 466 474 490 494 495 481 475 491 484 453 435 464 463 487 480 469 467 473 486 536 488 453 452 426 444 465 454 466 476 495 459 482 515 513 470 521 505 483 486 494 485 478 462 499 496 486 496 482 507 498 504 472 463 475 487 521 509 506 507 495 500 519 490 480 504 488 499 489 465 474 483 460 459 448 454 476 470 461 455 462 492 475 469 447 439 453 488 469 434 435 475 482 473 499 487 477 475 484 471 492 502 466 464 481 492 472 429 459 486 487 521 521 511 534 505 543 559 573 523 498 504 483 473 518 538 538 487 477 485 507 522 508 480 486 474 524 510 481 501 475 492 467 436 458 432 450 469 481 484 480 482 463 440 516 480 496 497 470 478 482 503 515 485 491 508 516 497 506 493 502 507 526 489 494 498 501 505 489 485 483 504 494 480 462 486 505 491 543 512 509 495 443 447 510 532 491 487 476 480 518 520 509 509 516 523 484 484 457 479 521 472 486 469 492 495 497 524 507 483 521 489 458 432 470 477 453 476 435 470 471 473 441 458 509 484 494 484 493 531 556 520 500 489 484 476 491 477 477 493 500 463 482 539 535 520 500 495 490 499 452 482 481 505 505 484 499 490 484 493 497 535 501 517 492 494 479 458 460 511 552 509 516 480 480 446 477 502 476 496 506 500 524 502 443 460 509 522 547 514 506 488 461 467 486 502 479 497 479 457 457 513 508 449 469 466 480 487 463 474 490 473 499 524 523 535 509 479 515 512 506 478 521 504 497 496 461 454 453 
vem trace:

stid: 341
spdistance: 839.475
radio trace:
498 500 466 507 440 424 457 487 517 488 480 490 437 418 458 484 506 529 503 487 467 528 533 559 565 555 521 501 467 451 461 512 496 492 467 490 496 512 478 466 474 510 514 482 491 496 507 488 487 511 484 491 487 504 489 491 487 470 469 432 453 481 483 475 438 469 517 515 475 513 507 499 501 479 528 539 535 489 457 479 515 491 464 491 483 477 441 472 500 495 494 522 459 437 442 442 466 480 488 473 431 477 461 475 449 478 492 457 452 494 511 476 506 466 466 460 443 442 463 457 478 483 487 490 493 492 458 471 505 497 486 488 466 478 478 489 487 497 470 486 477 451 459 471 459 486 479 474 454 434 508 483 524 498 526 505 501 496 492 478 462 499 486 475 455 469 464 480 502 525 528 533 509 503 510 494 447 455 490 511 458 448 451 447 441 473 461 493 497 496 465 479 467 485 505 470 472 481 490 506 496 484 465 488 474 476 512 488 480 487 492 465 474 449 479 518 530 531 489 519 497 478 456 475 450 460 440 468 487 462 444 458 493 484 491 464 453 474 500 442 415 441 505 524 493 477 472 459 493 489 476 451 473 487 442 457 475 482 497 503 531 490 493 496 485 475 497 506 493 529 488 491 506 501 504 488 465 505 515 504 492 500 540 512 516 525 502 477 503 511 478 494 463 442 430 423 449 460 493 506 487 484 494 508 505 473 465 497 510 524 510 520 498 490 484 479 426 442 469 509 472 477 500 487 465 427 458 459 483 498 513 483 451 468 531 541 514 492 477 501 485 430 436 457 448 459 494 507 494 515 495 501 513 509 521 514 478 501 534 509 486 499 459 445 504 493 468 454 479 492 485 525 545 547 504 538 520 516 531 511 475 462 436 425 454 451 477 500 512 568 522 497 490 528 495 485 484 469 462 475 476 474 504 493 475 532 555 536 503 492 469 469 463 499 479 488 477 534 500 511 540 512 507 498 512 554 524 523 493 507 466 474 490 494 495 481 475 491 484 453 435 464 463 487 480 469 467 473 486 536 488 453 452 426 444 465 454 466 476 495 459 482 515 513 470 521 505 483 486 494 485 478 462 499 496 486 496 482 507 498 504 472 463 475 487 521 509 506 507 495 500 519 490 480 504 488 499 489 465 474 483 460 459 448 454 476 470 461 455 462 492 475 469 447 439 453 488 469 434 435 475 482 473 499 487 477 475 484 471 492 502 466 464 481 492 472 429 459 486 487 521 521 511 534 505 543 559 573 523 498 504 483 473 518 538 538 487 477 485 507 522 508 480 486 474 524 510 481 501 475 492 467 436 458 432 450 469 481 484 480 482 463 440 516 480 496 497 470 478 482 503 515 485 491 508 516 497 506 493 502 507 526 489 494 498 501 505 489 485 483 504 494 480 462 486 505 491 543 512 509 495 443 447 510 532 491 487 476 480 518 520 509 509 516 523 484 484 457 479 521 472 486 469 492 495 497 524 507 483 521 489 458 432 470 477 453 476 435 470 471 473 441 458 509 484 494 484 493 531 556 520 500 489 484 476 491 477 477 493 500 463 482 539 535 520 500 495 490 499 452 482 481 505 505 484 499 490 484 493 497 535 501 517 492 494 479 458 460 511 552 509 516 480 480 446 477 502 476 496 506 500 524 502 443 460 509 522 547 514 506 488 461 467 486 502 479 497 479 457 457 513 508 449 469 466 480 487 463 474 490 473 499 524 523 535 509 479 515 512 506 478 521 504 497 496 461 454 453 
vem trace:

