SDId: 34883913
energy: 7.14015e+17
zenith: 0.822486
azimuth: 3.7837
GPSSeconc: 1127614155
stid: 342
spdistance: 488.558
radio trace:
442 463 454 447 442 440 450 433 440 441 444 448 432 395 406 406 426 423 447 431 452 419 376 369 422 407 418 475 469 476 475 459 476 455 399 374 423 471 447 440 438 435 392 409 448 458 436 425 428 427 455 452 433 424 423 434 428 461 451 415 445 433 437 444 450 419 418 413 434 416 414 448 460 442 428 428 437 446 446 480 440 432 409 448 466 451 466 466 450 458 459 439 415 428 445 436 450 433 416 417 453 445 453 407 452 450 430 400 401 405 430 437 468 467 471 468 462 460 453 422 415 411 399 400 388 432 458 462 445 451 439 425 449 436 434 459 457 445 459 475 445 433 441 449 445 429 431 441 443 449 439 410 430 439 436 443 448 476 490 443 431 438 454 446 438 440 436 427 447 422 403 423 428 437 440 441 457 452 421 413 423 459 434 461 478 462 442 439 481 438 425 460 443 479 457 447 410 413 429 437 440 435 420 415 439 453 453 457 458 473 474 434 426 434 419 444 466 454 408 406 418 420 447 455 486 468 475 454 425 390 406 432 447 437 436 463 450 428 444 451 437 454 429 448 465 447 445 458 474 445 421 443 447 420 399 412 433 428 424 456 494 462 458 455 437 429 458 438 424 396 415 442 429 460 465 440 435 458 474 475 462 423 414 423 409 391 434 435 428 448 404 415 439 426 431 457 464 444 451 444 445 432 417 403 417 431 431 439 434 447 475 455 436 429 440 455 478 468 473 456 435 449 412 394 423 470 447 445 463 431 430 429 416 426 435 415 438 432 437 440 435 417 408 441 456 449 440 437 427 424 442 458 426 397 419 420 425 448 457 467 456 417 450 454 440 446 448 442 461 483 482 478 457 473 471 471 443 454 437 412 439 462 473 455 448 428 431 474 464 451 431 437 428 441 428 412 417 433 452 478 481 479 452 440 445 451 445 424 466 458 447 389 372 394 423 423 437 441 446 457 453 424 443 454 460 442 441 453 446 413 425 431 454 456 432 396 405 406 422 426 425 427 438 419 429 431 434 430 424 437 429 460 455 425 423 425 443 430 443 412 413 408 432 442 446 442 437 453 446 453 467 429 451 468 487 440 431 434 455 443 459 461 442 465 423 389 438 451 451 469 468 449 414 438 461 465 429 412 434 454 443 445 480 483 480 440 444 422 430 455 437 450 451 466 458 437 423 442 445 436 443 452 442 413 413 450 456 443 443 425 415 435 452 444 443 461 442 440 420 438 434 427 421 425 435 447 438 437 408 405 416 459 462 452 453 435 424 419 446 458 437 431 442 452 454 465 454 427 468 483 447 429 449 458 462 443 431 433 431 441 444 435 446 434 469 492 456 436 453 468 464 438 479 458 449 466 471 447 437 421 422 429 443 427 420 421 424 451 489 480 476 488 468 471 461 421 443 451 444 463 456 476 449 419 424 429 422 441 394 392 407 429 445 456 468 463 461 479 480 464 447 433 469 475 433 450 442 434 419 451 436 443 465 457 465 448 441 437 424 444 450 449 434 406 416 399 401 443 435 433 451 472 433 455 452 421 440 429 428 405 426 450 460 431 431 453 436 462 458 453 435 430 481 474 468 467 454 425 456 443 439 455 472 486 467 443 447 437 447 440 423 430 453 484 441 451 453 467 448 444 472 457 454 457 444 455 485 453 450 441 407 415 435 456 464 448 446 451 422 412 420 440 430 442 450 476 448 454 457 432 424 429 430 417 431 423 449 430 453 442 412 419 410 437 417 430 422 426 
vem trace:

stid: 333
spdistance: 1097.91
radio trace:
429 423 461 450 419 388 391 418 435 448 461 397 424 419 426 444 439 417 407 413 414 412 441 445 428 424 438 451 436 441 469 466 447 451 494 484 467 446 451 436 397 421 433 469 457 448 436 428 432 460 459 490 462 441 450 463 427 437 426 408 404 402 417 409 429 394 389 411 435 422 423 433 453 418 386 403 404 384 441 434 446 446 485 478 476 447 428 447 457 469 434 423 441 478 428 458 466 473 456 452 469 494 441 411 414 434 439 441 440 466 469 460 450 470 474 449 473 481 477 439 463 472 432 413 422 412 402 462 440 457 509 480 441 425 446 448 434 402 411 442 454 448 454 397 425 423 419 408 419 437 411 408 436 470 435 445 451 435 435 454 445 440 440 471 455 457 421 397 427 458 461 427 445 463 456 452 449 466 446 428 429 435 410 380 411 415 404 421 436 454 452 448 451 490 479 482 496 447 446 468 448 431 469 455 443 438 445 400 409 422 454 459 502 470 426 428 436 423 429 443 413 410 412 425 451 458 464 437 399 412 414 458 454 445 427 445 444 436 440 439 449 455 446 462 468 467 458 422 409 443 461 408 395 374 359 392 414 435 468 485 444 434 464 467 424 414 400 445 418 406 454 442 419 452 439 455 461 435 433 433 439 436 422 452 433 448 452 454 415 404 375 449 465 422 406 402 399 424 460 429 431 425 431 453 460 432 401 407 433 457 433 445 447 451 481 494 449 456 437 420 444 444 478 471 480 447 448 480 464 410 395 412 438 436 426 450 439 435 462 456 465 449 452 421 454 470 478 449 412 444 451 458 465 430 439 440 443 457 442 426 486 458 463 446 419 425 437 395 432 453 478 483 481 461 466 459 460 455 474 447 462 466 442 423 421 462 446 462 474 430 420 388 449 465 483 475 477 445 419 440 422 404 444 455 428 423 478 454 430 424 429 425 445 442 440 459 473 456 456 448 414 399 415 451 438 428 418 400 364 358 382 416 434 396 411 449 430 439 461 426 463 437 437 446 468 462 461 466 467 449 469 467 420 426 424 411 389 397 440 444 463 439 423 438 444 449 409 393 421 430 452 466 468 445 402 422 472 474 436 409 439 414 411 421 470 476 447 431 457 426 412 431 447 479 480 508 457 443 418 450 437 433 437 430 420 446 466 473 440 416 435 464 485 457 450 437 441 400 397 435 425 424 428 442 435 436 440 429 432 398 374 408 457 446 412 412 435 458 448 441 454 442 402 430 442 402 409 438 439 439 443 414 441 455 462 425 419 430 429 411 416 449 447 386 424 429 458 496 456 443 443 425 427 452 476 462 488 461 440 437 439 440 449 450 455 469 448 420 422 450 483 463 453 480 482 469 447 429 445 454 431 400 392 416 443 464 494 455 409 427 436 416 417 441 443 405 421 452 443 452 424 429 438 454 444 445 437 417 441 454 438 403 397 434 422 422 432 466 481 454 433 446 481 468 464 472 460 455 462 446 423 451 472 483 505 513 479 460 445 418 439 436 449 479 481 455 439 439 393 423 436 439 417 420 451 480 449 438 460 472 454 475 479 477 506 491 455 453 471 484 462 443 462 445 447 444 442 448 449 434 428 421 361 399 426 424 416 420 431 416 413 458 447 446 413 384 420 413 425 429 447 439 410 426 452 451 434 416 421 452 455 465 471 467 495 499 480 458 446 422 446 442 482 457 427 415 450 462 431 420 412 421 423 466 466 453 466 435 411 429 465 457 457 483 469 446 437 415 
vem trace:

