SDId: 34789551
energy: 4.46533e+17
zenith: 0.718701
azimuth: 2.94811
GPSSeconc: 1127014845
stid: 419
spdistance: 593.726
radio trace:
461 418 414 448 431 426 452 458 478 457 468 490 462 444 473 493 482 481 469 486 452 490 470 477 471 419 448 431 473 469 479 481 469 433 430 462 467 465 480 507 504 497 462 440 447 428 425 446 453 486 487 511 502 509 491 474 433 405 423 415 429 425 428 437 464 477 485 475 514 490 459 422 405 406 465 484 473 480 475 423 396 394 404 441 449 455 469 476 472 492 485 458 467 457 444 446 454 438 489 489 440 428 500 514 493 478 465 482 540 513 526 493 445 444 437 428 429 471 531 520 516 559 475 466 471 443 483 495 480 454 476 484 446 435 426 444 439 431 425 443 436 453 479 439 421 454 446 482 524 505 516 473 518 495 471 495 506 439 422 420 448 455 458 526 471 439 433 438 467 454 402 437 438 474 472 464 501 460 424 460 469 499 465 485 516 470 457 490 522 508 476 408 450 427 452 466 467 480 441 461 458 455 441 430 435 448 489 545 520 444 453 485 412 443 466 407 375 426 444 426 471 482 437 449 463 474 464 441 475 473 429 406 423 458 490 452 449 498 468 464 411 407 397 407 432 452 454 473 497 518 464 487 449 463 472 501 519 482 475 446 391 406 453 476 461 476 500 492 520 518 463 493 509 499 506 491 466 447 462 507 485 463 461 451 477 496 472 471 510 521 504 474 483 473 464 495 485 436 467 451 443 453 455 400 350 376 415 423 425 436 450 461 436 444 427 439 469 490 507 480 491 495 469 466 488 458 441 475 467 433 445 489 464 467 513 486 495 492 483 442 436 447 463 490 446 432 419 452 473 457 445 459 476 431 465 478 482 441 415 476 514 513 487 467 431 454 442 419 456 490 531 498 510 547 485 446 499 511 502 524 514 474 454 483 470 506 488 470 458 464 449 478 507 497 482 482 457 477 527 496 501 527 501 460 427 419 420 420 404 433 460 458 452 466 459 481 470 481 519 478 465 438 404 484 458 422 416 490 481 496 504 495 452 464 470 490 498 496 473 475 476 476 506 514 414 472 458 497 440 429 468 436 410 444 445 423 453 476 497 540 458 415 463 479 472 513 490 498 516 476 470 453 449 488 519 513 494 512 505 491 453 479 454 418 463 431 464 486 492 486 461 449 453 459 436 456 427 452 484 457 466 484 520 482 499 438 405 393 409 439 462 447 489 502 488 473 431 480 504 499 462 427 426 440 426 459 429 415 450 423 429 438 479 493 484 487 489 455 469 413 431 453 436 460 463 495 468 471 420 447 462 442 455 461 471 485 448 446 423 424 424 468 434 426 482 505 433 437 454 465 425 422 467 419 410 385 442 483 461 423 413 414 450 485 498 483 414 472 493 454 444 413 421 419 463 418 427 457 457 484 479 487 440 399 468 459 465 383 437 479 466 450 420 450 506 559 518 504 496 515 530 491 508 501 457 465 457 404 436 442 442 432 453 453 460 441 447 481 468 459 466 405 400 423 438 435 416 434 462 451 516 492 486 508 502 482 485 478 464 462 433 433 463 474 496 494 481 472 517 464 458 452 422 461 475 481 459 488 466 450 455 483 464 461 489 460 426 478 462 464 495 495 481 472 442 430 419 405 375 406 431 494 467 466 434 444 435 425 470 491 469 501 436 448 464 444 448 488 477 410 445 499 501 505 491 445 454 455 445 461 475 480 507 491 436 465 472 470 417 484 516 453 462 458 454 495 523 510 482 500 500 495 456 434 456 479 493 473 475 470 459 455 459 421 439 427 388 435 
vem trace:

stid: 333
spdistance: 3146.28
radio trace:
415 417 446 459 477 482 466 477 447 459 485 504 457 444 437 469 464 450 420 413 427 417 388 436 419 463 455 441 406 384 393 418 439 442 437 432 423 427 443 438 470 473 467 460 426 444 409 427 429 425 428 451 382 399 427 453 463 455 453 422 446 478 434 383 405 417 419 450 446 439 468 448 449 444 425 454 453 426 440 457 463 467 433 418 403 394 444 442 447 437 448 478 474 453 428 440 459 452 461 448 480 469 445 414 390 391 398 372 391 429 462 441 435 437 437 447 457 456 433 455 434 424 417 393 423 433 458 469 417 429 426 430 465 412 445 420 390 393 439 430 417 433 422 435 421 442 465 420 433 409 390 421 394 407 405 446 474 446 409 419 399 381 391 415 401 386 389 362 376 380 393 424 405 390 396 425 425 442 442 452 414 416 395 442 426 408 456 446 443 434 444 445 443 440 427 433 447 460 449 459 450 433 451 442 454 446 476 475 481 471 433 449 396 395 432 413 430 472 495 464 429 435 435 417 428 409 423 435 443 446 439 427 439 481 449 430 405 404 407 424 392 389 391 383 440 436 401 413 426 421 446 431 395 378 393 439 464 432 439 441 439 446 417 406 434 468 466 470 444 459 480 442 412 425 420 416 415 453 445 425 412 416 372 408 429 440 413 422 405 428 423 431 433 429 422 423 454 438 436 434 437 452 469 408 431 446 431 435 419 451 476 455 466 436 393 424 459 422 417 406 421 442 402 385 409 387 418 412 421 432 432 413 428 422 417 389 407 411 388 353 385 396 390 388 404 430 450 449 432 437 430 431 434 438 447 415 386 393 424 448 454 419 419 399 420 416 402 455 436 410 413 426 395 394 380 421 408 420 431 440 419 383 430 454 436 426 446 464 433 465 474 451 458 466 430 432 457 461 419 429 438 426 440 436 447 449 453 451 450 460 424 414 390 412 455 475 443 465 498 441 431 443 395 365 397 421 436 397 431 456 483 461 409 423 450 449 429 424 414 421 436 400 416 431 391 399 451 453 474 466 465 418 428 411 419 393 434 444 443 440 426 391 393 413 416 383 416 399 436 415 404 453 446 471 438 422 473 477 443 429 472 497 497 469 438 450 423 426 434 429 443 394 396 410 425 453 445 421 387 350 405 402 417 408 430 429 443 433 435 426 424 440 426 411 429 461 438 405 400 386 426 454 452 430 421 449 467 447 451 412 409 416 451 464 475 463 463 429 414 407 398 411 413 436 414 402 440 426 455 435 419 415 427 451 481 444 437 432 395 433 449 433 429 458 453 451 443 473 463 436 431 447 460 428 426 417 399 416 424 443 410 428 402 411 415 407 390 369 402 446 447 418 422 412 425 446 454 445 426 430 404 394 425 435 434 419 411 422 409 450 454 427 430 441 435 420 418 403 415 422 424 444 453 428 467 456 468 437 425 430 448 425 421 394 395 407 450 451 451 431 426 425 434 438 473 450 466 445 414 451 467 444 432 442 447 454 436 426 470 457 450 447 462 456 476 452 427 401 408 395 409 440 469 485 449 448 438 416 430 406 432 409 404 413 437 442 454 439 388 423 413 458 467 462 441 421 429 449 444 429 413 406 406 396 417 445 443 416 409 406 417 430 422 413 430 421 453 435 453 422 439 406 406 431 436 434 438 460 430 457 439 415 426 432 423 439 442 472 430 432 421 431 412 429 402 385 394 398 405 381 402 408 419 420 443 445 421 430 412 453 446 405 398 423 442 432 421 435 
vem trace:

