SDId: 34874155
energy: 1.30264e+18
zenith: 0.317439
azimuth: 5.77462
GPSSeconc: 1127552173
stid: 333
spdistance: 426.564
radio trace:
467 461 413 373 378 415 460 472 444 457 431 402 433 454 460 425 422 424 417 417 454 459 421 397 377 404 441 413 443 434 429 418 429 425 411 428 430 396 422 435 400 432 436 439 453 411 411 444 415 412 393 398 363 388 450 460 427 407 447 427 370 396 414 418 411 437 434 427 420 449 461 438 417 453 457 451 419 414 435 434 419 388 409 412 392 418 389 415 420 438 424 432 407 395 383 415 424 395 418 439 444 446 427 444 430 429 422 425 418 440 407 383 425 435 424 467 446 424 429 451 466 459 424 456 445 465 447 423 451 459 472 421 434 423 430 428 410 387 370 414 440 426 373 399 406 431 452 465 452 440 435 436 434 426 404 428 434 433 416 406 421 458 418 431 453 460 444 378 417 447 443 420 423 441 445 451 451 429 400 374 395 389 410 416 434 424 424 432 440 455 487 492 473 445 396 414 416 463 453 449 456 428 428 430 454 428 434 436 409 421 441 422 428 462 439 416 398 441 470 431 386 406 457 430 429 459 439 455 446 413 377 411 424 445 446 476 459 408 369 385 411 433 434 446 423 404 425 405 423 441 449 451 452 436 405 416 432 437 440 435 418 424 383 412 430 428 426 412 372 380 382 399 411 407 410 397 424 429 389 384 394 412 421 435 460 476 460 416 392 396 440 450 477 484 437 395 411 416 429 400 379 391 412 417 446 401 429 420 411 436 440 412 421 433 458 475 497 440 438 443 427 427 406 414 450 444 438 429 411 408 409 361 404 405 389 401 404 431 414 425 444 437 454 429 423 435 445 432 400 404 423 447 431 447 441 395 410 402 416 408 421 422 432 437 418 445 453 445 438 419 456 437 421 450 428 407 417 423 410 421 371 397 430 443 432 415 406 418 477 450 417 439 443 428 450 451 424 445 426 433 437 444 415 424 401 410 435 449 428 434 414 446 457 464 459 464 437 450 460 442 449 447 422 425 432 430 419 439 451 451 478 458 424 420 411 421 426 424 412 427 401 405 410 395 396 424 449 437 442 465 463 438 442 401 410 399 388 414 404 413 411 372 384 389 411 453 456 446 415 428 433 445 421 456 431 418 401 400 420 428 478 433 434 453 454 424 412 413 433 421 390 391 361 389 423 452 439 410 414 441 443 417 448 456 460 429 417 437 387 406 422 415 389 412 425 435 424 408 377 400 386 401 419 439 462 416 400 427 410 394 401 404 418 429 438 469 469 423 398 417 452 442 428 422 408 439 461 475 453 431 406 389 412 445 433 412 427 410 441 444 444 451 465 460 421 410 409 442 447 423 440 480 458 454 453 461 474 441 439 442 423 422 437 436 467 445 436 429 485 474 450 455 450 447 414 418 397 419 393 400 420 433 410 402 380 381 356 378 410 419 442 425 437 481 459 454 419 433 424 415 418 446 459 444 462 456 451 464 465 444 480 442 437 448 446 439 430 437 427 431 445 450 433 439 436 436 417 442 420 435 402 394 410 438 434 449 459 432 411 423 402 429 448 442 415 416 430 410 400 432 415 410 410 456 445 445 420 408 390 389 389 358 365 439 435 434 439 441 468 443 420 428 447 413 427 416 428 430 414 392 427 416 448 458 496 481 447 425 414 406 450 466 452 472 462 411 403 415 452 466 473 458 417 415 426 420 431 417 458 439 438 453 449 444 449 473 430 412 440 461 415 383 385 378 420 432 457 436 463 424 454 449 471 443 447 414 403 410 421 414 419 385 409 406 419 468 454 425 
vem trace:

stid: 332
spdistance: 1020.21
radio trace:
563 572 494 518 533 531 494 512 543 562 544 535 509 532 553 527 535 545 552 556 543 547 549 523 526 516 543 549 539 533 557 566 542 550 545 572 495 520 547 566 537 536 536 531 535 565 557 548 506 504 556 556 537 581 551 550 554 527 522 546 539 565 513 528 552 554 536 543 548 534 531 502 530 557 570 551 553 556 546 532 563 547 508 513 513 520 536 551 548 541 533 516 518 517 516 522 505 517 545 538 529 536 560 572 537 560 585 575 559 559 567 573 555 557 530 523 543 557 522 486 509 516 569 572 581 559 514 515 507 550 559 551 543 535 536 563 556 548 541 536 537 520 527 534 528 543 549 529 533 526 546 556 565 541 548 546 541 585 549 551 542 531 567 572 554 550 547 544 553 542 522 518 557 571 601 557 541 534 514 552 565 564 545 556 568 586 580 552 548 512 512 513 511 530 537 522 520 526 539 517 532 525 505 533 522 513 559 553 556 571 568 556 569 576 540 568 542 513 521 537 511 564 559 539 553 563 582 583 512 532 534 543 548 557 571 574 580 543 533 518 494 533 559 558 496 479 481 537 577 561 533 540 523 528 522 557 551 551 556 576 536 543 524 520 532 552 548 533 538 547 536 539 544 575 549 534 567 539 529 537 529 543 530 537 577 550 551 535 550 540 556 572 550 569 540 552 535 525 539 494 482 498 526 519 517 552 577 577 576 546 552 519 529 551 526 504 519 545 568 574 565 532 514 539 528 506 508 519 496 488 502 527 525 506 523 488 526 545 539 547 546 519 527 526 541 575 556 534 536 532 507 540 555 570 565 514 521 565 542 570 586 587 570 560 527 546 547 527 537 515 531 535 555 574 581 561 520 512 532 528 553 529 517 503 543 545 511 520 526 541 586 573 580 571 521 489 511 519 540 545 506 520 539 572 548 559 565 553 568 568 541 530 539 573 590 529 514 530 536 529 513 538 513 535 560 542 556 570 548 551 567 572 576 577 564 531 531 527 557 556 575 588 555 542 559 542 537 562 579 573 589 553 552 538 545 549 549 556 561 563 521 505 526 497 551 544 524 527 570 536 549 568 584 536 520 534 512 493 519 554 561 524 511 526 510 507 514 522 535 539 548 546 544 549 555 582 526 532 496 503 552 519 508 558 582 582 553 517 492 533 560 564 550 572 524 557 568 532 542 580 590 592 608 537 545 549 509 523 532 526 531 492 523 550 564 566 577 522 518 533 547 548 555 534 501 502 553 570 570 574 570 566 579 563 507 529 527 535 521 518 533 539 534 525 542 525 517 495 497 502 517 517 547 547 559 534 533 541 532 542 574 563 569 524 524 518 517 569 547 539 572 577 568 555 558 540 538 555 542 559 535 527 529 516 511 544 567 561 539 526 551 536 558 556 543 533 553 579 568 531 538 529 559 545 575 567 552 501 527 542 549 578 554 540 569 596 620 613 586 564 534 535 546 553 546 566 527 535 541 528 548 575 532 556 541 545 525 534 544 534 508 545 538 526 543 548 555 542 556 537 539 500 507 547 536 560 557 512 552 568 554 547 573 569 533 560 564 528 499 505 534 542 529 541 502 500 509 523 511 494 524 532 524 543 552 527 512 537 522 560 570 545 568 583 560 549 528 553 544 540 567 545 554 540 549 529 545 556 575 582 563 576 596 599 603 618 573 565 561 548 503 525 533 540 545 517 510 518 523 529 561 549 553 550 518 550 543 544 533 532 508 548 541 507 513 548 529 568 
vem trace:

stid: 342
spdistance: 1354.43
radio trace:
414 400 400 384 411 390 401 418 411 430 460 448 427 426 441 424 419 414 409 406 428 465 466 421 415 413 429 433 451 439 421 411 410 395 377 331 365 403 437 416 394 391 407 385 388 431 449 433 409 433 434 442 376 408 427 425 391 405 411 394 356 383 383 414 406 397 376 397 406 390 418 423 424 429 416 445 446 440 440 442 442 428 417 428 435 457 436 454 461 434 444 431 405 385 405 427 443 465 455 442 446 446 458 408 412 442 440 438 435 441 443 412 430 421 434 411 427 440 443 440 431 441 425 429 411 429 434 425 424 417 414 427 454 444 410 409 393 406 417 397 386 407 421 400 397 424 421 402 441 405 402 424 440 430 424 399 422 409 396 380 407 443 435 413 405 417 408 404 432 419 402 427 420 428 420 422 385 401 407 398 403 401 421 396 410 407 426 422 405 401 423 435 424 395 432 433 420 414 413 380 383 414 398 402 435 439 420 406 403 426 439 455 462 442 449 414 431 410 398 440 420 413 441 384 392 405 383 390 390 412 398 425 425 426 435 417 434 415 411 431 443 428 410 410 409 418 426 421 390 378 385 408 410 416 441 450 432 463 451 419 417 429 427 402 427 419 399 423 440 390 413 442 404 399 446 414 431 421 437 434 421 413 417 457 433 407 389 402 392 390 401 393 392 373 420 432 397 409 417 408 425 423 426 397 421 452 421 431 435 434 417 417 420 437 418 410 426 427 411 415 384 400 401 404 404 444 415 414 424 411 417 440 417 417 412 413 407 446 454 439 435 413 420 421 435 442 432 423 434 425 418 435 412 399 392 391 410 431 438 459 419 402 443 446 463 458 419 422 422 415 415 389 387 397 422 410 387 397 418 419 401 398 428 436 449 421 444 454 474 459 443 442 446 451 422 409 404 414 430 438 440 420 422 430 431 452 399 404 445 409 385 377 386 412 415 420 395 399 407 384 387 390 385 392 414 432 424 407 418 415 404 402 381 374 382 395 401 405 423 386 403 394 398 389 402 408 422 416 420 435 441 439 428 411 424 433 432 406 417 403 423 433 414 423 434 411 397 405 410 410 417 424 417 417 409 415 424 451 445 424 401 406 408 437 438 411 430 404 409 405 401 383 389 403 435 447 432 434 437 421 452 441 418 427 431 407 455 423 386 373 415 431 441 406 421 417 423 448 454 432 385 407 437 432 453 447 465 464 452 439 440 458 452 417 441 444 437 416 402 415 406 395 367 398 421 424 453 442 433 408 403 405 421 409 392 402 438 435 432 417 419 396 383 386 425 450 453 434 428 422 413 406 432 422 449 439 429 441 457 443 445 432 442 436 442 431 419 414 424 424 431 438 432 425 416 425 425 421 429 429 425 433 404 411 426 424 413 413 404 414 410 423 425 430 399 423 436 441 416 387 409 430 456 446 423 426 404 425 420 412 421 425 456 434 407 430 431 444 419 427 446 451 443 415 382 398 417 421 429 446 443 448 421 405 392 403 420 410 418 435 406 396 406 377 377 378 421 431 419 424 448 435 420 413 411 432 400 407 400 428 450 452 426 451 422 396 397 404 411 436 442 452 457 431 417 435 428 406 415 397 417 436 409 426 417 393 405 418 417 408 417 428 431 401 388 383 391 376 385 425 435 419 407 408 437 420 415 421 423 438 427 392 423 437 403 393 389 399 439 450 452 442 396 428 434 398 407 394 432 400 393 402 443 435 405 421 428 439 413 386 393 404 425 434 413 405 408 419 
vem trace:

