SDId: 34626247
energy: 4.53939e+17
zenith: 0.494416
azimuth: 5.14651
GPSSeconc: 1126119450
stid: 342
spdistance: 716.92
radio trace:
491 474 485 507 491 479 498 511 484 487 463 458 476 519 554 513 501 500 486 496 498 488 472 434 449 478 471 478 490 514 497 473 464 452 446 450 465 470 482 458 488 476 427 445 454 450 476 473 472 455 478 489 480 482 522 513 526 514 498 484 509 498 499 502 476 483 489 470 508 511 494 470 498 486 466 476 477 475 478 495 517 526 491 498 468 483 492 501 512 524 499 500 477 471 484 506 478 479 495 505 495 491 495 512 530 522 532 506 485 501 504 493 500 474 471 506 502 476 456 475 497 511 520 509 480 498 522 503 507 482 506 526 529 512 499 493 484 462 477 484 474 487 482 502 514 492 505 518 498 503 513 502 493 484 510 517 492 460 468 468 486 495 498 496 495 500 477 480 497 488 473 488 483 509 492 476 479 510 523 502 482 468 485 501 484 483 508 515 509 513 565 509 526 502 482 489 484 477 478 490 474 502 494 516 561 545 519 492 488 470 464 442 500 516 513 474 471 472 469 478 477 491 495 489 481 475 503 453 475 469 506 514 503 484 477 492 488 480 492 506 491 505 509 486 469 480 511 507 494 482 478 489 543 536 494 491 495 450 457 463 477 476 478 507 505 518 506 522 517 492 466 458 459 464 485 479 462 484 484 463 460 450 434 479 467 475 465 479 491 499 486 491 493 527 487 482 479 453 504 481 484 503 511 491 483 480 493 523 549 519 481 509 499 449 434 440 476 470 495 497 485 479 470 491 490 511 534 528 481 511 489 506 513 540 539 485 489 505 488 467 452 464 481 482 472 466 475 455 466 525 518 518 526 498 463 499 516 506 511 487 472 480 502 486 502 501 518 505 509 489 470 442 450 479 484 486 520 516 512 475 478 479 481 487 503 507 472 491 543 524 546 532 490 488 451 472 484 473 463 462 493 509 485 463 457 477 487 495 513 517 492 486 504 498 509 506 485 495 509 502 481 496 471 492 475 460 450 470 494 475 455 470 446 475 476 495 510 514 494 462 464 468 473 501 506 463 458 493 508 506 496 479 488 503 499 557 547 537 512 530 503 494 499 536 525 509 496 463 463 481 508 501 495 525 493 476 444 466 468 491 483 484 461 475 464 467 482 494 514 514 489 487 509 512 505 488 494 493 513 491 519 552 520 476 493 542 570 542 482 495 505 470 499 493 472 494 503 490 502 497 499 500 486 507 524 536 540 520 487 497 505 475 487 515 503 476 485 474 474 456 440 452 458 483 495 512 507 479 465 482 497 494 489 498 451 461 476 534 568 544 503 497 514 513 541 514 519 492 499 496 496 498 525 500 515 498 490 485 489 479 483 511 490 455 449 487 502 472 460 483 504 499 504 508 504 507 505 482 479 507 492 455 525 509 476 458 478 473 471 481 508 507 511 482 511 498 470 462 482 468 465 498 504 507 541 519 484 479 483 507 493 476 476 479 442 482 502 518 489 507 486 471 477 455 480 482 502 504 469 451 477 432 431 437 480 463 468 472 496 497 484 496 499 523 497 471 487 459 491 475 482 509 496 457 534 539 507 515 488 473 470 501 478 478 492 501 511 472 445 458 480 483 484 482 497 474 469 493 485 450 458 468 490 512 510 470 460 471 496 454 475 466 494 519 520 497 489 500 501 449 401 438 472 481 461 483 492 472 474 507 514 536 524 516 492 497 491 471 481 487 486 489 514 497 471 468 444 420 453 474 507 500 468 462 479 495 506 516 518 479 453 442 469 494 511 513 518 512 
vem trace:

stid: 332
spdistance: 730.029
radio trace:
581 550 553 545 549 546 562 545 548 547 596 591 576 557 474 531 548 542 542 569 580 547 539 539 547 548 543 561 596 600 583 574 527 558 593 565 541 568 583 569 571 579 588 547 531 548 564 557 573 559 524 569 584 575 580 567 540 580 575 544 529 551 557 536 545 580 578 586 622 601 546 558 623 599 597 569 559 562 541 533 504 542 540 495 523 530 562 583 599 560 575 585 572 534 531 515 555 580 573 583 571 572 589 587 557 583 532 539 555 551 581 572 558 556 556 549 544 588 612 579 536 518 524 539 526 519 546 586 558 571 553 549 568 581 536 533 555 562 537 510 533 575 589 573 544 532 537 520 514 545 540 542 560 516 558 574 564 553 580 556 534 544 551 556 537 559 555 577 544 524 541 580 574 579 595 588 576 586 577 581 540 536 572 581 584 546 511 509 556 570 583 557 574 553 567 574 540 509 530 502 515 506 523 538 543 548 506 516 552 544 540 551 554 543 542 526 531 537 572 588 579 529 559 541 524 551 565 556 577 587 568 561 584 572 566 547 557 546 528 555 573 567 581 574 572 562 523 511 480 514 548 550 506 548 585 578 605 613 595 575 521 543 547 544 533 545 572 541 561 581 531 504 519 543 574 568 554 525 514 546 557 542 523 522 520 542 529 560 567 532 545 550 539 557 536 552 562 542 513 546 546 544 552 580 579 560 575 521 524 559 552 575 571 574 575 573 579 549 544 545 536 523 530 532 526 590 570 564 561 596 575 557 537 515 549 571 539 508 541 516 541 578 548 522 532 541 521 547 576 585 544 557 555 538 567 544 522 528 505 520 561 528 493 529 567 591 553 542 567 615 566 569 544 551 563 576 561 530 544 528 541 540 534 558 575 556 542 526 569 575 591 584 541 530 561 581 558 535 560 533 524 571 566 559 521 525 519 511 539 509 478 483 508 545 576 540 506 525 506 557 588 579 577 563 566 546 569 559 583 577 574 578 572 559 559 597 599 598 598 553 579 576 552 574 571 553 523 548 529 550 572 589 574 580 551 571 565 560 558 527 558 598 592 572 561 537 541 547 532 542 566 552 565 573 580 550 530 567 551 571 545 547 573 577 545 553 527 544 552 581 556 560 554 526 538 540 574 579 558 521 538 561 574 589 574 567 567 560 614 596 577 566 549 563 590 575 549 526 541 503 504 544 554 546 522 516 520 500 502 550 567 591 585 572 559 508 506 493 504 552 577 609 574 581 573 555 523 546 545 498 552 560 564 539 566 562 539 553 528 556 565 567 568 572 567 560 538 522 564 588 564 584 571 554 588 541 537 553 530 545 529 541 567 568 537 516 547 538 538 561 524 540 579 580 564 569 565 545 550 518 543 533 534 555 528 569 607 579 559 593 565 572 596 584 581 577 563 524 524 556 600 598 585 568 555 543 575 586 563 551 564 553 557 575 572 571 584 568 559 553 577 584 559 565 558 533 543 524 516 558 555 492 505 517 535 568 555 550 555 518 576 584 570 549 513 555 551 543 580 603 581 579 563 546 547 546 546 576 566 561 578 567 567 542 513 544 533 546 542 538 570 588 586 559 517 543 543 545 559 554 554 594 577 573 565 586 542 547 546 527 552 516 505 517 532 572 558 542 549 555 539 559 561 569 547 556 566 561 600 578 578 543 548 570 602 563 562 570 586 579 586 555 557 553 554 580 561 594 613 608 605 587 570 578 558 553 548 539 538 539 524 537 557 582 554 560 559 561 
vem trace:

stid: 333
spdistance: 1199.43
radio trace:
470 480 486 489 438 476 485 520 461 476 508 520 517 527 526 511 488 447 454 466 494 516 492 495 502 481 488 498 478 442 467 443 451 421 449 465 478 492 489 484 504 491 482 486 470 473 494 499 526 498 496 490 537 537 516 506 481 457 431 429 432 460 459 468 502 488 491 503 483 485 501 465 454 438 475 469 514 519 493 485 495 511 474 468 478 492 494 475 452 469 484 490 497 522 512 511 438 467 477 490 504 479 469 446 464 452 454 443 452 439 449 487 458 491 476 491 504 470 457 483 516 488 523 488 482 475 443 437 414 457 457 474 482 507 493 479 497 466 439 483 525 518 505 519 513 486 473 446 451 449 470 481 515 530 503 487 475 464 460 517 500 433 459 485 453 445 485 495 510 485 445 460 481 493 500 468 461 466 465 469 479 472 482 471 464 485 479 487 500 516 488 496 480 468 465 443 432 471 502 465 478 476 472 486 524 518 489 474 488 478 472 479 488 513 462 434 472 452 462 417 447 478 468 476 464 442 440 423 427 479 445 465 476 502 499 448 424 498 509 497 509 516 478 513 469 474 464 439 417 443 457 476 472 444 516 505 512 491 484 503 508 536 476 471 472 494 474 443 493 518 552 523 494 479 430 423 443 414 451 472 479 473 460 454 450 466 460 403 420 443 425 479 511 484 465 468 492 481 441 488 484 462 502 496 496 487 504 450 433 461 487 494 484 489 470 465 475 485 509 513 469 494 463 463 502 459 429 422 455 464 451 454 444 486 497 517 464 449 439 454 465 449 483 484 463 471 478 488 494 508 528 530 546 541 533 520 500 501 481 468 453 465 475 477 525 512 462 457 453 471 482 474 489 473 463 439 434 442 476 462 478 471 459 479 482 487 491 451 475 476 471 477 497 531 494 468 456 462 507 506 497 502 492 523 514 470 469 459 462 449 498 540 506 492 525 524 510 490 470 459 444 466 480 489 479 466 457 481 511 533 501 531 518 479 490 477 492 467 473 472 457 426 414 414 445 432 444 467 483 502 455 473 496 496 501 472 461 464 499 466 474 467 488 519 514 512 514 480 484 459 469 484 481 470 467 463 493 475 471 486 471 480 506 474 491 500 504 513 518 517 478 448 457 484 508 489 504 502 496 464 477 501 499 498 503 482 489 493 503 493 501 503 476 482 474 467 504 455 442 462 449 468 493 477 434 440 467 490 490 513 525 500 494 466 472 483 480 475 504 492 473 467 477 492 504 503 524 493 444 463 469 513 518 503 483 487 487 463 498 508 479 452 452 450 514 527 528 518 512 517 496 517 502 477 481 488 475 490 523 539 508 499 477 478 465 466 479 460 493 457 501 495 496 499 484 485 486 481 475 479 496 492 452 475 488 505 502 468 469 476 504 505 513 509 523 487 491 494 461 446 481 478 486 485 477 474 477 485 476 503 494 503 494 516 522 493 493 505 527 528 529 525 544 526 465 498 511 490 474 491 519 525 472 468 477 460 491 469 458 476 483 482 469 464 451 475 479 521 533 498 500 492 520 534 494 486 483 483 519 527 517 478 498 519 517 514 521 524 514 508 506 544 519 484 468 493 480 477 481 480 475 488 468 456 436 494 502 516 506 488 498 489 442 441 491 500 500 498 509 482 470 510 501 495 469 451 469 465 478 473 479 461 429 438 454 480 526 469 481 478 463 461 468 466 485 479 456 511 501 488 481 469 447 453 448 489 499 521 511 466 470 454 477 475 442 436 451 456 
vem trace:

