SDId: 34523930
energy: 3.77256e+17
zenith: 0.476507
azimuth: 0.651222
GPSSeconc: 1125399646
stid: 341
spdistance: 749.13
radio trace:
529 512 495 480 479 505 519 550 512 507 493 478 482 484 532 538 508 489 516 513 559 527 510 512 519 492 477 469 501 499 517 457 451 475 481 472 495 473 487 492 522 516 498 516 505 510 486 516 472 466 527 557 576 535 477 490 485 489 452 478 501 488 459 445 429 419 478 497 500 546 536 469 478 490 500 448 432 446 445 480 469 469 491 509 489 486 491 521 541 539 551 514 502 515 474 486 491 495 508 566 556 517 520 516 522 520 511 505 542 517 533 520 511 475 470 493 480 468 466 506 512 479 485 491 464 431 479 501 458 469 458 455 478 492 484 495 474 500 528 532 536 558 520 481 445 461 449 497 478 485 503 535 515 470 483 531 556 536 508 473 456 468 534 547 507 462 490 486 511 484 459 471 483 446 442 446 484 492 492 496 490 479 505 500 475 495 500 467 497 497 483 461 469 506 488 499 503 483 473 460 476 473 492 469 480 460 456 501 513 533 521 503 485 496 498 505 481 462 418 417 467 487 504 528 500 486 462 503 485 462 489 465 495 505 516 488 463 467 466 458 507 540 530 516 501 472 425 431 471 517 512 556 513 518 518 514 460 455 470 495 532 490 476 455 447 475 514 481 478 488 544 537 533 475 447 494 498 490 472 451 484 509 501 542 527 503 459 507 504 493 481 494 498 503 481 482 500 484 532 495 491 477 456 501 497 473 483 513 516 537 542 530 521 495 499 480 524 509 449 445 473 486 507 491 477 478 477 481 468 444 486 472 467 502 504 494 494 472 496 504 485 467 500 511 525 519 480 537 522 503 494 526 522 451 427 433 453 492 508 501 499 503 506 480 512 470 456 484 509 480 463 473 469 479 482 461 510 491 473 485 471 454 455 479 480 515 496 499 456 484 504 479 471 457 477 493 452 488 466 441 472 494 519 541 489 504 516 527 540 552 504 498 513 513 500 521 466 489 509 478 513 514 489 499 503 495 493 471 456 474 462 495 511 497 480 473 472 441 463 447 456 487 453 454 486 495 499 487 498 486 456 441 438 481 478 460 481 503 526 505 472 468 466 468 488 493 479 477 502 470 452 437 476 482 484 445 444 486 490 511 516 476 528 535 537 482 468 465 482 470 519 490 491 509 502 492 501 480 500 519 542 518 482 502 478 461 462 474 463 486 462 446 478 478 462 471 492 527 499 494 493 496 465 483 443 449 484 522 515 524 536 543 532 518 466 486 461 494 476 474 512 507 496 472 496 527 536 512 484 505 511 485 487 491 513 464 461 442 487 520 504 541 545 501 489 517 535 543 541 522 506 532 485 484 454 496 494 479 499 435 486 483 474 481 497 500 507 488 478 466 519 520 487 505 494 511 486 448 441 470 480 464 425 474 489 488 492 490 446 437 443 463 465 445 415 434 475 510 499 492 519 466 492 515 505 473 471 517 506 484 473 490 476 449 438 456 490 471 432 459 474 494 479 458 455 469 462 447 453 434 450 438 413 469 478 521 530 494 472 503 469 506 522 502 491 505 493 475 488 500 536 522 503 536 488 483 503 494 464 499 532 530 504 515 549 531 528 493 518 533 521 480 505 473 468 443 446 476 496 511 525 514 509 510 497 456 490 485 499 474 467 480 485 487 469 474 464 512 484 458 503 513 518 512 507 484 487 486 469 495 465 492 485 446 475 495 477 448 461 511 504 510 522 497 501 505 504 495 442 486 519 521 487 494 482 473 492 516 483 493 485 469 482 460 466 486 503 477 
vem trace:

stid: 341
spdistance: 749.13
radio trace:
529 512 495 480 479 505 519 550 512 507 493 478 482 484 532 538 508 489 516 513 559 527 510 512 519 492 477 469 501 499 517 457 451 475 481 472 495 473 487 492 522 516 498 516 505 510 486 516 472 466 527 557 576 535 477 490 485 489 452 478 501 488 459 445 429 419 478 497 500 546 536 469 478 490 500 448 432 446 445 480 469 469 491 509 489 486 491 521 541 539 551 514 502 515 474 486 491 495 508 566 556 517 520 516 522 520 511 505 542 517 533 520 511 475 470 493 480 468 466 506 512 479 485 491 464 431 479 501 458 469 458 455 478 492 484 495 474 500 528 532 536 558 520 481 445 461 449 497 478 485 503 535 515 470 483 531 556 536 508 473 456 468 534 547 507 462 490 486 511 484 459 471 483 446 442 446 484 492 492 496 490 479 505 500 475 495 500 467 497 497 483 461 469 506 488 499 503 483 473 460 476 473 492 469 480 460 456 501 513 533 521 503 485 496 498 505 481 462 418 417 467 487 504 528 500 486 462 503 485 462 489 465 495 505 516 488 463 467 466 458 507 540 530 516 501 472 425 431 471 517 512 556 513 518 518 514 460 455 470 495 532 490 476 455 447 475 514 481 478 488 544 537 533 475 447 494 498 490 472 451 484 509 501 542 527 503 459 507 504 493 481 494 498 503 481 482 500 484 532 495 491 477 456 501 497 473 483 513 516 537 542 530 521 495 499 480 524 509 449 445 473 486 507 491 477 478 477 481 468 444 486 472 467 502 504 494 494 472 496 504 485 467 500 511 525 519 480 537 522 503 494 526 522 451 427 433 453 492 508 501 499 503 506 480 512 470 456 484 509 480 463 473 469 479 482 461 510 491 473 485 471 454 455 479 480 515 496 499 456 484 504 479 471 457 477 493 452 488 466 441 472 494 519 541 489 504 516 527 540 552 504 498 513 513 500 521 466 489 509 478 513 514 489 499 503 495 493 471 456 474 462 495 511 497 480 473 472 441 463 447 456 487 453 454 486 495 499 487 498 486 456 441 438 481 478 460 481 503 526 505 472 468 466 468 488 493 479 477 502 470 452 437 476 482 484 445 444 486 490 511 516 476 528 535 537 482 468 465 482 470 519 490 491 509 502 492 501 480 500 519 542 518 482 502 478 461 462 474 463 486 462 446 478 478 462 471 492 527 499 494 493 496 465 483 443 449 484 522 515 524 536 543 532 518 466 486 461 494 476 474 512 507 496 472 496 527 536 512 484 505 511 485 487 491 513 464 461 442 487 520 504 541 545 501 489 517 535 543 541 522 506 532 485 484 454 496 494 479 499 435 486 483 474 481 497 500 507 488 478 466 519 520 487 505 494 511 486 448 441 470 480 464 425 474 489 488 492 490 446 437 443 463 465 445 415 434 475 510 499 492 519 466 492 515 505 473 471 517 506 484 473 490 476 449 438 456 490 471 432 459 474 494 479 458 455 469 462 447 453 434 450 438 413 469 478 521 530 494 472 503 469 506 522 502 491 505 493 475 488 500 536 522 503 536 488 483 503 494 464 499 532 530 504 515 549 531 528 493 518 533 521 480 505 473 468 443 446 476 496 511 525 514 509 510 497 456 490 485 499 474 467 480 485 487 469 474 464 512 484 458 503 513 518 512 507 484 487 486 469 495 465 492 485 446 475 495 477 448 461 511 504 510 522 497 501 505 504 495 442 486 519 521 487 494 482 473 492 516 483 493 485 469 482 460 466 486 503 477 
vem trace:

stid: 332
spdistance: 1072.85
radio trace:
553 558 558 575 546 496 485 517 526 506 517 494 511 523 502 513 551 545 562 581 590 564 520 558 589 581 567 546 540 534 531 537 553 542 568 579 558 536 532 520 526 549 579 557 533 539 552 533 544 533 516 526 506 485 531 540 573 558 522 522 550 545 540 557 552 557 572 545 523 555 539 537 577 545 558 573 556 528 549 548 548 570 553 585 562 571 558 548 517 537 541 544 528 515 549 523 525 518 527 515 523 547 560 520 516 515 554 560 558 559 585 581 555 536 513 483 518 545 573 585 573 502 501 524 505 509 534 545 548 571 595 579 566 535 531 528 509 537 557 562 537 546 530 525 547 535 477 491 505 531 557 583 585 537 517 536 561 563 558 571 589 543 547 517 538 568 548 547 546 566 537 528 555 541 540 542 524 512 520 531 533 515 523 523 530 522 494 520 532 518 563 555 538 539 537 536 555 560 527 474 505 488 510 539 539 556 561 545 523 536 573 539 549 520 545 533 530 542 562 521 534 545 524 526 518 535 542 576 566 555 558 534 534 543 541 518 534 535 560 564 556 536 514 521 555 577 603 591 572 572 543 560 550 562 566 546 540 538 543 534 526 547 590 553 548 571 550 540 508 531 540 543 524 532 596 583 563 560 583 541 586 573 562 534 492 513 565 568 558 550 564 540 518 514 541 570 572 550 548 570 562 553 546 528 544 539 545 517 530 517 526 562 567 569 572 555 538 581 559 573 581 548 539 562 529 504 526 552 546 533 534 509 522 513 569 552 523 518 553 550 541 561 522 537 539 556 563 547 546 548 523 571 554 538 553 507 511 544 558 557 554 517 568 567 521 518 509 520 519 554 581 580 533 527 534 532 529 543 533 519 518 534 532 537 534 535 529 532 513 541 560 555 544 522 548 546 559 556 555 512 516 495 531 537 518 516 535 540 532 490 528 546 567 534 507 529 518 542 563 551 553 539 543 549 543 514 546 530 529 534 528 543 560 515 540 555 567 531 525 554 537 531 483 501 529 530 546 590 608 577 550 544 514 556 568 546 542 542 534 520 522 508 506 495 518 502 485 501 488 534 521 538 516 516 488 511 549 532 566 582 563 555 546 506 501 490 533 547 562 559 545 552 585 582 545 549 534 552 541 569 540 558 566 522 508 521 507 522 524 516 519 556 543 536 533 497 486 522 526 509 557 577 538 511 518 509 552 580 576 559 536 545 528 521 511 514 496 498 486 507 491 480 498 532 556 557 589 562 532 550 566 557 539 520 496 486 484 551 581 552 535 547 516 502 532 547 532 503 505 513 494 533 564 539 526 490 516 546 547 522 529 559 538 547 547 576 610 580 536 514 492 502 522 553 539 523 538 541 571 556 554 551 513 534 536 503 525 504 489 490 519 514 530 536 541 525 517 507 516 551 561 574 558 535 574 561 545 525 531 526 488 476 487 520 536 556 524 564 560 547 526 521 550 523 523 540 545 552 539 544 516 518 494 531 520 534 538 530 544 544 520 532 543 538 550 520 533 536 545 499 480 525 553 544 534 526 484 520 535 548 532 520 526 526 516 515 555 526 525 549 534 549 554 558 563 550 562 540 542 546 537 542 522 516 524 513 545 538 514 535 486 515 556 542 574 557 548 526 519 512 546 552 551 526 515 541 549 549 546 538 508 503 506 541 538 543 574 551 543 555 562 568 555 525 538 550 538 566 582 574 558 549 538 543 588 607 591 591 548 530 535 510 520 566 542 573 586 567 
vem trace:

