SDId: 34848813
energy: 6.27772e+17
zenith: 0.670057
azimuth: 3.48603
GPSSeconc: 1127395252
stid: 341
spdistance: 940.956
radio trace:
500 528 539 529 527 499 461 474 520 526 528 538 513 466 489 510 516 508 519 528 552 561 543 498 473 527 530 557 563 557 541 547 545 535 494 495 533 547 505 528 539 540 536 528 516 507 531 565 555 559 518 500 541 559 550 538 522 508 505 475 476 509 516 538 527 515 510 503 527 570 573 533 524 517 521 497 515 543 514 511 495 488 521 512 531 531 521 519 499 477 492 491 501 519 505 545 522 495 489 523 480 452 480 480 512 493 465 454 437 466 515 535 545 537 529 472 457 473 476 520 537 533 504 509 490 508 515 523 502 553 548 528 544 525 535 529 535 504 548 551 517 484 490 499 544 554 524 493 520 521 516 490 469 487 479 523 551 552 481 488 535 548 525 513 565 542 510 497 503 515 532 543 494 517 520 523 486 495 494 477 522 512 468 472 522 525 533 520 541 549 529 516 495 543 535 548 532 496 549 544 502 475 498 512 515 513 488 471 482 488 481 470 467 454 474 483 476 499 458 450 469 450 457 466 521 530 531 515 505 514 519 536 514 498 497 508 486 510 486 515 570 594 593 616 570 524 522 459 474 542 541 539 547 578 523 509 490 537 539 539 515 509 500 482 463 472 480 480 497 490 483 462 520 499 512 508 483 525 514 491 516 509 504 483 504 495 503 512 516 549 545 535 520 556 534 530 502 500 525 512 517 536 513 530 474 485 498 551 521 515 488 495 507 492 501 551 551 549 546 516 522 540 523 497 477 504 506 520 533 492 558 558 546 539 491 478 488 513 510 485 511 538 574 546 535 507 496 559 575 531 515 544 512 496 502 507 481 485 499 524 552 533 512 494 509 515 552 558 572 532 522 517 517 519 523 494 499 484 453 504 530 527 518 482 503 542 518 534 533 547 535 557 543 540 537 505 480 479 536 571 570 552 486 466 478 492 506 503 513 491 501 526 502 490 543 522 482 516 529 530 554 560 555 528 516 507 504 479 472 475 490 498 488 483 466 463 478 464 487 457 488 500 497 500 545 522 528 507 522 550 523 521 529 487 493 498 521 536 525 518 497 514 532 501 532 504 567 546 515 527 505 534 544 539 525 470 513 510 495 507 524 481 479 525 485 483 478 511 524 541 535 534 489 476 480 514 522 501 533 537 507 513 516 514 551 597 561 508 468 492 527 500 519 538 527 565 593 580 551 523 495 501 492 490 471 483 504 549 555 509 521 480 497 522 519 558 543 539 489 468 528 524 552 550 535 489 510 515 502 509 492 497 512 472 496 484 526 532 510 465 445 442 512 511 513 531 541 562 496 514 532 518 518 550 551 543 559 541 517 507 470 448 453 471 488 515 514 490 480 496 503 496 499 556 564 552 548 555 529 503 476 537 508 504 517 508 546 525 523 552 518 503 524 521 485 520 525 504 485 511 520 539 532 549 531 559 578 527 510 494 505 552 538 495 493 515 512 533 510 541 542 528 538 498 448 494 522 521 517 500 496 531 556 543 498 520 552 541 522 519 499 527 510 521 524 503 463 466 477 478 472 502 550 556 492 451 473 525 501 541 544 542 529 532 489 495 516 500 551 557 526 524 484 470 529 539 554 568 548 522 496 510 551 559 546 520 498 504 534 506 546 521 496 516 533 524 536 512 490 486 498 517 523 523 529 529 566 540 529 498 512 529 517 510 532 496 535 548 543 513 504 518 543 561 562 538 539 539 528 546 511 489 479 495 503 511 492 502 522 544 535 538 552 544 517 523 545 527 
vem trace:

stid: 341
spdistance: 940.956
radio trace:
500 528 539 529 527 499 461 474 520 526 528 538 513 466 489 510 516 508 519 528 552 561 543 498 473 527 530 557 563 557 541 547 545 535 494 495 533 547 505 528 539 540 536 528 516 507 531 565 555 559 518 500 541 559 550 538 522 508 505 475 476 509 516 538 527 515 510 503 527 570 573 533 524 517 521 497 515 543 514 511 495 488 521 512 531 531 521 519 499 477 492 491 501 519 505 545 522 495 489 523 480 452 480 480 512 493 465 454 437 466 515 535 545 537 529 472 457 473 476 520 537 533 504 509 490 508 515 523 502 553 548 528 544 525 535 529 535 504 548 551 517 484 490 499 544 554 524 493 520 521 516 490 469 487 479 523 551 552 481 488 535 548 525 513 565 542 510 497 503 515 532 543 494 517 520 523 486 495 494 477 522 512 468 472 522 525 533 520 541 549 529 516 495 543 535 548 532 496 549 544 502 475 498 512 515 513 488 471 482 488 481 470 467 454 474 483 476 499 458 450 469 450 457 466 521 530 531 515 505 514 519 536 514 498 497 508 486 510 486 515 570 594 593 616 570 524 522 459 474 542 541 539 547 578 523 509 490 537 539 539 515 509 500 482 463 472 480 480 497 490 483 462 520 499 512 508 483 525 514 491 516 509 504 483 504 495 503 512 516 549 545 535 520 556 534 530 502 500 525 512 517 536 513 530 474 485 498 551 521 515 488 495 507 492 501 551 551 549 546 516 522 540 523 497 477 504 506 520 533 492 558 558 546 539 491 478 488 513 510 485 511 538 574 546 535 507 496 559 575 531 515 544 512 496 502 507 481 485 499 524 552 533 512 494 509 515 552 558 572 532 522 517 517 519 523 494 499 484 453 504 530 527 518 482 503 542 518 534 533 547 535 557 543 540 537 505 480 479 536 571 570 552 486 466 478 492 506 503 513 491 501 526 502 490 543 522 482 516 529 530 554 560 555 528 516 507 504 479 472 475 490 498 488 483 466 463 478 464 487 457 488 500 497 500 545 522 528 507 522 550 523 521 529 487 493 498 521 536 525 518 497 514 532 501 532 504 567 546 515 527 505 534 544 539 525 470 513 510 495 507 524 481 479 525 485 483 478 511 524 541 535 534 489 476 480 514 522 501 533 537 507 513 516 514 551 597 561 508 468 492 527 500 519 538 527 565 593 580 551 523 495 501 492 490 471 483 504 549 555 509 521 480 497 522 519 558 543 539 489 468 528 524 552 550 535 489 510 515 502 509 492 497 512 472 496 484 526 532 510 465 445 442 512 511 513 531 541 562 496 514 532 518 518 550 551 543 559 541 517 507 470 448 453 471 488 515 514 490 480 496 503 496 499 556 564 552 548 555 529 503 476 537 508 504 517 508 546 525 523 552 518 503 524 521 485 520 525 504 485 511 520 539 532 549 531 559 578 527 510 494 505 552 538 495 493 515 512 533 510 541 542 528 538 498 448 494 522 521 517 500 496 531 556 543 498 520 552 541 522 519 499 527 510 521 524 503 463 466 477 478 472 502 550 556 492 451 473 525 501 541 544 542 529 532 489 495 516 500 551 557 526 524 484 470 529 539 554 568 548 522 496 510 551 559 546 520 498 504 534 506 546 521 496 516 533 524 536 512 490 486 498 517 523 523 529 529 566 540 529 498 512 529 517 510 532 496 535 548 543 513 504 518 543 561 562 538 539 539 528 546 511 489 479 495 503 511 492 502 522 544 535 538 552 544 517 523 545 527 
vem trace:

