SDId: 34889363
energy: 2.0301e+17
zenith: 0.305596
azimuth: 6.10676
GPSSeconc: 1127649015
stid: 341
spdistance: 787.596
radio trace:
521 537 563 514 513 518 499 510 496 503 517 519 487 531 545 537 510 527 535 530 510 487 474 476 525 513 500 525 517 501 533 536 545 537 528 518 529 491 467 461 471 476 478 485 478 450 480 500 477 518 509 508 508 467 459 510 544 580 544 538 529 519 554 555 510 502 507 463 501 466 498 485 464 487 508 493 495 472 495 492 447 469 493 496 524 507 484 487 492 484 525 523 546 563 577 546 550 531 486 509 520 543 530 511 481 521 509 487 470 477 502 514 534 527 529 506 486 475 469 489 490 486 478 545 524 499 536 513 476 505 487 482 501 499 518 507 541 522 528 500 499 457 446 475 491 512 536 551 535 517 490 482 441 489 487 497 512 508 484 404 426 486 512 488 506 492 461 532 518 517 500 531 521 516 538 554 558 547 531 482 494 490 487 494 469 493 460 457 467 483 499 510 516 512 493 509 535 500 460 477 515 490 485 499 477 474 505 493 529 548 531 518 526 497 483 502 497 472 455 479 484 476 484 487 506 533 498 487 461 455 451 501 539 553 492 539 547 557 521 549 524 504 497 530 527 522 511 548 526 493 479 515 504 484 510 511 459 413 437 467 465 474 496 498 530 553 526 514 491 501 543 534 582 515 506 502 483 453 441 444 462 505 495 470 463 477 482 475 466 464 463 485 455 512 509 523 492 498 521 531 530 539 539 551 550 531 501 491 541 540 491 463 462 482 455 490 476 501 495 490 496 489 484 530 542 500 459 448 472 483 448 480 454 460 478 493 520 538 500 487 510 519 507 492 501 504 544 526 520 510 446 469 498 489 502 503 474 449 466 472 461 487 526 502 539 491 459 473 513 527 535 495 516 479 428 492 536 509 518 514 525 515 509 489 510 475 463 467 456 462 509 477 495 514 515 496 496 499 508 512 525 531 542 544 501 481 484 492 479 486 517 525 534 497 500 513 468 478 491 501 534 527 485 464 487 486 485 495 484 488 511 514 537 517 501 531 500 502 495 518 517 519 542 538 548 565 571 555 511 550 512 515 506 474 458 482 513 522 491 509 493 500 531 523 510 482 525 476 446 517 546 539 544 560 544 553 528 496 519 499 496 486 461 508 504 547 588 569 549 550 486 512 508 453 464 481 501 544 529 525 521 530 507 508 502 494 530 497 497 489 480 490 501 490 510 524 487 483 466 515 532 530 498 474 504 522 567 552 535 553 516 488 489 507 544 508 488 500 490 498 506 515 535 528 484 479 478 501 550 544 505 517 480 489 515 512 498 538 564 553 513 504 529 544 492 492 485 479 494 485 486 448 442 499 475 488 496 493 507 492 523 530 516 506 493 484 496 501 501 518 514 559 574 535 537 457 456 482 487 483 463 501 498 517 534 513 477 478 514 519 484 476 477 481 484 536 536 537 544 509 504 506 520 521 479 504 521 464 505 544 540 531 468 462 464 451 467 482 477 493 479 514 524 550 545 507 482 481 515 529 525 503 531 523 567 542 519 509 492 520 500 471 509 492 480 468 459 462 509 494 484 526 507 464 485 520 523 495 484 507 530 538 490 504 518 527 547 519 536 527 521 513 481 459 490 504 500 511 513 519 508 542 553 558 535 536 521 504 502 514 500 503 512 476 501 511 511 512 498 477 497 535 545 523 516 518 491 470 484 456 496 495 511 493 534 504 510 487 533 538 501 502 483 472 505 514 517 494 508 546 540 543 493 481 511 539 543 528 527 499 498 549 530 535 492 500 473 500 
vem trace:

stid: 341
spdistance: 787.596
radio trace:
521 537 563 514 513 518 499 510 496 503 517 519 487 531 545 537 510 527 535 530 510 487 474 476 525 513 500 525 517 501 533 536 545 537 528 518 529 491 467 461 471 476 478 485 478 450 480 500 477 518 509 508 508 467 459 510 544 580 544 538 529 519 554 555 510 502 507 463 501 466 498 485 464 487 508 493 495 472 495 492 447 469 493 496 524 507 484 487 492 484 525 523 546 563 577 546 550 531 486 509 520 543 530 511 481 521 509 487 470 477 502 514 534 527 529 506 486 475 469 489 490 486 478 545 524 499 536 513 476 505 487 482 501 499 518 507 541 522 528 500 499 457 446 475 491 512 536 551 535 517 490 482 441 489 487 497 512 508 484 404 426 486 512 488 506 492 461 532 518 517 500 531 521 516 538 554 558 547 531 482 494 490 487 494 469 493 460 457 467 483 499 510 516 512 493 509 535 500 460 477 515 490 485 499 477 474 505 493 529 548 531 518 526 497 483 502 497 472 455 479 484 476 484 487 506 533 498 487 461 455 451 501 539 553 492 539 547 557 521 549 524 504 497 530 527 522 511 548 526 493 479 515 504 484 510 511 459 413 437 467 465 474 496 498 530 553 526 514 491 501 543 534 582 515 506 502 483 453 441 444 462 505 495 470 463 477 482 475 466 464 463 485 455 512 509 523 492 498 521 531 530 539 539 551 550 531 501 491 541 540 491 463 462 482 455 490 476 501 495 490 496 489 484 530 542 500 459 448 472 483 448 480 454 460 478 493 520 538 500 487 510 519 507 492 501 504 544 526 520 510 446 469 498 489 502 503 474 449 466 472 461 487 526 502 539 491 459 473 513 527 535 495 516 479 428 492 536 509 518 514 525 515 509 489 510 475 463 467 456 462 509 477 495 514 515 496 496 499 508 512 525 531 542 544 501 481 484 492 479 486 517 525 534 497 500 513 468 478 491 501 534 527 485 464 487 486 485 495 484 488 511 514 537 517 501 531 500 502 495 518 517 519 542 538 548 565 571 555 511 550 512 515 506 474 458 482 513 522 491 509 493 500 531 523 510 482 525 476 446 517 546 539 544 560 544 553 528 496 519 499 496 486 461 508 504 547 588 569 549 550 486 512 508 453 464 481 501 544 529 525 521 530 507 508 502 494 530 497 497 489 480 490 501 490 510 524 487 483 466 515 532 530 498 474 504 522 567 552 535 553 516 488 489 507 544 508 488 500 490 498 506 515 535 528 484 479 478 501 550 544 505 517 480 489 515 512 498 538 564 553 513 504 529 544 492 492 485 479 494 485 486 448 442 499 475 488 496 493 507 492 523 530 516 506 493 484 496 501 501 518 514 559 574 535 537 457 456 482 487 483 463 501 498 517 534 513 477 478 514 519 484 476 477 481 484 536 536 537 544 509 504 506 520 521 479 504 521 464 505 544 540 531 468 462 464 451 467 482 477 493 479 514 524 550 545 507 482 481 515 529 525 503 531 523 567 542 519 509 492 520 500 471 509 492 480 468 459 462 509 494 484 526 507 464 485 520 523 495 484 507 530 538 490 504 518 527 547 519 536 527 521 513 481 459 490 504 500 511 513 519 508 542 553 558 535 536 521 504 502 514 500 503 512 476 501 511 511 512 498 477 497 535 545 523 516 518 491 470 484 456 496 495 511 493 534 504 510 487 533 538 501 502 483 472 505 514 517 494 508 546 540 543 493 481 511 539 543 528 527 499 498 549 530 535 492 500 473 500 
vem trace:

stid: 332
spdistance: 850.772
radio trace:
533 557 555 517 500 548 534 527 496 528 559 531 547 529 544 558 522 507 497 465 514 552 529 511 524 513 512 522 556 547 552 557 559 537 513 546 539 520 556 572 582 543 531 536 544 548 527 518 549 527 523 513 506 520 484 500 516 486 498 511 523 540 527 508 522 521 538 555 557 542 530 517 526 540 498 469 513 473 515 554 540 543 504 527 558 519 507 538 505 503 528 507 544 523 502 529 534 539 543 537 509 503 477 504 531 538 529 519 494 532 522 536 514 539 547 557 531 515 533 559 563 515 568 572 555 549 548 518 520 509 512 522 529 537 560 544 573 516 502 530 530 527 518 490 488 509 528 534 504 527 541 502 518 570 540 538 542 516 495 521 530 541 531 532 498 500 566 582 551 507 513 506 508 508 512 517 520 536 554 538 506 522 564 507 523 548 564 550 509 498 508 525 546 576 532 517 526 505 518 534 535 540 532 540 547 521 497 492 532 556 587 564 564 571 519 498 497 532 560 557 543 555 558 527 537 568 572 535 549 554 570 557 572 599 596 593 549 541 542 564 550 537 488 518 583 543 519 537 510 493 494 505 502 509 507 518 534 534 499 494 542 542 522 511 512 539 530 557 546 511 540 529 517 532 549 525 558 522 505 505 522 521 534 533 531 540 546 555 548 545 505 481 491 522 513 540 521 540 528 505 510 522 508 513 521 526 536 536 519 518 516 519 551 522 526 511 518 521 536 580 557 542 503 518 547 500 519 524 577 584 595 585 570 525 536 535 516 514 502 541 531 522 529 561 552 523 554 532 512 518 546 538 535 514 544 519 507 521 533 550 546 515 515 531 561 530 549 566 542 550 519 529 555 539 574 543 503 471 476 497 522 514 498 510 500 544 557 558 557 520 512 498 521 554 532 514 522 521 515 540 539 539 554 551 551 535 532 520 512 508 526 513 527 504 510 510 509 529 524 511 545 541 501 506 539 553 534 551 538 527 519 525 498 520 511 505 505 512 540 522 498 485 507 521 518 538 549 544 503 470 518 484 488 502 543 556 565 540 532 500 485 486 527 515 537 502 517 526 518 530 532 532 530 527 530 520 538 561 580 559 545 542 528 533 537 527 565 540 507 504 490 510 518 520 536 524 510 514 509 509 502 487 499 521 493 501 492 526 505 499 512 520 552 549 554 552 527 498 528 479 441 492 505 519 558 600 549 527 493 500 524 521 528 547 559 525 502 492 508 500 491 537 549 539 511 484 508 510 540 500 497 498 493 525 523 531 507 531 542 551 529 505 506 484 503 508 534 524 501 534 541 555 536 529 537 539 492 504 511 528 520 513 498 496 512 545 501 519 536 549 546 514 564 576 557 533 516 522 555 548 569 568 550 545 550 521 506 563 564 526 544 539 525 560 533 522 544 541 542 525 508 492 533 519 498 503 525 574 550 518 551 580 563 549 562 545 539 551 511 547 524 524 507 489 522 535 560 549 545 539 521 494 542 552 540 544 549 528 483 479 510 516 533 503 523 524 571 579 550 539 525 513 507 523 519 509 500 535 524 532 507 550 521 511 512 505 485 497 470 493 529 490 480 470 499 522 561 539 576 568 559 556 549 495 493 553 548 545 533 539 527 533 515 506 506 538 521 525 557 544 561 586 554 532 569 556 534 531 507 484 503 484 519 527 569 549 520 515 516 553 528 564 552 552 539 536 513 524 543 541 548 552 535 568 551 545 525 509 535 534 540 544 528 503 466 490 518 536 
vem trace:

stid: 342
spdistance: 909.228
radio trace:
463 465 423 387 411 412 449 458 474 475 453 437 461 441 424 454 421 441 426 407 424 411 431 428 425 434 435 447 415 392 409 409 418 414 398 438 426 453 434 402 377 380 422 449 421 413 412 398 399 418 421 414 437 395 390 426 411 431 446 422 411 395 385 395 403 428 414 412 413 430 458 422 412 430 404 408 443 448 436 446 443 439 432 406 397 396 407 434 442 452 445 419 413 425 417 425 418 441 433 399 430 431 419 419 405 425 446 436 461 469 418 417 423 424 457 416 406 409 429 432 434 422 393 431 451 447 453 460 446 433 479 487 491 492 453 423 437 436 437 460 444 449 452 453 405 416 422 424 441 455 457 435 430 443 439 449 417 425 402 420 389 404 453 440 414 403 392 383 383 389 401 435 450 430 419 432 449 459 472 454 448 438 440 425 422 396 400 427 433 437 425 455 441 445 425 427 446 434 451 456 435 455 431 422 395 400 408 416 422 440 457 435 426 457 428 404 419 425 411 436 429 447 444 448 430 402 416 423 413 378 357 379 416 432 418 413 414 399 403 411 407 398 409 429 415 404 398 413 426 450 454 450 433 402 408 400 415 420 416 436 436 394 425 453 439 406 449 434 422 407 415 441 406 406 414 426 417 433 446 419 426 396 423 429 419 397 418 422 393 408 436 449 452 456 442 429 414 391 426 404 401 405 387 368 390 387 417 441 436 430 436 420 390 423 405 433 467 459 447 454 435 420 434 421 414 414 448 462 413 390 403 424 411 411 417 429 447 429 383 402 410 411 412 423 431 445 465 476 446 471 419 388 403 420 429 414 430 438 446 434 424 415 415 427 396 413 392 409 444 477 491 455 462 455 440 443 439 441 397 398 419 428 431 439 422 399 422 409 419 419 421 403 412 439 416 409 427 451 455 461 441 440 450 459 442 428 423 399 422 418 446 463 467 429 432 387 386 378 383 385 408 422 431 448 427 424 432 424 403 416 411 382 405 419 424 444 435 441 422 456 405 395 417 367 374 405 448 457 472 428 453 417 421 444 444 438 429 433 449 386 408 431 421 464 451 450 455 448 431 409 420 420 431 442 429 443 424 426 435 444 426 440 438 428 406 420 445 420 444 451 441 447 438 448 433 431 427 442 430 422 419 428 410 407 420 412 431 444 447 446 451 424 405 455 445 411 443 438 412 402 417 408 374 399 404 429 440 393 386 376 412 399 429 440 428 446 436 427 439 431 410 422 451 453 401 371 405 416 419 390 406 416 431 454 458 436 408 414 382 379 391 402 403 368 380 396 414 410 442 415 417 427 443 463 468 464 410 390 390 422 426 423 409 431 443 440 432 423 447 455 454 452 431 404 407 421 432 393 425 416 410 401 398 402 376 404 415 411 418 431 433 423 431 397 410 453 483 459 459 432 388 412 417 424 434 462 428 394 407 432 425 422 387 388 424 429 449 443 428 448 435 431 390 443 455 423 408 422 416 437 428 396 405 429 451 455 459 435 467 456 455 437 435 440 433 413 409 390 410 421 416 417 422 444 461 439 400 398 402 421 407 446 427 411 438 420 396 415 389 399 413 429 452 460 425 422 412 427 438 424 394 383 416 387 377 393 402 421 433 407 425 413 437 459 456 456 431 392 388 382 368 389 387 387 409 425 420 418 405 419 400 407 413 443 446 459 440 423 409 426 420 396 404 423 460 475 415 395 394 403 419 473 492 478 473 430 431 417 438 427 407 385 410 384 415 414 429 447 
vem trace:

