SDId: 34901008
energy: 6.84848e+17
zenith: 0.49309
azimuth: 5.22868
GPSSeconc: 1127719570
stid: 343
spdistance: 834.616
radio trace:
453 448 459 444 427 439 415 453 467 461 455 457 480 477 472 478 473 475 475 492 504 484 463 470 474 446 444 447 429 472 493 477 459 460 485 488 504 482 474 470 458 411 412 435 468 457 446 424 429 455 467 463 440 442 483 477 485 480 493 481 475 464 462 477 460 440 461 465 430 434 452 469 490 489 489 504 477 472 489 501 513 478 448 452 464 459 483 502 505 468 448 436 454 488 482 496 480 466 485 483 479 475 489 489 466 464 466 475 468 495 485 474 467 447 448 465 517 499 474 495 472 478 473 442 463 466 470 470 476 490 494 475 454 473 468 434 444 468 462 469 472 486 492 473 484 464 451 462 483 480 471 469 460 439 444 443 454 471 472 447 452 446 476 457 442 446 459 471 469 456 454 466 443 456 480 467 476 490 501 499 485 498 465 460 475 482 467 443 458 455 448 440 455 456 466 468 469 453 448 436 461 444 498 492 469 470 463 460 473 482 478 466 482 449 439 474 496 488 474 470 481 485 473 477 436 465 443 455 473 457 463 461 465 462 488 490 466 451 459 448 456 436 456 486 471 480 471 483 460 449 456 479 453 421 445 455 485 458 452 458 470 441 442 467 481 472 472 472 481 505 510 489 469 456 460 462 477 474 474 441 451 437 458 444 476 474 470 480 447 454 452 449 461 469 444 444 420 438 470 472 485 462 434 457 460 464 485 493 491 473 482 488 496 472 474 489 452 442 458 483 485 458 474 462 494 505 495 467 461 476 471 469 467 453 461 446 461 481 428 418 438 445 449 424 422 440 463 468 468 451 468 481 417 444 473 468 454 422 437 466 500 456 456 465 471 460 472 470 458 485 459 450 445 455 470 466 477 484 489 492 473 476 468 470 494 472 482 474 476 497 472 505 513 462 451 430 431 469 497 480 484 476 462 440 470 471 464 467 462 492 473 477 438 460 463 473 449 460 463 451 467 464 455 446 462 439 481 503 470 462 467 483 477 454 443 457 452 440 479 473 483 470 455 485 466 450 467 469 472 500 523 505 481 492 498 480 491 473 460 435 431 459 499 504 473 441 458 476 489 447 455 469 497 498 481 460 472 417 430 462 461 465 510 506 469 462 446 441 457 465 476 485 468 455 445 451 464 434 463 455 464 460 465 465 457 431 429 453 451 463 458 477 469 457 460 457 480 454 452 469 453 475 495 482 467 464 467 480 467 432 426 459 454 444 474 484 469 481 476 475 468 455 427 429 452 445 424 428 446 481 497 485 469 473 439 432 441 445 467 467 477 460 473 490 479 485 475 483 489 485 471 474 445 465 429 473 484 455 450 439 418 434 463 477 490 485 498 463 463 470 484 446 454 470 466 479 482 486 483 469 462 461 468 444 468 457 464 452 463 461 456 475 482 483 454 438 439 444 433 446 452 469 472 492 466 445 474 501 492 471 466 461 480 478 493 510 512 499 481 460 466 479 451 461 462 473 479 491 468 480 462 470 456 468 495 493 466 437 440 451 439 451 464 440 412 451 455 460 458 463 477 478 472 439 448 453 457 464 468 476 479 464 441 460 461 469 480 487 467 471 471 442 451 442 458 446 428 428 465 478 474 473 479 482 466 458 457 480 481 461 432 450 459 455 476 450 471 479 469 447 475 469 447 437 487 465 475 474 500 500 517 501 490 489 477 487 482 489 485 454 467 474 455 462 463 461 493 484 470 465 462 452 444 426 463 476 478 462 509 509 498 493 471 450 484 503 470 433 
vem trace:

stid: 419
spdistance: 886.396
radio trace:
467 466 457 476 482 509 506 508 535 514 462 471 463 433 463 481 455 480 479 482 430 452 463 470 474 481 505 475 481 523 485 438 500 455 473 433 460 457 435 411 483 524 504 476 489 516 510 479 461 447 466 447 443 440 429 496 498 478 470 455 493 480 412 433 457 478 484 502 514 497 431 423 461 459 435 473 467 511 475 435 452 455 473 470 467 439 494 496 450 466 462 455 411 437 444 440 454 465 466 512 513 489 483 464 483 492 455 490 488 479 470 482 505 460 471 496 510 490 467 398 414 452 517 508 461 465 483 484 479 470 461 436 452 479 477 468 478 470 479 488 445 450 455 443 494 498 473 487 434 445 462 483 463 464 451 473 484 495 525 486 505 505 496 472 463 487 458 489 464 482 455 466 465 489 499 469 461 480 437 442 463 508 500 474 489 470 464 495 496 480 499 506 501 447 445 413 432 463 464 487 500 491 471 490 494 482 462 477 495 467 439 434 460 510 499 456 466 470 454 464 487 443 460 441 480 449 471 488 494 477 506 516 473 416 444 467 507 484 500 486 477 460 435 435 433 451 448 491 527 508 476 420 475 494 508 520 520 501 431 447 449 488 498 495 471 479 492 471 435 403 428 420 406 441 482 452 495 495 487 479 494 465 463 434 466 533 482 462 446 445 469 502 510 513 486 474 488 452 454 478 471 504 497 477 456 473 499 506 498 530 555 487 499 488 494 457 474 467 500 473 483 480 488 465 458 420 437 464 471 468 508 479 475 458 464 469 426 460 469 502 511 455 443 461 482 465 444 458 467 441 462 467 453 456 491 493 529 522 446 458 463 492 484 463 483 493 484 424 440 432 402 442 446 486 485 534 499 479 460 453 453 483 501 484 449 457 463 503 494 510 452 448 509 528 541 485 491 481 500 479 488 470 450 452 498 461 442 412 423 441 493 444 453 427 435 448 447 464 429 429 447 441 431 457 459 493 511 509 472 459 472 487 455 461 487 460 433 434 449 469 487 460 444 440 441 443 463 452 436 471 502 485 477 479 449 430 466 468 455 410 447 467 485 475 559 517 514 476 524 476 466 488 489 481 487 505 482 504 523 506 434 438 438 478 475 476 444 465 470 447 469 464 477 497 463 434 427 460 437 495 485 442 496 551 564 527 500 505 502 512 499 461 463 467 510 508 478 481 455 475 511 500 494 467 479 536 537 524 520 519 502 470 465 462 469 453 425 456 450 492 519 497 476 462 480 460 451 513 510 451 428 486 455 446 456 464 490 500 503 471 447 459 444 471 478 450 475 442 485 500 515 510 484 483 487 487 500 539 527 516 496 464 437 427 443 467 483 493 438 443 433 487 487 503 510 510 487 485 488 475 473 475 508 510 507 488 478 451 515 509 464 435 395 414 449 524 483 471 494 495 477 465 479 477 495 481 478 485 473 466 502 491 513 478 523 465 451 445 442 481 487 527 450 424 468 541 478 430 452 453 463 437 469 491 455 476 495 481 477 525 514 516 488 492 481 451 459 459 465 432 482 492 482 477 423 452 459 454 452 444 406 422 465 489 503 509 454 446 499 490 502 464 399 471 487 491 464 495 499 492 475 503 483 500 524 477 470 463 452 486 476 479 462 494 497 448 455 461 430 485 492 464 454 451 436 471 466 474 485 501 466 489 463 497 480 490 491 461 404 418 452 437 444 467 480 501 472 447 484 427 423 467 480 503 473 461 502 482 448 447 488 466 470 488 488 489 490 497 
vem trace:

