SDId: 34808966
energy: 4.60739e+17
zenith: 0.0786739
azimuth: 6.11212
GPSSeconc: 1127143937
stid: 343
spdistance: 558.881
radio trace:
479 477 440 465 468 467 472 470 478 514 498 474 471 461 449 459 463 464 479 487 455 488 492 488 485 488 455 429 468 449 489 492 499 500 459 462 482 453 434 464 450 439 479 457 434 482 516 513 503 485 460 467 448 496 507 466 487 484 482 497 485 480 478 488 458 461 483 485 458 451 468 475 484 458 475 492 478 474 475 503 469 463 443 452 487 488 486 476 497 486 465 487 496 488 516 483 481 463 448 447 458 483 485 486 500 490 477 475 483 503 499 497 460 457 440 438 459 484 481 485 505 487 449 462 479 481 480 497 491 510 508 493 498 504 511 502 460 475 496 485 477 494 481 467 491 493 474 475 468 447 479 494 500 519 511 480 475 475 478 466 480 504 477 438 472 477 486 502 477 476 443 446 476 499 463 475 494 476 497 460 443 462 486 504 477 496 497 486 476 485 506 500 506 503 471 497 511 525 518 493 481 495 499 488 506 507 497 497 531 541 530 511 494 443 453 470 478 496 472 461 474 460 468 479 484 462 487 469 485 464 464 495 477 506 502 470 452 468 466 468 481 472 474 486 467 462 454 470 507 527 530 505 512 478 494 500 485 479 464 459 461 469 474 477 504 504 478 488 519 492 484 465 476 452 447 462 431 470 473 463 488 491 484 469 461 456 434 469 473 484 498 500 470 455 463 477 499 526 518 476 455 478 464 451 458 497 488 490 484 500 470 469 473 478 477 504 506 486 476 472 473 442 460 469 487 503 505 497 494 457 456 484 480 479 501 501 495 499 521 504 498 480 462 453 457 465 451 464 476 494 472 475 497 502 473 456 468 468 482 473 500 491 463 452 435 454 452 479 485 499 468 478 492 475 470 481 467 479 467 483 467 465 453 494 495 505 513 505 493 483 480 504 474 448 438 457 480 451 458 476 495 496 473 476 476 480 492 511 469 446 448 459 470 485 502 467 477 473 493 493 492 496 492 503 475 460 471 480 464 462 464 438 470 451 461 467 469 463 499 500 494 497 487 499 500 505 494 504 502 488 495 513 503 510 501 487 472 474 469 438 428 432 451 480 485 488 488 509 487 492 491 478 480 486 474 485 466 477 473 450 439 439 433 422 428 435 420 467 455 453 478 488 452 466 500 470 484 485 464 467 492 515 504 497 487 476 481 443 452 477 487 466 464 481 498 485 489 501 495 478 495 493 506 494 481 478 476 460 456 468 490 507 480 495 457 471 505 479 480 497 495 475 465 466 476 494 485 477 467 467 467 482 486 480 474 499 499 491 488 476 484 451 453 433 466 487 498 500 488 466 453 435 470 452 447 454 450 434 445 443 461 474 475 453 447 456 474 484 466 468 489 483 504 472 451 462 503 498 494 450 468 484 490 502 470 443 437 449 475 476 463 472 500 500 504 497 474 476 489 496 463 465 457 458 472 469 477 481 485 491 494 484 477 450 439 472 479 481 483 472 482 473 520 515 485 504 508 495 490 488 484 470 473 471 464 492 485 496 510 486 489 498 495 475 486 485 482 451 477 490 464 466 461 462 463 457 463 495 498 470 453 457 450 467 473 473 482 503 499 522 512 501 483 459 454 470 463 468 453 456 461 470 488 475 452 475 476 469 445 447 462 465 446 398 423 434 474 478 464 474 512 492 470 464 484 495 504 485 492 481 458 432 461 461 460 453 484 481 468 480 493 500 500 491 509 509 496 494 469 481 472 465 451 474 505 500 488 470 500 496 516 500 479 455 488 504 498 458 
vem trace:

stid: 342
spdistance: 947.895
radio trace:
450 450 472 478 484 499 470 449 427 405 435 445 466 478 446 414 427 442 456 456 478 492 472 450 431 417 450 416 463 455 440 433 439 449 443 445 490 456 491 506 480 496 488 486 461 440 440 460 458 464 450 471 468 455 461 461 467 462 453 450 471 471 463 419 451 453 449 458 452 435 468 489 504 501 483 469 476 489 467 460 474 465 484 479 481 491 461 476 452 496 476 460 454 466 476 466 432 422 416 437 432 449 464 454 425 428 448 456 480 492 505 478 450 428 439 467 506 517 498 486 471 472 463 466 453 443 442 468 433 445 458 458 480 457 463 480 439 459 481 488 483 482 446 484 441 444 465 460 465 456 433 474 463 468 475 459 461 440 422 408 418 452 460 465 448 448 481 475 460 473 471 470 486 467 449 422 471 478 506 490 503 491 505 500 447 496 537 514 462 458 477 449 443 448 442 438 456 454 450 477 442 436 418 470 490 469 468 483 479 476 496 493 494 506 513 501 471 441 454 469 463 438 412 457 504 487 460 442 438 476 471 483 450 452 469 464 450 414 444 454 482 465 464 495 534 519 494 512 495 498 506 510 502 504 474 483 477 455 450 478 461 479 504 485 487 503 475 465 456 448 475 470 459 447 452 447 446 454 450 439 436 478 493 477 472 464 480 497 488 479 476 495 485 475 460 488 475 452 441 437 474 494 507 475 455 418 417 422 467 465 466 470 446 439 477 479 500 484 480 481 483 480 491 474 491 482 496 482 494 502 461 475 482 508 518 493 464 434 429 432 478 466 463 447 476 496 478 459 451 442 424 400 411 419 441 421 461 449 413 421 455 444 466 476 461 467 424 442 445 483 477 436 434 461 469 438 473 490 486 491 503 500 449 432 468 498 488 499 513 500 487 482 508 482 483 411 396 467 513 499 481 487 491 486 466 460 457 461 435 433 415 416 433 468 495 491 471 478 460 467 429 432 473 469 442 438 447 451 460 452 456 455 448 472 433 437 437 480 523 527 467 439 458 482 463 497 486 522 511 469 488 489 494 467 460 458 467 469 496 496 496 481 455 463 451 459 447 448 447 431 443 472 472 464 462 487 469 468 455 474 478 447 438 427 425 445 450 464 436 442 457 475 469 462 483 484 477 448 480 491 467 469 477 419 446 469 444 424 439 455 457 499 509 501 454 461 481 499 476 449 471 437 402 441 480 485 481 462 418 397 416 441 478 473 489 471 433 429 469 469 481 478 480 438 453 460 441 449 469 457 434 468 458 454 450 446 425 431 433 420 441 406 418 424 434 439 462 426 452 400 437 451 458 452 466 450 458 470 464 450 451 461 454 445 411 415 449 454 441 469 484 480 503 482 492 481 436 442 449 461 472 456 438 426 409 447 427 438 455 429 463 473 423 435 459 450 449 461 437 463 468 441 451 445 452 449 456 467 443 472 492 505 483 455 462 432 427 410 403 441 421 439 464 496 507 511 498 502 497 485 461 457 451 485 517 498 449 440 432 461 489 467 485 486 472 455 467 466 465 421 441 461 435 439 429 441 461 475 478 484 465 448 470 473 475 479 521 485 492 445 434 468 483 482 495 472 472 485 452 433 444 465 460 470 470 462 446 422 428 442 500 497 481 476 464 484 505 459 465 479 457 457 419 441 453 474 488 443 418 466 493 513 501 480 479 449 446 479 472 460 449 460 480 473 459 469 452 476 476 447 412 449 480 469 479 483 475 461 470 485 503 486 480 454 463 463 494 485 
vem trace:

stid: 419
spdistance: 1362.34
radio trace:
513 525 493 484 504 519 562 527 513 481 496 456 421 425 502 469 420 461 438 498 534 476 502 502 464 524 510 536 525 500 497 552 510 491 444 424 424 443 488 479 461 505 497 481 502 488 469 442 436 470 489 477 479 507 499 533 479 511 534 494 479 520 482 487 500 498 451 463 496 530 560 510 485 443 481 468 478 470 447 439 471 445 490 502 541 545 530 504 480 509 524 475 457 485 469 520 524 534 521 505 470 444 473 492 456 468 452 476 494 503 471 491 447 463 482 461 473 530 515 486 462 468 481 510 527 502 485 497 481 457 457 443 448 423 435 442 498 492 510 534 507 450 483 510 500 469 473 506 540 502 468 524 547 552 489 468 464 480 530 519 498 499 520 499 471 491 486 457 489 504 498 484 506 508 456 458 494 484 512 522 517 503 498 475 487 455 457 519 506 528 508 466 466 456 470 470 476 502 516 518 522 557 520 517 516 515 476 475 500 492 484 467 487 484 468 530 559 508 469 490 462 495 478 499 495 507 469 483 480 468 462 495 470 446 463 487 477 458 457 402 427 495 517 505 518 464 447 494 479 485 491 481 478 486 518 531 492 507 527 501 488 489 480 514 482 460 469 474 450 463 525 548 504 469 497 496 468 475 499 494 461 444 474 494 502 481 451 504 432 427 477 472 484 532 536 460 437 430 446 464 520 529 524 514 501 498 508 498 526 498 488 448 466 528 488 471 494 482 435 443 423 470 482 484 483 484 447 455 476 475 488 466 475 513 502 516 514 452 467 453 468 473 488 462 458 465 514 534 537 561 519 554 523 476 465 432 436 469 467 463 520 501 475 508 509 529 496 514 448 385 437 415 484 521 503 482 517 489 493 478 424 443 489 505 517 494 493 485 479 498 485 478 435 463 485 489 486 497 522 500 520 498 526 530 497 504 539 517 490 537 538 479 510 534 551 506 480 481 489 519 485 500 533 521 485 471 441 461 461 451 447 466 475 517 498 451 469 517 518 481 483 521 553 550 488 465 455 462 536 552 492 462 487 504 493 515 544 541 454 434 472 439 468 497 460 487 465 477 453 471 489 485 483 490 529 492 510 498 506 477 478 454 501 506 521 539 438 455 472 483 500 536 496 507 480 469 470 506 523 471 440 456 458 523 524 493 467 499 515 508 494 482 476 484 491 512 507 491 454 420 416 442 462 456 461 508 468 457 478 435 472 496 473 445 437 459 453 452 464 488 485 481 454 462 465 530 467 504 492 518 496 503 495 500 465 430 483 469 471 461 483 483 490 472 490 484 464 475 520 487 496 543 541 472 438 450 437 467 473 490 546 530 464 466 488 520 493 521 550 508 508 474 445 489 454 457 485 487 451 487 488 472 449 456 444 472 488 457 470 493 482 505 523 540 490 518 553 528 491 503 503 524 532 470 477 482 504 519 492 505 535 531 513 503 468 469 486 502 468 491 514 494 520 508 485 482 490 477 487 519 513 465 478 459 473 481 513 531 542 526 500 491 484 462 459 445 485 511 517 514 533 495 445 455 502 486 436 448 466 467 499 522 503 482 491 489 513 470 424 431 466 466 506 531 514 538 529 489 448 484 521 505 467 539 517 507 490 528 508 499 499 499 526 508 442 437 464 463 485 508 460 495 490 476 485 457 482 508 493 476 465 460 483 496 535 500 510 509 511 506 468 477 473 470 509 477 470 455 471 484 450 437 459 484 484 497 478 513 512 468 456 480 459 479 447 422 496 498 
vem trace:

