SDId: 34489994
energy: 4.22169e+17
zenith: 0.507803
azimuth: 5.40527
GPSSeconc: 1125184372
stid: 343
spdistance: 898.54
radio trace:
321 337 333 320 324 283 289 320 302 324 280 306 325 336 331 326 317 281 272 289 303 330 317 349 306 321 328 313 292 333 311 365 348 348 349 303 284 320 294 289 262 270 315 332 326 330 327 325 303 309 312 322 350 336 312 289 283 309 310 322 332 325 355 374 359 319 316 291 269 337 340 347 334 315 341 315 342 339 289 278 245 274 293 362 338 347 335 301 297 276 286 254 290 303 309 338 346 325 336 350 335 335 353 354 348 349 379 350 341 289 306 294 332 370 374 307 285 294 279 300 324 346 312 304 320 307 326 303 327 313 323 325 304 311 299 313 308 324 350 352 322 307 345 352 361 346 323 304 347 370 354 320 313 281 284 311 355 373 359 307 306 337 315 330 339 330 332 361 353 325 322 322 346 329 300 273 283 289 305 338 283 273 287 311 300 280 273 302 300 306 302 312 309 318 313 330 355 341 331 309 325 302 340 331 313 329 325 320 324 327 324 320 327 351 333 328 321 319 292 323 348 305 294 313 326 312 308 342 355 334 327 302 356 365 343 353 356 279 326 310 338 338 299 330 322 303 319 328 273 259 274 270 283 342 351 333 330 364 368 378 365 302 278 255 271 266 283 337 327 313 340 366 364 325 303 287 334 326 308 292 327 318 339 309 370 364 337 272 265 279 274 286 300 286 292 285 288 292 281 304 308 306 327 302 283 273 287 302 299 303 343 325 335 321 314 338 288 308 338 362 379 322 308 274 295 330 342 338 312 335 329 331 327 330 337 300 259 290 298 286 296 290 262 267 285 265 302 343 332 310 312 318 272 305 298 279 295 312 334 369 306 286 294 279 227 274 333 332 317 335 287 310 303 273 285 296 264 263 275 265 307 335 346 303 310 321 288 267 315 304 336 305 296 326 334 338 318 335 301 343 353 318 312 292 282 272 290 300 325 322 323 305 329 356 335 313 323 331 329 294 335 352 319 286 264 291 325 297 285 267 287 299 298 268 310 285 308 334 297 329 317 303 298 291 344 352 367 330 298 271 281 332 354 354 345 283 267 266 322 344 331 332 347 318 336 351 292 280 313 338 355 331 289 313 315 311 293 342 340 320 314 297 268 272 332 315 309 318 287 300 293 313 287 317 326 300 329 344 324 301 287 298 303 277 317 340 346 337 339 312 281 367 329 332 336 318 356 326 291 333 348 352 350 335 314 355 368 331 307 320 332 328 310 300 285 308 313 329 354 320 313 337 378 294 289 325 333 323 295 281 281 256 253 289 346 342 300 339 367 349 360 346 287 280 325 321 304 327 324 342 343 309 291 239 269 328 344 322 309 310 340 320 347 311 278 293 298 293 330 331 317 302 313 302 299 331 327 319 335 310 296 275 243 248 295 334 329 329 332 315 338 303 281 302 284 308 316 302 288 254 273 279 313 309 338 360 369 323 319 342 322 302 312 285 288 296 300 303 315 328 341 368 340 302 271 329 324 287 257 273 291 304 285 301 305 311 330 335 328 312 310 318 276 252 276 249 285 350 373 351 296 321 307 316 332 334 346 333 304 320 285 305 327 321 332 315 328 321 323 358 349 372 359 359 327 309 268 304 335 299 309 317 344 320 328 315 305 353 341 341 321 319 318 312 294 294 319 296 271 285 271 292 327 313 295 283 320 304 281 270 314 290 308 308 307 345 328 322 323 312 243 231 273 297 312 296 316 285 273 273 308 309 296 320 323 282 302 367 347 325 316 332 320 286 269 258 269 246 
vem trace:

stid: 419
spdistance: 916.98
radio trace:
417 433 453 476 475 465 427 461 473 448 432 464 455 440 449 465 488 518 545 535 513 531 544 492 500 513 514 511 477 459 398 443 488 472 509 453 458 453 417 471 485 488 483 465 457 466 463 460 508 505 484 442 417 504 531 539 507 487 457 486 492 492 539 514 477 459 431 440 478 492 485 471 482 483 472 478 455 419 434 445 455 416 446 460 442 458 478 468 441 450 472 494 474 467 461 455 435 483 502 457 439 459 467 482 509 475 482 447 433 451 513 488 500 494 479 480 477 486 492 477 462 518 530 478 516 531 503 502 477 443 483 424 405 466 454 454 467 459 463 464 415 467 471 480 513 477 472 510 479 479 476 464 459 479 492 485 433 451 428 419 427 477 493 508 514 458 466 403 430 459 462 452 460 479 473 437 429 460 497 420 446 478 485 461 462 471 455 480 513 497 504 508 500 480 487 513 481 485 471 457 457 452 435 440 459 454 462 458 490 475 481 448 491 482 480 434 415 436 448 473 471 447 436 484 476 462 460 425 410 453 466 457 459 472 499 522 476 464 461 460 424 464 466 417 445 500 481 493 487 485 457 434 445 500 496 484 471 466 475 426 488 495 455 504 476 464 519 501 497 501 510 454 468 472 457 489 488 467 490 478 465 474 494 492 453 485 470 478 460 499 493 515 514 504 469 459 496 495 483 471 513 489 473 462 474 456 413 405 437 470 470 502 494 478 431 434 432 417 416 403 389 436 443 471 459 492 496 520 501 430 438 414 432 457 506 505 467 469 493 455 412 441 440 440 466 460 495 488 466 486 455 420 413 423 400 427 457 479 491 470 507 513 519 491 502 480 485 464 405 443 457 441 494 517 518 494 502 481 496 461 448 508 519 492 455 456 470 483 475 481 463 452 482 485 478 485 473 433 416 441 453 429 437 490 487 475 516 497 484 492 473 470 448 473 463 499 493 460 466 466 432 420 419 449 472 495 485 478 480 467 463 486 436 480 481 447 476 449 466 490 456 449 435 474 444 468 460 449 462 501 481 478 484 493 529 462 443 418 381 405 445 442 470 453 497 483 436 426 396 460 492 495 517 466 456 469 473 430 444 456 455 467 489 503 524 501 486 456 451 491 488 474 490 462 470 484 491 478 467 448 485 467 443 457 438 454 453 485 510 518 534 514 504 509 493 424 386 402 461 488 495 458 481 487 479 481 505 497 471 461 454 446 433 468 464 442 465 507 503 521 525 518 507 471 454 476 506 476 486 488 468 450 495 506 516 518 516 453 447 459 434 456 493 432 426 464 500 520 507 467 505 533 479 475 522 499 488 510 524 507 526 546 541 517 494 477 467 459 505 498 482 424 428 430 440 464 450 474 471 467 433 477 478 464 459 465 494 471 430 482 448 463 507 490 472 415 431 490 525 478 442 435 492 490 470 443 463 481 463 483 471 509 463 412 459 485 458 428 460 489 507 487 471 491 498 503 484 462 504 498 448 439 478 447 490 479 469 442 447 453 440 470 471 472 430 432 456 461 495 481 372 406 404 457 474 508 534 531 471 470 459 467 458 470 451 497 518 469 479 505 486 487 494 528 515 500 471 474 436 448 489 452 454 488 510 470 458 477 465 449 480 491 465 495 463 484 507 481 468 516 500 487 495 458 486 432 455 425 445 478 483 470 492 473 492 488 508 514 488 462 453 460 498 435 439 447 484 466 474 460 434 455 461 475 472 449 459 454 433 455 490 484 487 472 485 485 485 505 
vem trace:

