SDId: 34844232
energy: 4.47806e+17
zenith: 0.777676
azimuth: 1.79722
GPSSeconc: 1127365839
stid: 341
spdistance: 3914.31
radio trace:
487 525 525 534 509 523 527 537 536 558 552 517 526 497 519 526 510 520 549 556 524 518 503 521 524 548 554 533 555 514 470 477 485 486 491 502 505 523 522 500 511 557 583 564 528 504 513 492 475 523 538 574 595 578 532 524 538 538 557 522 496 515 518 500 487 500 528 503 533 510 504 529 538 492 501 518 496 504 525 533 537 519 467 500 502 469 488 494 512 474 496 480 524 543 551 564 570 595 565 513 511 496 508 511 493 512 508 538 564 537 477 495 485 493 499 446 488 502 542 525 516 507 484 476 540 529 510 567 563 540 512 550 533 507 491 467 453 433 437 456 449 482 473 456 480 514 494 465 473 509 514 526 566 573 555 548 533 490 505 509 534 557 570 517 507 528 549 492 480 492 506 497 476 500 493 485 473 495 492 494 493 457 473 485 533 536 502 470 514 515 516 506 490 457 487 501 473 477 471 481 465 456 497 509 498 503 510 528 487 489 472 478 466 505 456 483 517 491 488 524 494 465 477 543 561 539 521 553 570 553 554 518 520 538 534 513 512 532 518 502 506 514 520 511 551 544 554 549 575 605 560 544 520 514 528 493 466 455 483 487 499 516 516 489 444 466 478 505 531 580 539 484 455 470 463 476 454 471 514 478 443 431 471 512 550 543 519 534 558 527 500 493 488 460 498 522 542 529 470 473 485 491 510 520 509 498 465 509 520 520 513 536 524 524 480 510 541 496 511 461 471 516 490 468 447 499 508 444 462 487 511 522 515 491 514 480 464 476 496 514 513 497 464 468 500 561 561 538 563 549 562 505 513 473 483 485 517 464 490 504 465 513 486 518 513 484 485 477 460 474 477 523 539 527 528 540 501 500 523 498 501 520 510 509 535 530 490 485 479 496 526 498 476 459 501 493 502 513 536 523 516 488 493 533 547 522 500 513 514 505 464 462 511 535 542 510 492 489 504 503 551 552 540 541 537 515 514 494 521 536 495 480 497 535 529 527 531 516 502 538 550 498 483 501 529 520 498 497 487 542 548 537 518 517 538 519 521 518 512 501 505 501 504 489 506 476 514 526 518 477 455 470 479 485 508 489 520 529 530 488 451 476 484 533 546 561 513 501 489 484 512 515 525 533 517 527 492 507 496 480 479 457 503 515 484 506 495 491 525 532 531 497 524 574 591 536 539 553 514 510 502 481 535 516 564 560 515 534 498 494 485 486 508 527 525 528 528 495 496 499 508 517 502 480 507 496 496 503 507 526 492 507 561 535 502 557 559 543 530 506 481 533 542 561 573 532 541 553 529 511 505 501 505 537 481 483 485 474 500 491 494 528 524 570 555 552 525 487 514 551 554 516 480 474 466 459 474 463 477 510 503 495 523 524 517 503 509 522 540 548 533 492 498 475 508 543 527 478 506 488 486 464 496 514 472 490 500 539 571 561 593 584 525 485 491 521 500 500 494 491 484 484 488 491 509 518 535 510 494 499 507 501 477 480 496 524 523 534 502 483 496 503 505 491 482 508 523 515 514 513 487 503 519 502 507 523 502 510 508 499 529 551 519 518 507 495 461 473 521 513 514 499 473 478 509 525 529 514 494 511 534 513 499 488 520 523 465 477 480 508 525 516 506 457 428 455 499 536 516 454 444 434 473 485 538 530 545 539 520 543 524 458 459 515 511 522 520 515 501 459 457 456 488 489 507 495 478 490 466 512 537 542 555 507 502 477 496 451 466 476 501 514 492 474 486 489 464 494 
vem trace:

stid: 341
spdistance: 3914.31
radio trace:
487 525 525 534 509 523 527 537 536 558 552 517 526 497 519 526 510 520 549 556 524 518 503 521 524 548 554 533 555 514 470 477 485 486 491 502 505 523 522 500 511 557 583 564 528 504 513 492 475 523 538 574 595 578 532 524 538 538 557 522 496 515 518 500 487 500 528 503 533 510 504 529 538 492 501 518 496 504 525 533 537 519 467 500 502 469 488 494 512 474 496 480 524 543 551 564 570 595 565 513 511 496 508 511 493 512 508 538 564 537 477 495 485 493 499 446 488 502 542 525 516 507 484 476 540 529 510 567 563 540 512 550 533 507 491 467 453 433 437 456 449 482 473 456 480 514 494 465 473 509 514 526 566 573 555 548 533 490 505 509 534 557 570 517 507 528 549 492 480 492 506 497 476 500 493 485 473 495 492 494 493 457 473 485 533 536 502 470 514 515 516 506 490 457 487 501 473 477 471 481 465 456 497 509 498 503 510 528 487 489 472 478 466 505 456 483 517 491 488 524 494 465 477 543 561 539 521 553 570 553 554 518 520 538 534 513 512 532 518 502 506 514 520 511 551 544 554 549 575 605 560 544 520 514 528 493 466 455 483 487 499 516 516 489 444 466 478 505 531 580 539 484 455 470 463 476 454 471 514 478 443 431 471 512 550 543 519 534 558 527 500 493 488 460 498 522 542 529 470 473 485 491 510 520 509 498 465 509 520 520 513 536 524 524 480 510 541 496 511 461 471 516 490 468 447 499 508 444 462 487 511 522 515 491 514 480 464 476 496 514 513 497 464 468 500 561 561 538 563 549 562 505 513 473 483 485 517 464 490 504 465 513 486 518 513 484 485 477 460 474 477 523 539 527 528 540 501 500 523 498 501 520 510 509 535 530 490 485 479 496 526 498 476 459 501 493 502 513 536 523 516 488 493 533 547 522 500 513 514 505 464 462 511 535 542 510 492 489 504 503 551 552 540 541 537 515 514 494 521 536 495 480 497 535 529 527 531 516 502 538 550 498 483 501 529 520 498 497 487 542 548 537 518 517 538 519 521 518 512 501 505 501 504 489 506 476 514 526 518 477 455 470 479 485 508 489 520 529 530 488 451 476 484 533 546 561 513 501 489 484 512 515 525 533 517 527 492 507 496 480 479 457 503 515 484 506 495 491 525 532 531 497 524 574 591 536 539 553 514 510 502 481 535 516 564 560 515 534 498 494 485 486 508 527 525 528 528 495 496 499 508 517 502 480 507 496 496 503 507 526 492 507 561 535 502 557 559 543 530 506 481 533 542 561 573 532 541 553 529 511 505 501 505 537 481 483 485 474 500 491 494 528 524 570 555 552 525 487 514 551 554 516 480 474 466 459 474 463 477 510 503 495 523 524 517 503 509 522 540 548 533 492 498 475 508 543 527 478 506 488 486 464 496 514 472 490 500 539 571 561 593 584 525 485 491 521 500 500 494 491 484 484 488 491 509 518 535 510 494 499 507 501 477 480 496 524 523 534 502 483 496 503 505 491 482 508 523 515 514 513 487 503 519 502 507 523 502 510 508 499 529 551 519 518 507 495 461 473 521 513 514 499 473 478 509 525 529 514 494 511 534 513 499 488 520 523 465 477 480 508 525 516 506 457 428 455 499 536 516 454 444 434 473 485 538 530 545 539 520 543 524 458 459 515 511 522 520 515 501 459 457 456 488 489 507 495 478 490 466 512 537 542 555 507 502 477 496 451 466 476 501 514 492 474 486 489 464 494 
vem trace:

