SDId: 34790371
energy: 2.87616e+17
zenith: 0.0736187
azimuth: 3.82117
GPSSeconc: 1127020541
stid: 333
spdistance: 760.265
radio trace:
439 448 457 440 447 449 453 453 432 395 383 389 397 387 396 428 421 419 446 453 445 429 433 439 449 442 450 471 436 428 463 454 456 439 422 391 372 374 370 395 406 413 425 434 457 450 455 430 449 434 455 441 415 424 427 444 456 460 439 431 412 380 418 412 400 369 404 405 410 410 414 400 404 384 398 414 431 427 421 413 406 435 459 462 411 364 409 373 369 403 452 489 452 442 448 414 445 438 448 436 448 452 426 422 447 485 449 444 443 444 449 411 400 417 419 414 382 374 390 442 447 426 413 414 395 434 450 458 441 429 430 456 460 465 451 450 446 438 402 385 427 422 386 387 414 437 462 470 492 489 440 428 458 470 462 440 417 417 437 404 397 432 440 442 488 461 440 419 429 451 443 449 437 409 409 427 445 438 438 429 434 429 398 393 420 411 394 421 440 493 471 446 489 470 437 436 418 399 425 448 443 452 416 390 423 431 444 429 446 445 436 416 416 421 456 475 429 458 452 433 434 414 390 413 421 434 433 415 437 413 415 410 415 400 418 454 450 448 450 407 403 424 409 423 455 444 428 410 418 466 466 426 392 408 402 439 420 432 431 440 487 468 450 412 408 440 435 406 369 395 402 418 445 455 426 427 423 407 416 426 450 425 448 446 412 417 438 429 459 474 449 446 461 491 492 460 417 457 444 451 435 406 406 437 412 454 441 407 401 431 458 449 441 433 379 379 367 373 392 411 429 403 395 387 436 461 462 461 462 429 405 404 423 433 437 417 427 425 427 447 420 430 437 419 388 386 401 416 422 433 452 471 440 434 438 384 429 436 454 450 430 419 428 438 464 446 455 448 419 435 419 418 400 399 419 426 409 399 401 438 382 389 399 436 442 439 427 420 443 441 432 412 413 399 415 433 443 441 417 386 398 396 391 381 393 413 395 419 436 413 403 430 441 432 437 418 401 397 448 436 441 452 453 428 445 442 423 401 397 413 424 408 430 461 455 433 434 437 421 411 402 429 421 395 397 435 434 468 467 471 450 475 445 426 387 356 391 379 400 377 413 431 443 416 405 408 400 434 416 408 408 418 421 437 398 389 427 438 423 446 441 415 407 411 425 428 451 477 485 479 458 429 398 393 416 440 493 502 481 446 452 443 447 410 383 385 415 424 390 413 378 391 428 437 466 462 476 442 438 432 448 458 431 416 430 447 474 451 404 423 445 486 452 440 421 438 430 465 501 482 449 422 428 436 411 394 408 393 422 411 424 420 422 429 396 429 448 435 446 411 410 417 438 450 468 461 444 406 443 450 416 425 409 409 416 403 412 414 417 373 370 350 339 365 435 415 408 442 458 424 423 408 383 414 408 398 414 420 420 434 442 458 411 409 434 449 471 439 433 479 504 471 488 468 462 464 479 454 458 427 453 478 474 453 436 430 445 459 469 416 418 404 425 411 433 462 461 428 437 459 479 433 447 419 425 451 445 425 422 412 423 451 452 408 398 402 396 431 418 444 441 429 413 426 455 436 375 417 415 398 404 443 469 459 436 428 456 429 421 436 452 442 455 438 434 447 454 479 461 466 467 483 449 458 427 444 427 427 442 445 414 422 436 430 432 446 421 431 466 476 442 406 419 442 468 474 468 450 455 419 409 410 424 414 426 397 395 420 430 434 432 471 419 431 436 456 433 395 411 428 436 425 431 436 471 476 464 428 420 425 406 418 449 421 414 415 396 429 396 408 434 433 426 446 409 382 401 432 
vem trace:

stid: 332
spdistance: 860.53
radio trace:
529 511 475 514 510 514 538 539 555 504 488 487 508 507 510 488 550 538 559 556 560 568 526 547 536 489 505 499 552 531 529 507 507 550 541 552 568 544 527 575 546 536 557 558 519 508 525 526 525 512 519 577 554 547 515 526 496 513 528 528 564 588 572 517 534 568 518 522 523 524 498 501 526 540 512 532 556 575 553 551 501 505 547 560 541 532 570 554 551 548 539 555 542 571 528 542 490 480 485 490 462 489 472 475 505 527 505 519 538 530 520 504 490 490 484 491 512 502 450 450 482 497 508 521 533 521 522 525 511 519 561 533 538 535 540 527 548 527 513 555 557 534 518 522 548 535 541 514 520 521 530 512 515 533 549 507 514 540 540 567 563 557 555 523 523 533 521 525 524 549 508 513 515 537 551 530 548 577 544 510 491 515 516 509 517 509 509 546 506 511 522 525 514 520 515 481 511 524 537 523 507 499 511 531 491 523 528 514 481 460 478 494 483 474 507 532 554 554 544 526 532 535 571 551 563 547 510 523 569 568 529 501 485 516 529 535 517 514 543 549 527 533 520 542 559 569 556 552 503 538 536 535 565 573 578 545 583 545 551 591 539 555 533 558 569 553 529 519 555 525 526 518 516 524 532 542 571 566 538 553 535 534 563 559 548 562 540 523 541 519 516 520 554 532 504 518 556 518 515 501 517 514 506 542 560 553 532 568 545 531 522 528 559 562 555 556 510 496 525 531 536 517 554 543 522 524 536 551 546 528 516 456 496 496 496 481 512 538 528 517 500 504 532 519 523 515 514 509 509 533 544 520 528 512 500 531 541 568 526 512 500 502 552 539 541 529 512 498 513 533 558 578 549 527 554 561 553 548 544 527 519 493 540 541 558 554 514 485 527 558 568 556 529 539 503 507 556 561 556 538 515 522 519 503 512 547 529 505 512 525 508 517 512 535 524 529 510 514 512 515 512 516 542 551 548 553 545 568 582 556 540 539 506 502 521 522 525 522 526 557 563 538 502 521 531 543 528 492 486 543 518 515 511 488 506 525 524 587 562 537 533 539 531 493 501 529 545 524 529 552 567 543 550 557 554 542 536 534 550 558 523 530 548 519 530 538 533 546 514 539 533 538 569 545 511 515 511 489 504 499 545 529 513 533 516 554 516 534 512 507 503 500 482 470 532 542 503 515 508 525 531 528 503 509 496 495 535 522 556 543 531 545 517 514 518 513 513 505 530 530 571 551 541 535 535 539 556 549 529 543 543 525 513 514 529 517 515 459 495 520 519 504 523 485 508 496 512 486 523 537 533 515 524 530 560 580 547 533 520 534 510 534 539 509 528 531 515 508 546 553 537 527 531 518 523 537 533 498 537 526 543 489 462 466 487 516 509 522 538 566 540 557 539 556 553 543 571 573 582 556 539 508 494 517 506 518 532 546 539 556 554 553 564 546 563 562 505 514 576 586 563 554 532 536 555 548 518 519 514 520 531 532 555 570 531 520 528 523 520 519 526 498 506 521 543 552 536 539 513 525 537 550 524 555 514 543 547 539 506 508 530 551 548 524 521 535 519 532 511 528 555 548 508 490 503 503 535 518 490 496 494 520 525 551 519 471 507 527 542 563 564 561 537 526 515 555 531 514 542 539 541 568 550 564 536 505 503 498 496 508 536 555 549 569 577 569 554 550 546 570 542 540 537 545 534 571 539 574 568 573 526 508 550 533 561 562 494 512 507 529 551 550 539 566 564 565 534 525 
vem trace:

