SDId: 34543146
energy: 5.72039e+17
zenith: 0.47682
azimuth: 1.70361
GPSSeconc: 1125509982
stid: 341
spdistance: 988.515
radio trace:
601 590 534 508 535 556 557 598 551 520 522 559 510 479 493 512 510 508 522 507 514 538 514 509 517 512 516 517 523 532 577 551 555 533 577 584 555 581 548 537 519 508 528 537 515 521 514 528 531 530 550 571 568 568 551 570 532 554 553 557 598 588 585 566 517 515 541 535 548 586 563 574 538 507 563 552 538 563 606 567 549 541 518 551 537 532 519 521 554 581 572 551 555 580 581 575 612 563 576 582 537 525 510 557 547 551 530 524 532 528 520 560 555 528 505 541 562 538 476 500 491 531 568 561 561 565 519 510 500 503 533 530 520 516 549 551 602 594 556 536 459 474 502 488 540 538 548 563 583 562 555 546 565 553 525 527 518 519 550 572 525 560 567 567 583 569 567 541 506 526 528 525 527 544 555 516 512 505 557 579 567 571 564 551 527 519 514 542 550 542 549 561 547 543 546 531 507 533 533 531 541 533 519 533 567 560 535 535 543 532 525 529 540 564 576 537 545 529 505 501 507 527 522 532 512 555 526 506 519 526 526 517 509 516 520 553 555 579 590 564 547 553 565 561 545 561 582 533 535 541 550 539 576 553 556 527 499 511 520 543 542 540 546 556 554 530 524 525 515 532 561 525 493 497 526 538 542 516 531 543 520 539 520 504 491 522 539 577 582 549 536 541 527 561 555 560 605 570 520 545 573 524 504 520 560 535 508 503 499 544 562 574 552 547 556 551 551 530 535 551 557 577 609 586 596 596 552 532 539 533 548 545 578 510 474 507 527 552 541 559 577 604 583 550 535 545 549 539 579 578 589 554 536 553 570 537 524 557 539 568 590 599 572 526 548 545 559 552 545 514 574 527 526 544 528 541 574 583 545 519 521 524 516 553 586 565 563 569 537 542 527 529 522 529 544 537 539 564 516 504 501 536 568 580 593 543 551 550 571 577 554 535 552 569 551 556 573 550 530 521 539 546 544 527 516 533 549 557 531 542 542 555 557 519 460 476 514 528 528 565 602 581 602 577 510 508 573 593 564 570 541 477 491 533 568 593 619 597 559 508 545 553 534 532 531 547 552 558 526 528 477 488 539 525 518 475 502 559 544 501 489 497 501 495 520 501 514 518 520 536 532 556 554 516 533 533 519 522 520 493 542 520 529 520 562 642 608 572 562 548 523 489 449 481 495 527 528 528 579 544 555 581 562 561 554 562 527 518 541 559 561 559 556 543 565 553 551 563 545 582 550 559 565 532 540 562 582 565 528 558 600 573 576 543 537 519 521 507 576 574 593 555 585 584 614 585 579 556 570 596 618 569 566 573 529 528 527 547 579 568 560 572 552 547 505 496 535 509 546 580 546 498 530 534 546 552 549 570 608 557 524 503 501 512 518 500 507 560 580 570 549 546 511 522 579 570 582 559 548 530 551 532 545 574 576 529 553 538 549 547 496 480 525 527 581 598 601 601 542 544 521 493 515 521 517 508 533 549 545 581 558 540 561 577 562 513 502 552 567 555 512 489 508 526 523 505 494 528 542 528 549 568 567 556 533 530 552 524 475 526 558 559 543 537 551 587 600 577 552 570 537 552 569 529 541 534 557 540 520 491 521 560 583 574 576 538 546 555 558 542 541 549 517 575 551 524 543 555 536 579 574 548 539 558 529 530 511 567 590 596 564 541 553 510 526 521 523 538 547 536 557 605 583 571 578 545 564 585 561 551 549 545 489 486 510 532 539 527 516 521 561 576 577 563 563 599 614 593 
vem trace:

stid: 341
spdistance: 988.515
radio trace:
601 590 534 508 535 556 557 598 551 520 522 559 510 479 493 512 510 508 522 507 514 538 514 509 517 512 516 517 523 532 577 551 555 533 577 584 555 581 548 537 519 508 528 537 515 521 514 528 531 530 550 571 568 568 551 570 532 554 553 557 598 588 585 566 517 515 541 535 548 586 563 574 538 507 563 552 538 563 606 567 549 541 518 551 537 532 519 521 554 581 572 551 555 580 581 575 612 563 576 582 537 525 510 557 547 551 530 524 532 528 520 560 555 528 505 541 562 538 476 500 491 531 568 561 561 565 519 510 500 503 533 530 520 516 549 551 602 594 556 536 459 474 502 488 540 538 548 563 583 562 555 546 565 553 525 527 518 519 550 572 525 560 567 567 583 569 567 541 506 526 528 525 527 544 555 516 512 505 557 579 567 571 564 551 527 519 514 542 550 542 549 561 547 543 546 531 507 533 533 531 541 533 519 533 567 560 535 535 543 532 525 529 540 564 576 537 545 529 505 501 507 527 522 532 512 555 526 506 519 526 526 517 509 516 520 553 555 579 590 564 547 553 565 561 545 561 582 533 535 541 550 539 576 553 556 527 499 511 520 543 542 540 546 556 554 530 524 525 515 532 561 525 493 497 526 538 542 516 531 543 520 539 520 504 491 522 539 577 582 549 536 541 527 561 555 560 605 570 520 545 573 524 504 520 560 535 508 503 499 544 562 574 552 547 556 551 551 530 535 551 557 577 609 586 596 596 552 532 539 533 548 545 578 510 474 507 527 552 541 559 577 604 583 550 535 545 549 539 579 578 589 554 536 553 570 537 524 557 539 568 590 599 572 526 548 545 559 552 545 514 574 527 526 544 528 541 574 583 545 519 521 524 516 553 586 565 563 569 537 542 527 529 522 529 544 537 539 564 516 504 501 536 568 580 593 543 551 550 571 577 554 535 552 569 551 556 573 550 530 521 539 546 544 527 516 533 549 557 531 542 542 555 557 519 460 476 514 528 528 565 602 581 602 577 510 508 573 593 564 570 541 477 491 533 568 593 619 597 559 508 545 553 534 532 531 547 552 558 526 528 477 488 539 525 518 475 502 559 544 501 489 497 501 495 520 501 514 518 520 536 532 556 554 516 533 533 519 522 520 493 542 520 529 520 562 642 608 572 562 548 523 489 449 481 495 527 528 528 579 544 555 581 562 561 554 562 527 518 541 559 561 559 556 543 565 553 551 563 545 582 550 559 565 532 540 562 582 565 528 558 600 573 576 543 537 519 521 507 576 574 593 555 585 584 614 585 579 556 570 596 618 569 566 573 529 528 527 547 579 568 560 572 552 547 505 496 535 509 546 580 546 498 530 534 546 552 549 570 608 557 524 503 501 512 518 500 507 560 580 570 549 546 511 522 579 570 582 559 548 530 551 532 545 574 576 529 553 538 549 547 496 480 525 527 581 598 601 601 542 544 521 493 515 521 517 508 533 549 545 581 558 540 561 577 562 513 502 552 567 555 512 489 508 526 523 505 494 528 542 528 549 568 567 556 533 530 552 524 475 526 558 559 543 537 551 587 600 577 552 570 537 552 569 529 541 534 557 540 520 491 521 560 583 574 576 538 546 555 558 542 541 549 517 575 551 524 543 555 536 579 574 548 539 558 529 530 511 567 590 596 564 541 553 510 526 521 523 538 547 536 557 605 583 571 578 545 564 585 561 551 549 545 489 486 510 532 539 527 516 521 561 576 577 563 563 599 614 593 
vem trace:

