SDId: 34586760
energy: 3.79399e+17
zenith: 0.613991
azimuth: 2.17728
GPSSeconc: 1125914593
stid: 341
spdistance: 685.902
radio trace:
485 519 506 510 472 476 523 510 493 458 515 507 523 505 527 503 453 482 487 482 524 515 499 525 474 461 426 446 467 478 501 482 486 478 463 472 464 469 473 460 484 506 513 521 493 490 478 493 478 482 435 422 414 444 443 440 470 506 485 460 421 431 456 461 506 490 480 481 530 529 468 475 493 474 449 464 429 432 506 517 471 477 461 436 445 422 420 484 458 467 477 473 493 506 517 486 501 508 498 481 477 499 494 479 469 484 491 523 530 502 524 520 475 442 495 530 474 440 431 435 479 454 504 502 509 481 500 462 436 422 448 475 486 492 520 531 507 497 486 487 480 469 518 511 459 466 506 458 476 511 508 481 498 503 502 495 491 462 506 501 483 544 540 523 524 505 468 450 493 479 489 514 487 470 479 475 468 523 478 487 531 512 520 490 510 486 508 482 447 464 480 435 442 492 486 496 492 470 468 496 521 495 448 458 473 500 479 488 534 492 529 493 508 530 537 512 478 496 514 495 510 498 543 525 490 473 497 504 527 514 509 500 494 482 479 447 457 472 455 474 498 520 551 525 502 497 495 486 475 499 517 492 519 501 510 482 466 475 447 434 422 459 456 493 486 487 471 451 484 482 495 515 530 525 526 510 513 476 478 518 505 493 493 485 483 445 470 547 550 501 483 498 514 468 460 456 500 500 475 513 505 512 516 517 493 457 471 463 489 505 511 517 539 510 504 492 497 495 477 499 521 540 545 515 474 463 490 478 454 443 420 487 534 505 488 511 504 498 448 448 533 518 516 513 534 531 506 486 507 472 497 518 472 464 491 515 528 503 516 524 498 522 554 542 532 530 533 497 496 530 516 485 484 500 532 533 456 465 511 501 500 491 487 473 495 496 529 520 520 532 482 479 509 540 507 506 546 566 546 507 518 468 497 500 479 475 501 546 541 524 507 500 479 492 519 533 541 526 489 470 453 480 510 540 526 491 517 533 550 530 498 504 505 522 509 494 457 476 497 489 477 461 476 505 540 524 502 506 518 554 533 491 484 490 500 462 477 457 501 517 525 536 509 463 442 433 452 495 502 474 466 494 504 491 525 505 476 469 492 470 494 497 483 494 488 492 482 495 489 516 544 513 495 502 513 521 512 504 491 473 472 481 514 522 538 502 492 459 486 501 514 530 571 537 497 504 499 495 478 474 446 474 478 470 442 452 473 534 538 501 517 522 488 464 476 506 518 519 507 505 564 563 498 477 483 491 493 488 508 507 496 510 528 514 516 513 505 504 511 479 506 516 510 478 503 485 521 532 529 505 464 487 487 509 502 505 491 472 469 501 521 526 533 531 494 451 470 476 472 449 473 488 493 508 489 502 534 489 446 483 486 492 455 476 486 456 470 454 502 532 513 534 522 530 525 519 495 456 504 521 538 573 561 495 468 433 439 472 509 519 533 528 495 476 502 538 513 483 462 453 477 485 498 462 464 475 531 511 497 496 509 477 475 501 531 524 542 526 495 465 492 523 503 491 472 506 489 443 438 479 536 556 520 497 427 425 466 490 485 482 488 512 477 500 517 496 524 521 558 513 480 504 486 460 516 512 474 487 548 568 535 495 537 535 487 484 471 465 469 481 459 439 513 506 483 454 437 439 478 524 528 512 513 467 454 495 505 442 436 459 486 415 417 478 502 516 511 542 524 507 501 484 504 498 502 500 547 500 511 513 496 470 464 499 476 461 489 471 483 486 484 481 478 513 481 498 479 482 
vem trace:

stid: 341
spdistance: 685.902
radio trace:
485 519 506 510 472 476 523 510 493 458 515 507 523 505 527 503 453 482 487 482 524 515 499 525 474 461 426 446 467 478 501 482 486 478 463 472 464 469 473 460 484 506 513 521 493 490 478 493 478 482 435 422 414 444 443 440 470 506 485 460 421 431 456 461 506 490 480 481 530 529 468 475 493 474 449 464 429 432 506 517 471 477 461 436 445 422 420 484 458 467 477 473 493 506 517 486 501 508 498 481 477 499 494 479 469 484 491 523 530 502 524 520 475 442 495 530 474 440 431 435 479 454 504 502 509 481 500 462 436 422 448 475 486 492 520 531 507 497 486 487 480 469 518 511 459 466 506 458 476 511 508 481 498 503 502 495 491 462 506 501 483 544 540 523 524 505 468 450 493 479 489 514 487 470 479 475 468 523 478 487 531 512 520 490 510 486 508 482 447 464 480 435 442 492 486 496 492 470 468 496 521 495 448 458 473 500 479 488 534 492 529 493 508 530 537 512 478 496 514 495 510 498 543 525 490 473 497 504 527 514 509 500 494 482 479 447 457 472 455 474 498 520 551 525 502 497 495 486 475 499 517 492 519 501 510 482 466 475 447 434 422 459 456 493 486 487 471 451 484 482 495 515 530 525 526 510 513 476 478 518 505 493 493 485 483 445 470 547 550 501 483 498 514 468 460 456 500 500 475 513 505 512 516 517 493 457 471 463 489 505 511 517 539 510 504 492 497 495 477 499 521 540 545 515 474 463 490 478 454 443 420 487 534 505 488 511 504 498 448 448 533 518 516 513 534 531 506 486 507 472 497 518 472 464 491 515 528 503 516 524 498 522 554 542 532 530 533 497 496 530 516 485 484 500 532 533 456 465 511 501 500 491 487 473 495 496 529 520 520 532 482 479 509 540 507 506 546 566 546 507 518 468 497 500 479 475 501 546 541 524 507 500 479 492 519 533 541 526 489 470 453 480 510 540 526 491 517 533 550 530 498 504 505 522 509 494 457 476 497 489 477 461 476 505 540 524 502 506 518 554 533 491 484 490 500 462 477 457 501 517 525 536 509 463 442 433 452 495 502 474 466 494 504 491 525 505 476 469 492 470 494 497 483 494 488 492 482 495 489 516 544 513 495 502 513 521 512 504 491 473 472 481 514 522 538 502 492 459 486 501 514 530 571 537 497 504 499 495 478 474 446 474 478 470 442 452 473 534 538 501 517 522 488 464 476 506 518 519 507 505 564 563 498 477 483 491 493 488 508 507 496 510 528 514 516 513 505 504 511 479 506 516 510 478 503 485 521 532 529 505 464 487 487 509 502 505 491 472 469 501 521 526 533 531 494 451 470 476 472 449 473 488 493 508 489 502 534 489 446 483 486 492 455 476 486 456 470 454 502 532 513 534 522 530 525 519 495 456 504 521 538 573 561 495 468 433 439 472 509 519 533 528 495 476 502 538 513 483 462 453 477 485 498 462 464 475 531 511 497 496 509 477 475 501 531 524 542 526 495 465 492 523 503 491 472 506 489 443 438 479 536 556 520 497 427 425 466 490 485 482 488 512 477 500 517 496 524 521 558 513 480 504 486 460 516 512 474 487 548 568 535 495 537 535 487 484 471 465 469 481 459 439 513 506 483 454 437 439 478 524 528 512 513 467 454 495 505 442 436 459 486 415 417 478 502 516 511 542 524 507 501 484 504 498 502 500 547 500 511 513 496 470 464 499 476 461 489 471 483 486 484 481 478 513 481 498 479 482 
vem trace:

stid: 343
spdistance: 1033.43
radio trace:
459 429 447 470 469 441 434 444 456 458 434 433 406 453 454 454 441 422 417 404 443 437 430 458 478 451 426 445 458 428 437 431 433 425 456 465 470 455 450 481 440 437 432 419 420 432 447 460 456 470 453 469 478 481 473 462 445 471 504 473 435 435 451 412 449 445 452 457 436 463 476 452 435 469 480 457 398 414 439 443 447 433 423 478 463 460 446 456 403 437 466 480 463 436 459 418 400 408 415 415 402 402 428 436 454 463 439 447 454 433 443 431 453 444 440 488 466 439 460 457 444 468 474 459 426 428 451 446 473 475 448 461 428 446 421 400 411 436 464 486 493 473 463 427 426 426 456 439 409 425 455 448 438 428 428 423 414 429 428 440 436 435 470 459 455 488 485 444 420 421 434 467 467 448 434 446 438 452 472 486 471 486 446 410 415 454 449 428 445 449 450 426 432 452 454 462 481 471 470 471 474 433 455 456 484 470 454 453 449 467 466 485 485 458 424 436 459 487 494 465 490 429 435 431 438 435 407 426 452 458 458 425 413 426 447 438 442 436 434 438 454 450 456 459 458 457 441 480 507 458 459 432 447 491 460 453 467 429 425 449 442 467 443 418 408 441 470 458 412 392 420 429 431 442 443 432 441 436 428 407 416 435 432 408 424 457 423 434 449 429 419 431 452 467 464 489 461 445 428 420 443 471 466 470 439 431 434 448 440 430 431 420 415 444 450 449 466 455 433 433 464 460 462 458 447 482 452 453 437 432 388 410 413 423 443 450 404 399 417 457 449 442 437 449 439 447 465 450 455 419 440 439 468 482 500 479 476 436 430 444 478 468 435 420 438 455 464 462 427 462 475 458 456 467 457 450 467 463 447 431 464 459 433 426 429 435 460 459 458 461 458 459 460 460 442 431 460 471 473 477 448 455 453 473 498 464 440 434 483 424 444 465 446 436 421 446 440 445 444 433 437 473 477 463 462 427 442 463 428 446 445 454 460 461 437 426 450 457 447 468 457 432 434 439 422 444 424 465 484 467 444 447 462 438 430 446 445 432 408 389 407 409 444 460 447 452 419 424 421 467 468 450 490 469 470 431 474 463 461 461 473 466 453 432 428 429 432 434 457 433 448 445 459 469 491 474 457 445 443 484 502 491 494 460 439 427 422 433 457 443 444 441 432 438 455 459 466 452 454 459 452 444 463 447 428 431 440 492 487 482 472 468 446 429 423 441 455 425 430 460 468 474 454 488 477 483 485 479 462 475 468 464 465 444 443 453 463 478 490 474 442 461 453 463 445 461 469 466 462 457 441 454 446 471 471 459 445 447 457 481 468 444 469 463 480 460 433 447 440 414 410 426 443 438 448 443 448 457 453 447 452 448 451 432 449 464 421 453 474 478 445 446 467 447 422 420 416 460 435 422 413 426 434 458 462 461 471 468 441 415 434 465 462 457 448 415 422 434 457 476 488 454 459 465 455 458 460 471 435 441 439 452 429 440 428 453 454 432 457 445 405 417 412 437 443 457 453 442 432 449 449 463 464 469 488 484 428 438 448 449 458 445 466 430 442 423 401 405 402 419 399 436 459 414 422 427 455 482 457 461 445 430 457 456 449 441 433 430 446 436 431 446 452 462 480 455 464 466 443 442 457 456 459 446 423 398 428 438 456 485 493 465 445 434 442 437 442 443 468 469 417 421 430 436 447 440 434 462 444 443 496 490 466 442 424 436 423 428 438 448 451 448 451 480 491 469 478 481 
vem trace:

