SDId: 34593054
energy: 4.44162e+17
zenith: 0.396568
azimuth: 4.42093
GPSSeconc: 1125956925
stid: 341
spdistance: 412.93
radio trace:
560 538 547 521 532 547 519 526 505 519 511 500 528 539 559 555 524 515 527 503 528 522 530 501 487 530 588 575 548 492 502 502 549 555 529 492 482 478 500 476 496 488 475 497 488 518 511 478 457 481 465 487 512 500 508 466 493 513 513 477 505 516 476 482 501 514 503 455 441 486 533 549 515 538 511 482 481 520 526 541 524 484 491 506 482 479 507 563 528 533 569 534 499 499 526 520 516 539 544 522 513 509 499 515 540 542 511 466 486 484 493 502 474 498 501 490 488 509 547 534 507 486 517 505 505 483 506 495 518 481 447 488 486 488 480 505 498 492 488 489 487 463 478 496 551 553 499 484 518 500 479 501 488 509 554 538 520 482 480 511 491 534 533 478 471 479 511 508 509 502 489 512 497 499 513 530 551 537 520 520 490 464 532 547 540 507 528 538 528 502 502 533 521 561 568 526 520 526 546 519 504 536 552 549 515 535 507 508 517 523 510 512 517 490 525 509 493 486 498 522 546 519 507 531 504 491 560 542 487 513 518 502 524 548 522 526 496 505 519 537 529 534 513 520 570 524 488 502 539 498 484 465 488 488 515 525 543 578 548 536 503 499 543 578 573 552 546 531 490 492 479 490 478 487 484 484 505 484 492 503 516 524 547 533 499 510 545 540 534 512 524 528 531 521 520 542 505 564 548 531 526 557 516 502 501 494 537 559 577 576 541 504 517 527 510 537 535 526 545 546 547 500 501 526 547 517 490 511 516 505 524 531 533 518 500 492 504 530 497 540 521 498 489 495 519 506 489 523 530 534 517 542 520 550 537 550 537 522 494 476 502 501 492 498 519 496 519 507 538 521 538 543 563 572 536 536 498 495 523 492 524 510 510 494 495 505 495 467 488 491 481 534 538 536 517 531 564 518 479 505 534 528 526 543 507 510 489 495 535 552 589 594 550 546 528 508 490 527 537 536 523 511 532 577 502 492 469 486 470 511 518 516 514 504 529 530 513 516 533 537 532 521 537 541 539 541 511 485 507 467 484 479 490 509 525 538 542 519 528 507 507 486 483 539 546 567 538 536 506 492 514 521 530 561 536 548 521 493 479 452 454 433 451 472 481 512 500 495 497 498 511 533 496 481 513 487 497 506 485 516 540 533 509 506 489 492 477 493 493 523 534 537 525 487 479 500 482 513 529 509 506 483 498 488 467 475 501 512 523 523 541 532 503 475 455 442 505 496 515 553 527 556 517 437 466 497 456 444 496 503 534 529 504 497 533 570 510 507 480 489 489 460 450 491 486 517 536 537 522 484 464 501 471 469 461 482 507 500 474 512 521 550 544 528 500 491 530 512 521 549 564 524 530 518 488 514 530 496 519 506 567 526 511 491 491 477 468 466 462 478 516 513 498 502 480 494 513 525 533 496 505 507 516 541 482 503 513 512 536 541 536 533 523 499 486 479 489 513 545 569 533 539 508 485 484 474 481 549 517 493 512 522 517 517 511 520 512 520 525 524 548 543 548 528 488 575 568 495 488 500 494 469 471 483 489 463 485 508 540 514 498 522 495 511 478 517 523 520 519 544 513 536 480 488 492 538 511 532 500 514 529 473 491 485 494 467 492 525 527 516 502 535 526 510 514 500 527 516 488 506 495 493 501 523 530 504 488 473 479 510 514 513 552 552 528 553 493 517 512 532 509 508 500 502 500 519 528 518 495 500 501 522 526 496 526 495 545 548 547 537 542 544 507 499 490 493 463 474 
vem trace:

stid: 341
spdistance: 412.93
radio trace:
560 538 547 521 532 547 519 526 505 519 511 500 528 539 559 555 524 515 527 503 528 522 530 501 487 530 588 575 548 492 502 502 549 555 529 492 482 478 500 476 496 488 475 497 488 518 511 478 457 481 465 487 512 500 508 466 493 513 513 477 505 516 476 482 501 514 503 455 441 486 533 549 515 538 511 482 481 520 526 541 524 484 491 506 482 479 507 563 528 533 569 534 499 499 526 520 516 539 544 522 513 509 499 515 540 542 511 466 486 484 493 502 474 498 501 490 488 509 547 534 507 486 517 505 505 483 506 495 518 481 447 488 486 488 480 505 498 492 488 489 487 463 478 496 551 553 499 484 518 500 479 501 488 509 554 538 520 482 480 511 491 534 533 478 471 479 511 508 509 502 489 512 497 499 513 530 551 537 520 520 490 464 532 547 540 507 528 538 528 502 502 533 521 561 568 526 520 526 546 519 504 536 552 549 515 535 507 508 517 523 510 512 517 490 525 509 493 486 498 522 546 519 507 531 504 491 560 542 487 513 518 502 524 548 522 526 496 505 519 537 529 534 513 520 570 524 488 502 539 498 484 465 488 488 515 525 543 578 548 536 503 499 543 578 573 552 546 531 490 492 479 490 478 487 484 484 505 484 492 503 516 524 547 533 499 510 545 540 534 512 524 528 531 521 520 542 505 564 548 531 526 557 516 502 501 494 537 559 577 576 541 504 517 527 510 537 535 526 545 546 547 500 501 526 547 517 490 511 516 505 524 531 533 518 500 492 504 530 497 540 521 498 489 495 519 506 489 523 530 534 517 542 520 550 537 550 537 522 494 476 502 501 492 498 519 496 519 507 538 521 538 543 563 572 536 536 498 495 523 492 524 510 510 494 495 505 495 467 488 491 481 534 538 536 517 531 564 518 479 505 534 528 526 543 507 510 489 495 535 552 589 594 550 546 528 508 490 527 537 536 523 511 532 577 502 492 469 486 470 511 518 516 514 504 529 530 513 516 533 537 532 521 537 541 539 541 511 485 507 467 484 479 490 509 525 538 542 519 528 507 507 486 483 539 546 567 538 536 506 492 514 521 530 561 536 548 521 493 479 452 454 433 451 472 481 512 500 495 497 498 511 533 496 481 513 487 497 506 485 516 540 533 509 506 489 492 477 493 493 523 534 537 525 487 479 500 482 513 529 509 506 483 498 488 467 475 501 512 523 523 541 532 503 475 455 442 505 496 515 553 527 556 517 437 466 497 456 444 496 503 534 529 504 497 533 570 510 507 480 489 489 460 450 491 486 517 536 537 522 484 464 501 471 469 461 482 507 500 474 512 521 550 544 528 500 491 530 512 521 549 564 524 530 518 488 514 530 496 519 506 567 526 511 491 491 477 468 466 462 478 516 513 498 502 480 494 513 525 533 496 505 507 516 541 482 503 513 512 536 541 536 533 523 499 486 479 489 513 545 569 533 539 508 485 484 474 481 549 517 493 512 522 517 517 511 520 512 520 525 524 548 543 548 528 488 575 568 495 488 500 494 469 471 483 489 463 485 508 540 514 498 522 495 511 478 517 523 520 519 544 513 536 480 488 492 538 511 532 500 514 529 473 491 485 494 467 492 525 527 516 502 535 526 510 514 500 527 516 488 506 495 493 501 523 530 504 488 473 479 510 514 513 552 552 528 553 493 517 512 532 509 508 500 502 500 519 528 518 495 500 501 522 526 496 526 495 545 548 547 537 542 544 507 499 490 493 463 474 
vem trace:

stid: 332
spdistance: 1085.52
radio trace:
584 581 570 558 530 535 517 513 537 543 543 555 561 510 521 515 518 531 552 534 543 588 563 540 534 539 522 512 536 506 502 544 532 530 542 521 549 572 570 582 569 512 521 545 549 527 529 520 458 452 524 530 535 533 526 509 524 572 545 544 543 539 506 512 541 562 579 540 508 504 531 533 529 541 525 553 574 549 564 558 524 510 493 517 530 566 543 528 528 527 549 555 514 518 542 537 530 527 504 503 549 574 556 549 555 545 540 556 571 581 546 536 555 514 525 511 528 571 535 519 540 539 529 517 534 587 587 574 559 572 546 500 527 549 532 509 541 530 508 540 544 524 519 555 556 526 540 513 534 526 523 533 554 545 498 519 536 534 532 543 540 516 538 521 514 547 548 512 474 458 499 540 546 534 540 563 578 540 534 541 503 495 521 524 551 560 563 585 609 557 551 512 554 534 519 522 525 516 528 545 549 532 531 530 571 603 604 590 565 524 517 542 530 517 538 562 560 542 533 543 522 507 530 537 575 570 555 542 575 549 537 534 543 539 531 541 571 563 563 547 540 525 533 541 509 565 552 530 513 511 530 555 556 526 568 561 545 526 502 491 531 570 518 544 572 545 524 547 517 492 496 521 521 517 554 562 581 573 589 566 548 553 566 512 508 521 537 524 522 501 545 514 538 546 563 556 549 506 537 518 540 557 543 548 578 608 588 562 553 525 545 553 573 531 550 570 577 555 534 518 523 554 546 538 520 536 506 509 528 535 542 524 518 544 531 518 519 552 585 593 577 558 568 544 545 526 540 542 556 571 559 531 524 532 540 560 533 548 541 554 540 542 565 559 539 536 568 574 554 535 503 526 522 525 544 553 566 532 512 524 546 554 519 549 555 555 554 539 532 568 540 533 529 524 524 505 505 533 502 545 565 560 520 532 508 520 569 534 545 516 541 550 571 546 529 510 548 555 561 518 500 511 510 551 545 521 539 545 541 516 515 489 519 513 570 558 539 526 513 520 508 540 549 526 541 526 524 507 496 507 525 565 554 545 550 555 558 516 486 526 549 560 542 520 521 509 520 525 546 540 501 495 490 494 516 531 527 541 537 536 526 489 527 533 557 534 552 507 521 521 526 551 498 512 556 600 560 536 528 535 561 557 557 562 555 524 531 551 556 558 541 540 543 544 531 558 557 520 494 509 504 558 560 508 502 494 530 533 523 530 527 537 534 537 537 531 535 569 557 542 530 557 561 548 559 564 555 511 511 497 516 523 541 554 563 515 524 513 534 534 506 535 527 514 499 506 542 522 504 547 539 549 550 530 496 473 481 501 519 512 500 536 541 532 549 527 543 559 558 543 515 520 511 493 522 539 552 556 547 501 516 559 538 549 519 505 516 521 552 570 540 535 524 536 529 518 516 519 522 545 543 532 543 564 536 513 522 486 496 539 564 554 540 522 539 563 522 502 525 554 546 556 522 490 532 540 515 520 527 517 533 522 520 521 545 541 533 520 509 549 566 548 544 535 532 497 528 546 519 521 554 543 539 566 554 537 543 546 559 533 528 535 556 541 574 523 537 554 564 557 518 524 528 533 518 517 526 538 566 562 597 566 566 551 553 545 553 548 549 540 538 506 502 532 551 560 506 487 515 545 551 523 534 512 525 549 537 533 498 524 565 550 549 539 536 527 533 565 555 542 537 530 558 566 541 553 518 523 501 482 503 504 505 499 515 513 516 584 560 516 530 534 530 546 497 504 498 538 
vem trace:

stid: 343
spdistance: 1475.21
radio trace:
494 486 438 451 456 457 458 509 516 493 453 479 486 470 471 490 485 481 478 471 455 472 479 496 484 506 489 465 466 473 448 443 466 497 491 490 460 492 463 464 473 485 485 487 496 441 422 470 495 464 464 470 460 446 458 436 432 461 466 473 446 473 474 473 469 455 469 467 441 471 470 439 459 469 466 450 429 435 453 483 486 487 446 464 450 444 440 472 491 495 464 475 476 470 480 463 460 468 466 486 452 473 469 455 448 476 478 477 468 427 438 459 483 486 497 498 491 473 474 477 469 488 451 423 430 464 461 465 457 452 451 449 457 474 475 492 467 468 469 474 475 458 447 472 499 484 483 485 504 458 444 465 465 464 470 457 440 459 474 465 477 475 489 513 489 488 472 450 429 429 438 447 466 468 488 492 475 472 463 444 478 496 517 483 497 503 488 514 495 498 488 473 480 481 465 477 481 488 516 514 488 476 448 434 442 412 416 433 435 486 491 470 477 473 484 491 481 488 506 485 454 452 437 444 490 501 488 464 445 460 460 449 449 465 480 482 473 491 506 506 485 481 463 490 480 456 481 457 471 488 477 486 493 488 486 465 458 433 430 440 470 474 480 490 487 489 475 487 475 482 470 463 442 464 494 480 475 474 471 475 464 471 471 466 488 500 487 508 501 499 487 512 485 477 470 457 460 460 485 491 460 435 456 483 454 471 487 494 491 491 464 459 456 476 481 483 488 471 474 500 474 497 472 473 470 431 435 472 488 501 500 492 473 471 475 495 507 483 473 461 460 471 463 481 502 505 495 453 447 447 477 477 482 462 480 474 481 471 490 499 477 496 491 487 458 487 496 496 472 454 460 467 488 454 471 484 502 478 499 479 495 461 478 462 450 449 468 482 490 476 474 478 492 474 463 460 485 468 485 489 462 462 451 489 503 510 510 497 502 514 516 504 488 489 482 484 466 482 481 442 425 410 421 444 466 485 472 473 459 475 468 463 482 499 476 471 490 478 472 486 476 475 459 462 433 457 476 481 468 452 457 477 459 486 475 472 464 450 456 460 488 488 493 495 466 464 439 447 464 452 469 482 468 482 500 520 523 487 478 489 495 495 486 448 446 466 486 501 479 462 465 471 469 484 448 418 442 444 444 458 488 497 499 486 487 445 466 493 476 460 458 469 463 439 462 479 463 467 469 468 492 513 489 448 483 509 502 492 505 484 481 450 474 490 479 460 453 455 475 477 473 480 476 479 474 495 499 476 477 448 457 470 483 489 457 457 462 460 478 459 488 468 478 508 502 484 454 461 472 490 462 462 462 453 484 471 495 493 471 482 471 468 458 458 481 466 474 480 521 509 496 499 492 490 439 454 444 456 452 457 461 476 467 452 456 458 478 469 491 481 511 504 489 450 424 453 477 479 471 482 466 475 490 486 507 489 486 474 500 490 463 491 475 464 489 510 509 500 491 478 499 481 459 490 497 478 488 473 467 453 478 456 490 508 492 461 478 473 447 456 485 483 487 502 487 468 474 468 477 432 433 452 466 500 485 482 484 457 470 470 486 470 479 452 450 444 478 448 442 470 475 458 444 447 463 493 489 504 456 464 461 454 470 480 452 478 484 461 470 475 472 453 461 441 451 462 468 460 452 458 489 491 488 479 479 460 460 469 463 453 480 455 458 460 495 493 485 467 474 457 470 463 455 482 499 506 497 490 476 479 463 466 474 479 472 474 487 437 466 459 470 449 457 458 479 505 471 468 
vem trace:

stid: 342
spdistance: 1164.94
radio trace:
400 427 446 437 423 439 429 467 468 462 424 441 461 474 475 488 458 456 446 469 456 419 427 420 423 404 441 445 420 407 418 454 443 458 438 458 472 464 448 450 458 458 453 449 429 428 416 431 476 460 445 468 491 480 453 454 414 401 410 427 423 443 423 463 464 441 452 459 427 436 441 436 436 443 413 403 422 460 442 440 418 415 429 452 466 455 464 463 452 455 489 484 456 456 464 459 478 434 435 431 440 413 443 426 432 449 441 407 434 462 483 476 434 424 429 424 445 469 469 458 455 437 433 417 461 484 450 441 429 433 440 420 417 444 455 434 439 434 441 443 463 468 471 429 457 459 480 468 455 474 497 462 431 440 429 428 411 413 429 430 414 426 424 429 443 424 434 417 439 434 444 445 455 462 466 473 451 458 442 428 446 448 436 426 416 422 440 441 432 405 385 409 399 440 403 445 460 460 465 453 427 452 454 430 436 449 442 440 457 486 460 453 422 408 421 450 462 463 449 449 451 445 476 470 477 482 481 450 442 452 414 415 437 449 444 470 478 445 429 438 443 474 448 419 472 492 443 415 434 412 461 456 469 447 433 452 445 462 472 483 475 416 385 403 444 441 452 420 412 421 434 411 414 423 432 423 438 442 400 435 400 390 416 433 424 421 414 454 458 448 454 469 453 437 452 469 454 465 459 447 439 440 464 454 432 407 411 445 458 446 414 412 431 464 486 490 482 458 441 442 440 451 449 440 460 443 441 449 471 459 454 448 442 427 412 426 444 457 433 431 407 445 456 443 458 419 453 470 457 429 431 464 461 468 454 453 460 425 440 451 431 423 425 447 452 442 444 469 480 453 436 437 405 390 399 423 431 427 442 454 448 455 462 447 429 423 399 427 450 438 400 420 431 441 435 435 437 435 441 431 447 431 416 401 438 454 428 419 457 436 425 427 450 448 441 420 416 432 446 442 454 467 441 411 400 426 423 433 438 418 401 446 451 453 473 459 434 393 415 456 444 439 440 447 452 445 459 435 464 474 478 488 423 450 447 434 450 465 453 419 403 397 403 424 393 417 445 415 426 445 438 417 414 443 438 464 439 420 440 472 451 393 419 444 461 457 438 421 411 420 445 450 447 440 459 424 417 413 418 422 428 452 454 432 431 417 419 430 422 449 464 436 426 410 418 438 467 426 413 444 468 433 459 460 454 443 434 442 418 399 435 456 478 469 447 461 441 437 449 445 435 413 446 451 460 476 452 451 465 443 431 426 437 459 478 457 433 447 445 476 454 471 457 451 437 444 463 451 445 445 452 474 475 475 467 454 474 460 448 428 444 436 438 444 447 433 445 440 441 455 443 443 459 446 451 441 436 433 457 452 473 466 459 455 444 473 488 474 465 427 435 428 432 414 427 434 444 432 447 455 434 427 436 424 434 432 423 406 396 409 418 418 427 419 388 435 417 416 454 451 450 464 447 438 431 432 424 429 435 441 452 480 472 451 459 455 473 429 419 411 419 427 414 442 416 424 424 408 396 421 428 432 459 463 443 456 481 479 441 436 451 445 436 410 460 458 472 472 441 464 464 440 444 447 437 394 380 414 449 466 454 414 427 417 463 455 441 466 437 434 456 451 450 472 458 474 472 465 452 445 446 429 405 452 477 462 455 453 437 380 423 437 443 439 444 415 409 433 435 436 470 470 454 467 502 476 477 467 475 491 446 429 435 433 457 472 468 458 458 444 411 407 423 434 470 431 419 417 
vem trace:

