SDId: 34900384
energy: 2.49144e+17
zenith: 0.0247737
azimuth: 3.77088
GPSSeconc: 1127715832
stid: 341
spdistance: 812.969
radio trace:
516 510 596 572 533 504 497 503 523 489 461 462 473 466 506 558 521 526 484 467 504 507 493 473 475 484 483 503 489 491 545 521 530 527 518 497 491 515 549 549 534 493 490 491 483 490 488 485 472 492 494 487 477 502 506 510 469 463 486 505 495 497 520 522 512 488 533 520 519 545 510 529 548 535 550 490 491 519 534 495 505 509 534 527 499 468 505 539 516 498 523 521 467 469 505 512 533 523 546 505 495 523 497 516 497 491 506 519 531 513 466 471 484 528 527 531 501 525 544 562 558 563 556 572 537 504 494 548 543 512 506 490 500 507 484 493 514 510 528 499 510 536 507 502 497 501 483 483 472 499 537 557 504 492 463 470 433 469 515 499 465 464 459 487 494 524 488 517 509 515 541 538 500 529 492 504 506 523 523 557 525 491 506 506 505 492 473 470 470 507 495 513 534 532 513 476 473 499 485 498 519 524 514 525 526 477 511 495 488 516 523 493 489 481 538 473 505 502 506 531 518 498 514 523 504 471 470 508 520 504 500 510 510 475 467 485 462 461 516 520 516 502 518 530 522 518 515 531 507 504 510 485 476 511 495 568 558 541 514 515 510 526 499 496 502 517 550 520 506 476 496 500 527 547 514 495 518 490 464 499 493 538 488 463 473 501 483 487 523 547 557 511 530 508 541 543 513 461 462 468 487 504 489 509 522 530 534 525 536 582 565 532 505 479 487 512 540 557 519 498 509 503 498 488 504 481 521 500 506 525 541 530 516 539 538 500 479 492 545 522 486 460 510 510 522 532 493 496 519 468 475 464 481 504 505 532 544 556 508 489 481 488 513 513 495 485 476 481 533 510 487 504 495 535 531 511 517 461 468 487 478 478 545 560 547 520 469 485 462 472 480 489 524 534 499 486 475 482 495 526 517 501 504 516 510 489 501 475 456 489 490 481 498 493 465 490 486 476 477 483 497 507 481 513 514 530 510 515 531 495 508 465 428 438 483 497 474 475 482 497 516 485 490 447 441 450 487 510 517 449 449 444 466 485 473 455 470 495 484 481 512 509 507 453 464 492 506 481 467 456 510 528 506 485 476 517 571 559 516 516 535 516 470 487 501 511 478 486 509 522 498 487 502 537 532 520 481 502 517 515 512 484 467 512 491 499 499 478 477 493 480 485 486 473 464 511 505 503 506 512 491 477 491 511 532 539 522 488 487 491 500 506 491 531 515 506 525 519 496 511 518 543 502 459 494 526 545 546 534 502 509 497 534 518 528 552 485 488 530 560 540 541 552 563 515 470 482 496 500 514 460 475 500 503 548 557 526 524 522 502 481 479 482 470 471 478 525 528 500 510 514 562 544 549 491 472 483 530 517 488 512 499 489 517 501 535 515 542 546 530 542 545 492 495 529 515 488 475 473 474 503 508 521 540 490 480 509 505 508 516 491 461 455 472 514 498 499 497 507 493 470 487 472 459 473 538 514 502 507 514 515 513 559 573 548 497 472 511 475 443 457 494 533 506 530 508 474 478 507 499 539 514 512 485 459 480 508 499 505 493 492 450 523 546 502 466 492 468 498 479 479 492 485 499 533 530 512 514 525 512 543 543 529 514 528 531 538 506 519 523 545 546 495 512 520 545 551 542 540 460 473 507 502 496 490 515 502 543 495 477 497 500 472 445 444 453 495 554 539 518 496 519 495 452 453 496 492 508 531 547 555 542 509 490 466 465 469 484 467 465 505 489 489 506 507 501 470 473 
vem trace:

stid: 341
spdistance: 812.969
radio trace:
516 510 596 572 533 504 497 503 523 489 461 462 473 466 506 558 521 526 484 467 504 507 493 473 475 484 483 503 489 491 545 521 530 527 518 497 491 515 549 549 534 493 490 491 483 490 488 485 472 492 494 487 477 502 506 510 469 463 486 505 495 497 520 522 512 488 533 520 519 545 510 529 548 535 550 490 491 519 534 495 505 509 534 527 499 468 505 539 516 498 523 521 467 469 505 512 533 523 546 505 495 523 497 516 497 491 506 519 531 513 466 471 484 528 527 531 501 525 544 562 558 563 556 572 537 504 494 548 543 512 506 490 500 507 484 493 514 510 528 499 510 536 507 502 497 501 483 483 472 499 537 557 504 492 463 470 433 469 515 499 465 464 459 487 494 524 488 517 509 515 541 538 500 529 492 504 506 523 523 557 525 491 506 506 505 492 473 470 470 507 495 513 534 532 513 476 473 499 485 498 519 524 514 525 526 477 511 495 488 516 523 493 489 481 538 473 505 502 506 531 518 498 514 523 504 471 470 508 520 504 500 510 510 475 467 485 462 461 516 520 516 502 518 530 522 518 515 531 507 504 510 485 476 511 495 568 558 541 514 515 510 526 499 496 502 517 550 520 506 476 496 500 527 547 514 495 518 490 464 499 493 538 488 463 473 501 483 487 523 547 557 511 530 508 541 543 513 461 462 468 487 504 489 509 522 530 534 525 536 582 565 532 505 479 487 512 540 557 519 498 509 503 498 488 504 481 521 500 506 525 541 530 516 539 538 500 479 492 545 522 486 460 510 510 522 532 493 496 519 468 475 464 481 504 505 532 544 556 508 489 481 488 513 513 495 485 476 481 533 510 487 504 495 535 531 511 517 461 468 487 478 478 545 560 547 520 469 485 462 472 480 489 524 534 499 486 475 482 495 526 517 501 504 516 510 489 501 475 456 489 490 481 498 493 465 490 486 476 477 483 497 507 481 513 514 530 510 515 531 495 508 465 428 438 483 497 474 475 482 497 516 485 490 447 441 450 487 510 517 449 449 444 466 485 473 455 470 495 484 481 512 509 507 453 464 492 506 481 467 456 510 528 506 485 476 517 571 559 516 516 535 516 470 487 501 511 478 486 509 522 498 487 502 537 532 520 481 502 517 515 512 484 467 512 491 499 499 478 477 493 480 485 486 473 464 511 505 503 506 512 491 477 491 511 532 539 522 488 487 491 500 506 491 531 515 506 525 519 496 511 518 543 502 459 494 526 545 546 534 502 509 497 534 518 528 552 485 488 530 560 540 541 552 563 515 470 482 496 500 514 460 475 500 503 548 557 526 524 522 502 481 479 482 470 471 478 525 528 500 510 514 562 544 549 491 472 483 530 517 488 512 499 489 517 501 535 515 542 546 530 542 545 492 495 529 515 488 475 473 474 503 508 521 540 490 480 509 505 508 516 491 461 455 472 514 498 499 497 507 493 470 487 472 459 473 538 514 502 507 514 515 513 559 573 548 497 472 511 475 443 457 494 533 506 530 508 474 478 507 499 539 514 512 485 459 480 508 499 505 493 492 450 523 546 502 466 492 468 498 479 479 492 485 499 533 530 512 514 525 512 543 543 529 514 528 531 538 506 519 523 545 546 495 512 520 545 551 542 540 460 473 507 502 496 490 515 502 543 495 477 497 500 472 445 444 453 495 554 539 518 496 519 495 452 453 496 492 508 531 547 555 542 509 490 466 465 469 484 467 465 505 489 489 506 507 501 470 473 
vem trace:

