SDId: 34610981
energy: 2.56e+17
zenith: 0.328935
azimuth: 0.919146
GPSSeconc: 1126046117
stid: 343
spdistance: 3139.95
radio trace:
425 437 442 434 437 456 463 456 456 475 478 452 459 472 481 477 469 482 497 468 468 463 472 493 510 503 490 471 478 462 469 472 436 455 489 475 460 428 442 460 468 467 458 451 452 446 427 435 424 444 434 432 446 445 453 492 506 503 468 446 445 468 438 438 452 468 473 446 469 454 460 442 461 455 462 422 409 421 452 443 448 442 440 448 441 442 435 471 469 470 451 453 465 432 441 439 463 463 432 418 432 449 458 439 453 421 418 464 458 481 489 429 462 470 467 490 466 467 459 462 478 461 476 464 452 435 457 497 482 467 452 471 472 490 469 450 430 445 460 457 460 459 457 456 450 460 441 430 436 441 447 440 467 470 462 465 466 457 423 432 444 459 446 429 477 461 456 469 458 457 456 438 432 431 434 426 458 437 435 438 446 433 416 422 446 468 454 436 451 470 462 447 433 395 432 452 442 447 455 478 449 446 452 457 445 452 477 446 411 429 415 420 451 464 434 423 465 460 472 492 457 473 471 436 460 453 474 450 459 482 441 434 454 440 431 424 436 425 413 421 417 427 450 462 443 458 463 439 463 446 430 428 455 469 468 479 470 470 467 463 473 472 417 422 418 425 445 480 461 444 435 457 401 391 425 453 421 424 406 415 400 421 412 432 445 452 456 437 459 486 445 426 416 431 440 440 456 472 431 454 466 449 428 432 457 460 464 457 450 442 465 501 469 453 428 435 450 452 450 454 483 479 459 462 437 440 451 465 458 437 392 396 429 459 458 454 439 427 438 440 438 475 465 432 397 397 430 453 450 454 435 429 454 470 462 449 425 457 446 440 446 447 442 451 442 463 432 439 412 416 423 412 435 437 417 393 438 434 456 452 427 426 427 414 415 447 443 448 413 429 466 436 445 443 429 431 422 454 447 448 453 466 480 469 474 471 451 479 473 458 459 435 464 458 434 431 403 438 411 407 433 447 481 472 479 492 467 468 459 452 464 411 435 432 436 434 426 434 467 472 434 444 444 440 454 467 467 465 471 461 465 485 483 459 438 412 422 436 452 480 485 466 468 472 404 411 430 435 456 411 420 432 454 443 454 469 441 419 435 440 452 445 462 480 469 443 435 415 426 452 435 438 410 430 433 400 398 425 451 450 444 439 454 459 469 443 400 442 447 430 442 452 459 450 450 462 444 455 444 443 452 472 461 433 468 467 453 453 447 431 436 462 474 463 445 439 447 462 459 444 451 465 451 412 394 431 456 445 452 429 436 443 466 460 437 445 445 444 434 408 420 433 438 426 446 423 435 433 423 460 445 440 426 443 441 432 396 406 374 417 451 443 414 441 453 438 426 438 413 422 434 454 471 459 418 407 441 430 430 418 425 447 465 480 481 489 431 423 416 441 448 445 431 444 446 456 457 440 438 406 404 416 442 444 442 467 452 455 429 434 435 463 467 467 478 470 462 440 454 449 450 424 449 445 464 464 461 466 456 448 432 414 430 419 410 419 445 432 469 455 429 438 443 441 456 449 450 424 410 407 434 434 413 412 406 449 429 440 440 432 456 454 464 468 458 441 417 408 434 438 467 475 468 447 456 427 442 446 438 428 411 389 422 452 438 445 448 445 453 431 447 449 435 451 444 433 406 427 433 439 439 419 457 442 426 436 439 452 455 463 457 426 429 423 443 430 420 416 425 447 440 448 434 409 412 417 463 440 421 435 468 428 442 462 457 484 470 470 441 422 428 450 479 482 438 442 428 440 
vem trace:

stid: 333
spdistance: 871.422
radio trace:
449 453 459 446 438 462 466 475 494 448 457 457 419 427 452 441 445 448 471 453 444 444 454 449 454 451 439 436 444 456 427 437 426 429 459 450 449 452 456 450 434 421 446 451 449 439 434 454 453 425 413 439 459 449 438 440 450 430 430 465 448 482 463 444 464 445 412 407 398 418 466 470 450 458 468 484 494 511 511 493 485 474 436 431 466 491 518 476 436 411 446 453 465 465 462 463 447 466 453 449 438 454 442 446 486 494 502 508 475 460 477 481 471 458 470 462 452 488 464 472 447 427 402 444 433 444 422 430 453 439 458 459 456 453 449 454 445 453 460 415 426 441 421 427 471 449 470 435 405 465 435 432 424 449 441 472 479 501 458 447 472 480 452 434 461 466 442 480 467 478 434 411 436 441 463 463 463 431 457 442 437 415 438 464 431 465 445 414 401 429 498 505 472 475 491 451 465 452 431 423 462 449 462 459 469 486 431 424 415 395 410 427 453 472 455 471 453 423 381 402 420 424 442 454 446 443 466 446 455 461 431 454 425 420 425 464 452 431 459 419 422 430 421 452 463 479 486 507 517 495 447 434 428 461 456 458 429 437 424 424 467 462 444 435 440 455 430 452 473 458 464 455 484 455 423 443 455 437 462 455 455 481 487 474 479 468 470 490 452 455 468 483 481 461 469 436 427 484 440 442 447 433 439 455 408 422 454 459 432 439 425 431 466 462 422 409 451 487 511 487 455 454 452 473 456 466 492 462 426 422 472 517 514 461 451 416 405 440 454 480 437 440 426 436 456 435 404 439 420 445 453 486 471 470 480 486 435 421 411 433 470 445 446 454 459 443 430 432 447 463 452 434 456 442 461 470 475 473 449 453 476 469 481 431 442 473 450 424 426 409 363 378 406 439 433 437 450 441 464 438 443 468 458 422 431 429 460 481 487 474 451 423 403 368 390 418 425 448 462 467 470 444 415 433 451 451 432 414 444 463 482 443 399 405 439 439 439 433 453 448 452 491 487 485 458 447 457 458 454 468 479 477 456 451 432 438 454 463 447 453 432 451 480 430 467 455 421 423 400 433 421 446 464 472 476 441 403 448 447 442 450 430 429 435 411 410 416 432 432 460 435 470 460 491 450 446 452 486 497 458 468 480 445 412 385 417 406 399 426 406 424 453 456 462 438 453 439 417 427 446 412 427 438 429 449 476 493 481 483 477 445 458 474 447 436 445 471 454 451 421 413 423 428 447 452 440 449 455 444 437 455 462 462 484 427 456 433 450 428 442 451 469 475 458 443 472 463 476 478 464 395 407 409 427 466 473 441 461 452 452 433 401 423 420 437 448 437 421 434 436 424 447 456 454 456 462 456 430 403 392 409 428 441 433 434 467 494 458 408 423 408 441 427 398 411 460 447 449 442 411 467 453 481 470 446 417 418 433 424 425 457 470 430 442 418 403 426 455 445 445 428 421 451 454 408 408 441 427 444 459 470 491 496 455 455 445 411 399 415 462 444 453 488 488 445 428 419 425 465 473 458 430 458 448 447 468 474 480 469 445 443 436 431 474 452 440 419 455 437 412 437 455 454 454 458 441 452 467 465 452 458 478 492 443 414 446 468 484 452 442 452 439 432 459 464 473 425 422 439 468 453 462 465 444 442 448 448 457 440 446 450 452 476 469 464 485 450 442 436 440 409 402 420 427 443 427 460 442 436 434 430 448 428 392 390 408 433 445 501 477 470 461 468 449 450 414 401 393 
vem trace:

