SDId: 34853440
energy: 6.82932e+17
zenith: 0.170145
azimuth: 3.01463
GPSSeconc: 1127423870
stid: 343
spdistance: 550.906
radio trace:
478 478 477 508 498 495 487 488 492 478 480 473 488 476 489 489 494 479 495 480 472 453 446 482 496 475 485 502 499 488 481 483 464 463 484 493 477 499 502 488 469 447 459 488 471 505 472 450 427 442 438 461 446 440 473 491 482 482 488 471 491 483 497 480 452 476 487 492 480 453 475 470 477 497 474 461 512 519 509 489 480 478 481 462 464 465 501 523 524 511 474 474 494 508 516 503 509 496 441 461 483 506 482 505 499 476 448 467 491 508 531 500 499 499 476 496 492 491 488 489 477 489 497 506 501 465 467 468 474 462 459 452 474 446 470 479 478 493 477 471 483 495 469 482 501 507 495 489 481 493 507 517 485 488 480 475 481 501 515 513 492 485 495 471 483 493 523 532 511 489 503 520 504 486 518 524 523 512 509 494 478 468 500 492 478 470 453 476 504 504 498 492 482 468 472 450 456 485 504 493 495 489 502 477 466 483 473 475 499 479 481 489 483 476 485 494 494 483 493 504 496 498 478 515 504 492 482 462 469 479 507 496 492 491 520 506 481 481 495 507 483 479 459 472 481 481 527 515 491 479 457 476 492 477 500 482 478 467 465 466 471 496 491 485 486 454 466 496 513 504 484 454 455 445 479 507 513 499 488 487 493 524 503 498 466 470 478 469 464 480 487 499 476 484 499 470 487 491 496 488 499 485 482 504 514 530 521 486 493 503 512 493 483 471 449 459 489 490 509 502 503 511 493 488 477 464 465 479 466 497 482 483 491 485 488 493 483 485 506 500 494 534 516 508 499 497 481 472 484 511 514 474 472 475 450 458 478 491 482 470 481 482 484 472 464 522 511 510 488 491 504 502 490 474 488 503 483 500 501 501 504 497 497 476 501 508 503 517 477 472 455 492 467 474 477 501 507 487 469 460 440 448 475 506 509 488 502 504 515 501 510 511 492 507 469 479 467 472 486 524 538 529 502 466 473 513 519 509 477 490 504 502 509 522 528 539 533 526 530 513 496 499 527 527 512 504 464 497 482 492 502 492 510 512 506 490 483 487 458 465 476 496 497 525 497 470 466 497 500 466 446 461 456 466 506 502 471 464 484 466 498 515 513 493 487 499 458 457 485 516 526 519 510 485 515 513 512 477 459 480 498 507 487 447 456 460 497 526 523 512 454 452 440 451 451 441 492 494 496 502 499 488 498 482 462 467 489 508 498 491 486 521 488 482 488 515 508 494 500 502 506 491 493 468 480 490 455 479 506 491 502 508 531 480 467 473 466 463 482 475 496 490 511 525 497 503 505 497 507 483 507 494 497 468 475 488 506 516 530 514 498 499 489 494 477 478 472 473 493 508 508 507 507 496 502 513 510 494 504 488 508 504 498 480 505 499 493 505 479 489 499 492 491 502 511 509 501 509 482 446 481 515 501 488 474 476 474 472 497 490 507 509 487 486 482 473 458 463 477 471 491 480 481 483 505 502 516 475 469 459 462 468 464 490 497 467 484 491 500 468 464 461 479 493 444 460 453 460 481 498 495 481 487 468 487 493 494 495 499 496 490 477 473 494 487 501 520 496 472 481 495 466 486 465 477 492 493 483 488 498 482 483 481 502 470 481 486 471 482 506 507 474 475 475 463 478 492 514 485 503 502 515 508 487 503 506 498 497 467 489 503 489 484 509 495 469 472 474 478 488 518 531 527 502 493 508 525 519 519 484 490 479 489 484 487 478 471 469 452 446 483 480 451 472 483 497 494 498 
vem trace:

stid: 342
spdistance: 1017.91
radio trace:
437 437 466 489 458 444 444 424 450 476 494 479 485 476 500 482 474 492 494 496 490 440 482 471 472 445 448 470 483 457 485 506 510 503 474 480 492 506 501 483 505 517 502 493 457 458 472 466 427 412 438 461 472 517 519 492 449 438 459 467 447 482 478 470 472 513 512 497 486 496 493 501 463 489 505 504 503 475 472 490 496 496 489 484 502 469 483 475 447 437 462 474 461 491 491 489 494 469 477 490 451 469 492 485 497 501 475 481 506 489 461 460 448 439 454 447 461 453 455 469 449 463 476 455 443 449 452 465 474 484 477 427 488 488 462 430 439 468 480 510 535 534 505 507 483 474 479 495 507 494 477 464 476 446 463 448 428 438 478 478 489 491 482 480 481 449 449 435 457 475 470 500 496 470 440 490 454 437 451 474 483 506 509 528 505 501 492 507 503 491 474 486 482 453 455 511 510 464 441 469 426 447 462 471 474 465 494 548 506 458 447 481 506 493 473 490 520 510 453 468 499 491 477 492 480 449 440 457 469 498 476 483 505 508 494 513 528 511 489 474 496 509 497 441 428 427 454 477 505 488 460 446 448 440 434 464 492 502 501 488 492 514 489 456 461 468 481 499 478 489 479 458 447 429 435 453 486 523 501 500 495 480 453 474 464 485 520 507 474 482 491 485 461 460 474 485 502 462 452 460 463 446 463 467 464 464 474 504 530 520 521 514 512 519 531 482 492 512 484 477 496 501 486 479 483 494 503 489 478 478 484 476 460 474 494 496 514 496 471 477 474 477 465 472 494 477 458 466 457 468 490 490 491 476 482 498 482 438 457 476 481 500 498 482 518 502 510 484 472 448 450 500 499 484 491 459 471 473 487 477 510 503 478 452 437 474 473 487 488 488 471 483 488 503 483 491 480 478 454 443 469 485 495 479 447 442 447 447 494 505 514 524 541 535 475 499 493 516 510 474 467 496 504 491 474 478 494 505 489 478 478 481 482 486 484 466 486 480 462 467 462 449 419 445 488 499 485 482 449 443 458 469 465 459 439 472 482 471 473 453 459 472 471 467 444 426 432 460 459 430 440 473 496 497 473 495 481 487 497 505 484 494 455 447 469 493 481 458 440 440 442 445 448 492 489 467 449 481 465 489 513 472 492 491 521 526 512 514 486 519 470 454 457 466 452 470 463 470 483 492 459 459 480 462 473 503 495 494 485 481 505 478 488 451 465 476 484 454 470 457 443 453 473 491 467 451 480 469 454 472 502 504 497 485 498 464 463 465 467 448 489 490 489 515 509 494 516 504 504 492 522 514 490 455 470 480 520 483 481 502 505 476 483 505 511 503 516 529 471 474 465 483 479 496 476 494 509 503 497 490 473 490 504 491 517 512 515 498 454 446 474 477 471 488 482 494 485 505 495 484 471 481 476 472 475 455 468 480 469 480 486 512 476 446 490 492 478 479 461 447 449 486 463 469 416 423 445 444 434 449 432 446 461 474 476 451 465 460 475 487 476 457 452 445 465 477 469 460 461 496 517 517 511 515 493 503 468 428 406 406 426 411 440 468 498 500 481 487 484 478 509 500 489 504 481 482 454 468 432 438 463 477 504 510 484 485 491 472 497 504 465 483 498 492 514 489 477 512 483 476 446 472 468 444 442 468 467 480 500 497 489 474 472 484 467 441 429 453 469 456 479 471 464 478 475 490 495 452 456 465 464 486 457 486 490 483 478 474 488 480 508 493 500 489 471 441 476 471 
vem trace:

stid: 419
spdistance: 1085.94
radio trace:
509 494 496 506 485 517 550 520 475 490 494 480 504 521 529 546 578 553 540 507 518 555 507 474 468 490 473 491 503 513 564 570 581 534 502 481 537 548 537 593 550 539 502 511 558 603 614 541 551 533 511 476 506 518 519 483 471 496 506 506 533 521 518 509 508 497 493 518 507 500 498 516 473 521 533 586 552 529 535 505 501 532 516 503 489 510 511 545 517 478 487 498 498 548 522 513 511 500 455 462 490 469 507 480 506 518 485 471 459 450 508 526 521 514 518 486 532 517 515 483 508 534 498 518 490 502 507 518 550 510 501 492 495 534 533 461 469 499 479 481 489 454 452 453 452 474 479 475 524 511 503 508 532 511 498 489 518 511 519 531 501 525 535 526 570 588 521 502 467 421 464 472 486 504 509 526 516 487 503 502 491 461 508 497 485 446 464 415 452 453 474 462 442 503 538 531 537 546 533 479 498 489 509 514 465 461 488 485 545 514 510 494 491 504 491 530 562 535 527 494 493 500 530 523 507 513 486 504 514 521 492 480 479 503 542 521 499 459 508 520 446 412 466 455 493 511 529 458 435 465 467 470 466 476 487 522 513 463 480 491 481 480 474 514 546 544 492 507 504 492 508 543 540 524 520 499 474 466 510 537 550 528 522 536 554 509 495 450 471 462 461 455 519 547 498 504 468 491 550 553 556 550 517 540 517 526 515 529 456 489 493 509 535 511 473 495 523 527 545 525 510 533 564 536 500 521 559 529 519 535 533 565 580 556 512 524 498 496 497 531 532 505 534 508 475 496 498 491 486 518 550 505 509 485 442 426 434 459 455 443 478 530 523 495 477 471 463 457 459 497 504 512 528 521 523 458 454 468 497 515 459 437 451 470 536 569 540 542 527 524 488 555 561 566 556 533 490 460 434 462 468 482 506 448 454 493 462 488 493 491 491 504 548 563 526 527 543 506 522 462 457 482 509 479 493 532 538 534 533 519 501 525 519 523 530 535 509 500 494 503 510 481 480 494 525 537 520 464 494 541 530 519 518 511 506 520 513 464 463 480 460 474 512 527 534 583 547 503 492 509 502 547 534 552 523 516 532 540 524 485 504 503 523 504 474 500 502 438 461 464 457 500 514 511 510 495 504 534 512 511 518 523 516 510 493 509 523 546 514 445 426 432 464 446 483 539 550 529 482 480 474 483 487 466 465 496 505 513 505 508 534 551 498 474 490 495 492 475 506 548 555 545 548 538 520 489 503 476 459 447 508 496 500 526 519 523 557 528 546 535 527 489 492 519 526 511 491 523 519 528 550 505 476 488 537 511 516 510 520 510 479 493 497 496 494 530 520 556 568 538 485 491 492 510 466 462 487 496 515 512 502 528 545 536 523 508 502 503 503 470 513 465 460 473 462 480 408 434 443 448 498 509 476 516 461 488 527 531 525 556 535 460 449 519 509 443 474 494 490 483 489 521 571 513 480 521 520 514 491 502 531 530 517 462 496 499 470 456 552 502 487 493 480 465 487 505 474 479 487 526 539 502 479 489 498 525 505 485 515 491 506 537 525 481 474 504 493 510 519 496 486 501 496 522 501 502 531 506 473 515 543 498 484 489 517 527 492 483 506 545 522 516 543 539 517 522 533 511 543 567 543 507 466 491 496 528 523 469 507 523 532 514 484 468 477 476 479 513 520 495 509 510 478 492 529 472 490 531 509 506 516 510 502 538 543 564 530 509 447 470 494 503 511 514 534 533 512 514 
vem trace:

