SDId: 34641170
energy: 8.43204e+17
zenith: 0.715828
azimuth: 3.26969
GPSSeconc: 1126191179
stid: 343
spdistance: 391.096
radio trace:
442 479 449 463 460 477 459 467 483 468 461 433 403 438 433 433 475 473 480 480 460 491 475 464 473 455 472 478 462 463 476 448 447 457 478 472 493 476 484 479 478 448 438 454 440 432 429 440 415 460 451 453 471 444 432 437 455 472 480 464 441 445 434 431 460 438 445 453 470 427 445 452 431 451 454 455 475 465 475 486 461 443 457 450 467 455 490 489 461 459 449 473 508 492 450 457 438 455 432 474 500 442 429 451 483 506 480 488 493 451 471 474 436 469 466 472 492 483 477 474 467 471 477 479 485 480 478 464 456 469 437 443 482 493 494 460 450 437 450 454 472 479 468 462 418 402 430 439 456 435 455 441 439 419 423 446 464 460 452 451 432 469 468 473 436 417 458 441 412 417 447 456 462 482 472 476 481 459 445 456 458 453 474 477 487 474 451 465 454 445 463 442 442 425 441 485 503 491 449 444 451 479 459 454 444 429 439 462 460 474 463 447 439 416 473 476 452 448 460 479 473 458 468 486 468 464 462 460 480 446 446 467 478 485 465 445 446 445 486 497 478 485 498 479 473 453 470 442 463 455 448 482 497 472 463 499 459 420 435 448 453 473 476 462 455 466 478 471 447 471 459 471 475 470 477 473 453 446 480 442 437 440 464 455 475 460 473 458 451 456 444 432 437 444 442 453 435 432 425 455 431 420 446 475 472 453 410 427 454 450 450 439 448 431 447 458 474 500 483 457 452 462 455 456 428 424 445 456 429 445 431 415 399 409 434 433 446 446 447 443 472 459 458 462 471 466 475 480 470 452 448 476 476 461 460 433 459 460 462 455 463 461 447 462 499 491 485 488 448 451 415 430 439 433 471 468 492 469 453 446 480 438 450 473 476 447 456 436 451 453 465 449 484 483 474 465 459 459 442 425 402 444 471 473 463 415 447 438 437 438 443 468 466 459 432 442 463 433 449 455 446 463 459 424 440 446 452 469 469 474 472 463 457 444 431 385 417 465 502 472 462 442 424 444 431 456 459 468 435 428 448 450 444 454 462 461 467 447 438 482 490 470 476 465 448 456 472 447 459 463 458 434 431 469 460 454 449 450 457 465 446 444 450 457 478 470 472 454 443 464 455 447 457 455 454 447 449 452 463 456 449 457 440 483 446 431 458 474 465 462 464 477 460 444 437 471 449 439 460 464 451 466 432 446 424 424 422 444 468 459 478 471 474 480 458 433 453 456 448 422 439 407 421 430 423 441 475 481 471 468 458 451 439 457 460 454 447 469 454 426 449 465 483 484 484 458 443 447 430 452 459 437 415 447 464 428 450 432 473 483 451 465 457 473 475 467 455 434 470 481 484 503 483 461 471 488 465 476 461 432 437 432 416 455 482 455 433 463 483 461 470 464 451 446 435 435 437 435 438 416 421 433 470 494 505 508 499 501 495 450 447 430 464 473 455 468 469 467 466 486 493 453 442 421 444 458 450 461 480 473 471 486 480 475 463 471 475 445 467 465 480 454 485 495 481 476 474 446 461 482 462 448 467 473 458 474 448 443 473 464 453 464 453 431 444 453 469 467 482 484 470 459 463 449 469 466 482 458 431 464 453 447 441 444 451 446 485 497 525 496 501 466 474 465 449 465 473 462 459 428 463 474 459 452 452 477 455 448 460 413 427 442 458 469 449 440 434 461 445 450 457 466 510 476 454 459 429 449 476 488 480 469 464 488 467 430 449 447 487 484 467 440 397 411 427 438 450 464 
vem trace:

stid: 419
spdistance: 751.628
radio trace:
494 465 494 472 440 456 404 477 511 523 524 528 532 448 467 489 467 493 490 487 521 494 485 463 499 467 455 459 465 494 502 533 539 510 512 492 502 515 530 488 445 484 494 498 521 491 481 478 539 515 492 492 482 527 477 467 515 556 588 545 511 495 498 505 497 518 500 492 471 503 489 487 473 484 479 479 512 530 549 526 490 513 506 484 493 494 538 522 494 492 495 485 488 510 504 508 500 508 531 510 517 483 508 489 468 530 516 525 545 549 536 508 514 480 480 466 500 505 496 497 497 468 451 461 440 471 476 477 522 529 480 491 500 473 441 413 476 487 534 559 553 498 479 458 478 465 488 540 532 532 518 519 520 486 450 451 444 477 486 508 446 413 422 426 468 452 441 399 455 519 554 494 445 474 518 537 507 513 517 526 527 506 475 440 493 502 494 517 529 513 490 478 445 458 473 477 481 484 517 487 437 469 489 482 502 526 500 512 507 472 477 508 453 471 460 477 456 472 501 515 501 500 495 529 478 463 510 509 529 514 487 494 486 484 481 505 516 510 494 474 483 516 534 516 476 494 509 521 541 504 496 451 479 444 482 503 485 506 513 512 513 504 491 493 519 501 552 504 524 528 537 496 464 469 447 422 445 498 505 485 492 489 457 475 507 463 457 454 520 561 552 462 446 440 440 462 483 483 481 460 493 465 476 490 533 534 511 508 477 502 528 542 523 500 449 482 462 461 477 485 479 488 497 503 483 457 460 489 464 468 479 488 534 489 513 517 522 533 540 492 462 470 510 527 501 506 470 482 486 497 498 503 505 498 501 506 489 492 477 491 508 480 491 522 524 520 529 522 483 487 463 449 464 451 442 474 452 486 524 550 517 510 500 488 476 493 502 497 442 455 474 506 481 496 523 505 511 481 486 503 469 487 472 471 512 549 498 507 483 475 455 494 521 489 489 491 477 477 462 478 518 517 500 469 450 478 479 534 530 486 470 512 511 493 466 439 455 457 490 527 539 554 521 460 472 485 428 439 459 435 462 477 520 526 527 555 519 514 495 529 541 482 485 533 498 478 449 446 497 520 478 517 486 460 470 475 463 450 455 475 506 571 545 515 465 442 500 497 495 524 517 541 518 546 511 527 518 480 472 468 473 489 504 495 530 531 548 527 526 478 512 522 489 477 447 493 490 480 493 503 495 500 486 493 494 489 444 485 506 491 498 504 496 470 477 494 476 489 504 487 512 479 514 517 517 478 452 460 452 430 459 478 480 440 433 488 500 477 495 482 532 548 537 530 544 555 476 477 434 455 474 486 531 531 523 506 515 521 518 504 509 483 452 456 498 526 535 464 441 464 492 517 544 516 460 471 510 505 503 470 484 474 462 510 510 488 498 457 468 526 498 464 462 485 474 518 556 525 523 494 501 508 520 512 505 477 520 495 514 526 498 492 484 515 534 472 498 485 501 515 517 487 467 504 537 498 513 478 498 487 487 467 501 519 503 514 483 500 489 455 483 477 490 484 485 450 441 460 456 489 508 515 512 527 512 502 516 493 496 495 485 471 470 520 532 494 469 529 508 510 545 551 536 506 442 483 507 528 519 507 499 512 528 507 470 441 422 444 461 491 468 498 510 456 471 496 479 470 470 431 429 437 446 495 521 529 487 497 473 450 459 489 445 487 493 425 446 440 437 516 518 562 556 532 481 494 504 521 498 519 533 499 488 447 464 456 448 477 473 502 464 473 528 511 502 494 461 481 
vem trace:

stid: 342
spdistance: 1271.28
radio trace:
467 425 420 421 441 421 460 466 482 473 474 497 501 505 466 472 487 456 451 444 459 460 423 449 468 451 487 438 444 494 461 454 477 478 476 486 462 457 453 461 479 458 455 469 465 482 465 454 452 462 459 459 454 460 431 458 461 478 482 472 483 512 511 496 493 487 460 449 468 480 450 442 469 458 478 488 488 481 471 447 470 476 468 469 411 436 430 410 422 427 427 452 471 503 493 462 488 463 471 448 433 448 432 449 470 480 477 472 473 490 474 460 461 472 488 467 485 483 480 484 485 448 458 457 475 448 413 399 435 437 451 467 491 478 450 443 413 441 463 456 448 447 458 499 479 463 431 441 430 427 443 459 452 434 448 481 424 433 437 442 447 419 460 464 484 505 472 481 513 490 437 455 471 475 474 449 454 475 465 464 477 480 473 447 459 502 503 456 451 482 452 433 401 431 451 482 480 459 470 442 446 471 479 463 450 437 455 460 470 487 463 446 461 496 498 494 494 480 448 429 422 454 450 472 493 510 486 463 466 469 481 494 473 479 495 513 495 463 437 444 470 433 472 473 452 451 454 460 485 463 465 467 461 494 470 453 453 472 466 444 451 451 423 455 472 453 470 468 453 465 441 451 484 463 440 483 477 455 437 406 411 449 454 452 464 474 504 500 463 464 456 447 470 459 481 459 428 424 427 449 455 481 496 493 463 466 468 449 453 462 466 448 447 447 486 458 449 422 465 464 484 472 480 448 435 426 439 433 453 469 433 453 488 493 449 448 453 442 442 430 401 395 426 443 432 449 470 462 442 439 462 484 484 480 445 452 445 433 445 466 451 483 481 463 439 434 458 445 420 418 437 427 417 450 416 450 451 453 468 469 447 401 439 468 476 462 488 484 455 459 466 454 468 457 480 465 451 465 440 437 427 462 467 443 408 429 476 468 420 417 425 454 452 467 477 470 466 451 469 452 419 431 438 440 457 453 463 473 466 477 468 476 470 449 414 429 456 467 471 458 451 446 481 463 403 412 398 417 393 399 437 449 442 459 461 424 421 393 416 464 455 496 469 471 458 441 462 461 415 400 402 456 481 448 463 480 497 488 502 463 458 475 451 444 427 406 413 448 495 485 500 480 446 428 412 428 450 449 473 476 437 440 447 441 461 467 479 438 437 474 493 480 462 470 478 464 480 460 428 455 411 409 428 432 448 458 465 462 453 468 489 493 499 459 489 485 499 502 459 444 465 488 487 463 453 491 487 471 453 457 421 442 439 451 414 433 442 442 438 469 463 460 449 407 406 440 464 454 416 384 414 422 401 415 407 427 401 425 437 475 462 468 521 484 477 480 459 471 455 439 425 404 401 416 471 494 504 490 507 462 454 444 428 435 432 468 428 461 506 477 455 459 468 472 491 489 459 453 483 510 467 443 448 454 459 461 475 438 409 437 470 468 468 462 475 460 454 457 445 451 430 428 436 462 492 480 443 429 423 422 410 424 416 398 421 451 465 445 421 409 430 444 436 434 429 433 438 455 461 466 437 453 446 473 459 454 450 447 437 445 474 452 431 420 420 449 457 437 455 456 470 454 439 443 446 498 486 509 486 462 448 451 460 446 435 455 465 485 451 428 437 484 498 494 459 469 502 495 474 470 457 469 449 433 443 437 440 446 445 438 441 424 437 443 456 485 473 497 483 472 470 472 465 437 435 427 461 452 458 455 450 463 434 456 452 460 478 457 459 408 402 426 407 416 438 476 476 451 
vem trace:

