SDId: 34863251
energy: 5.34692e+17
zenith: 0.773974
azimuth: 3.27056
GPSSeconc: 1127484284
stid: 343
spdistance: 885.262
radio trace:
476 502 508 493 489 489 487 493 461 469 477 463 471 479 478 467 451 488 482 512 487 484 466 458 467 480 474 481 466 487 492 480 509 512 485 492 508 513 489 481 470 489 496 505 525 501 495 504 493 519 503 512 508 505 512 486 507 524 519 489 490 486 479 463 481 482 487 466 471 485 488 473 469 488 514 499 471 459 425 437 474 489 489 464 464 492 489 483 474 475 482 501 504 513 498 453 469 489 491 499 501 482 497 490 487 492 468 473 499 508 514 509 494 491 483 488 494 486 479 449 457 476 494 496 459 447 466 465 462 478 490 492 485 468 465 494 511 505 523 514 484 505 531 503 468 478 476 452 466 474 500 495 508 503 496 477 486 478 483 472 467 465 448 462 476 474 483 487 459 480 490 487 440 438 486 488 475 457 448 494 504 503 514 513 498 481 472 486 501 511 492 489 480 507 525 508 480 485 483 465 458 469 454 473 479 496 506 491 502 480 501 518 463 481 513 485 482 475 465 461 492 478 477 501 492 502 495 476 489 497 466 462 491 477 500 480 502 488 462 478 476 501 508 481 467 489 485 497 481 464 458 467 462 475 483 475 503 509 518 507 510 516 487 475 494 491 487 506 491 531 535 500 503 509 490 482 484 462 450 485 499 496 486 483 468 469 458 479 478 484 479 487 502 520 517 507 489 467 492 491 490 476 491 488 487 475 497 503 501 489 485 471 463 468 480 482 501 513 501 479 491 523 531 487 462 461 479 451 490 484 436 489 497 490 485 504 484 479 512 483 452 465 477 470 501 524 501 502 503 485 437 472 478 504 500 522 511 511 520 489 497 513 526 523 484 469 473 493 470 466 440 454 459 442 462 481 501 510 494 474 473 488 486 492 484 478 475 487 508 509 513 504 482 463 450 442 457 457 454 445 472 493 501 491 476 475 488 480 463 457 456 447 464 444 468 474 454 448 469 472 491 477 510 492 469 490 486 480 493 502 493 489 487 490 493 488 490 491 511 481 489 500 502 502 514 502 509 494 496 478 452 457 481 461 484 457 471 464 469 482 488 498 501 476 473 463 481 501 499 496 484 497 495 478 475 456 468 445 439 458 466 488 484 487 480 485 505 509 503 481 470 491 476 503 486 474 489 476 465 479 479 482 478 499 513 497 494 478 480 485 490 485 479 472 479 494 468 464 478 472 484 499 485 482 489 485 484 496 486 503 506 496 490 484 447 467 489 507 508 514 489 492 477 458 473 477 481 493 504 497 508 507 482 462 466 473 490 510 488 492 512 508 501 502 507 511 532 535 540 509 492 522 505 495 506 507 513 502 485 486 472 469 467 482 489 470 477 471 475 464 489 473 499 491 499 497 465 479 500 467 449 450 477 478 486 503 493 491 476 480 461 478 476 458 474 482 495 529 495 489 473 465 472 490 485 477 494 498 491 484 493 508 489 487 491 487 482 499 498 502 508 493 495 487 472 478 483 449 478 441 443 445 471 507 504 508 516 476 443 451 466 461 481 497 495 505 491 489 457 448 489 499 520 515 500 465 486 477 500 496 501 463 486 502 521 498 496 483 481 481 499 492 504 509 504 512 498 482 475 463 451 474 464 464 472 491 481 448 487 505 507 508 468 502 510 516 491 481 485 486 484 501 496 492 502 484 483 493 514 474 472 484 488 499 515 520 516 502 501 510 532 512 520 508 490 478 479 485 492 483 476 468 492 482 474 490 505 509 503 493 486 498 464 491 492 466 486 514 
vem trace:

stid: 341
spdistance: 984.561
radio trace:
568 524 518 498 521 548 589 566 550 524 523 506 544 535 516 481 495 511 519 539 534 538 544 529 567 567 563 514 512 510 489 514 531 536 505 507 533 551 543 528 530 493 519 526 504 486 554 553 558 538 575 576 520 517 528 509 553 530 499 527 576 565 532 511 522 528 507 504 514 547 596 614 563 548 545 520 534 610 552 569 608 573 543 564 537 521 516 532 544 514 546 549 521 529 553 578 544 533 483 502 513 504 517 519 539 508 491 505 534 544 510 501 506 509 551 568 559 519 501 550 531 529 530 493 520 494 535 578 560 558 520 509 505 510 514 575 544 578 548 522 490 476 507 535 509 518 561 582 541 541 550 525 491 514 512 532 531 549 529 536 561 570 527 535 534 537 553 539 552 526 518 550 556 547 529 533 569 564 540 564 519 557 608 555 507 519 584 574 534 530 474 512 509 579 561 573 521 506 525 527 514 559 564 598 579 583 543 509 479 515 530 529 519 507 544 537 549 531 517 521 485 516 584 547 514 567 558 504 536 543 543 551 558 566 554 565 580 580 561 521 515 506 532 551 539 545 538 527 540 520 549 551 545 543 542 520 487 494 541 573 548 547 524 532 565 550 549 557 516 518 555 522 556 549 500 531 534 565 540 523 529 520 540 548 574 573 539 518 535 559 581 564 577 573 509 488 464 510 511 526 572 566 564 528 518 543 568 565 539 530 552 563 554 531 525 518 487 479 541 528 575 613 598 593 563 559 538 526 559 548 573 552 556 586 560 527 521 566 595 525 521 547 582 494 474 525 524 528 531 498 543 517 532 545 572 552 552 561 547 547 557 543 527 547 510 538 531 527 539 526 505 511 511 523 526 514 561 533 526 509 509 526 521 554 562 523 547 570 566 513 522 547 518 567 587 574 557 558 511 510 544 518 515 559 559 544 570 520 530 536 534 546 584 532 551 577 548 520 510 515 542 562 558 566 552 570 527 536 512 522 534 537 540 522 543 571 531 524 523 527 495 481 485 501 502 517 512 535 547 528 502 505 518 553 539 567 572 535 521 508 507 536 526 552 545 581 532 507 484 531 506 504 534 561 553 566 500 479 506 530 554 544 529 498 552 576 588 580 605 569 555 523 534 553 525 544 570 559 578 528 562 547 543 585 564 560 547 550 573 528 593 549 516 499 533 544 566 561 582 591 574 531 539 593 574 543 526 552 554 562 529 526 561 582 570 519 502 517 512 499 493 525 517 521 534 493 511 553 586 612 553 550 534 565 564 561 528 535 585 570 564 570 580 560 560 549 528 519 543 559 534 505 533 547 545 525 544 562 601 626 607 584 567 538 528 578 578 557 541 547 559 536 550 502 507 501 529 523 534 542 500 524 530 499 523 533 506 549 550 508 488 504 526 547 569 553 512 513 508 570 563 508 528 564 548 535 526 527 538 541 551 544 556 578 545 565 506 507 526 511 546 597 556 529 547 546 548 517 514 555 566 548 559 566 532 545 534 551 498 501 531 537 533 546 553 525 557 537 541 504 528 502 525 491 528 529 539 521 588 581 582 575 548 544 582 559 548 540 533 536 551 581 558 549 524 512 524 557 566 551 490 474 512 533 541 541 551 536 546 567 595 521 490 502 496 512 563 550 528 538 529 533 543 519 520 558 571 538 541 561 570 548 531 486 516 524 552 563 552 559 569 567 564 533 528 547 541 509 482 509 499 522 572 561 520 547 519 530 529 471 506 524 529 527 545 539 493 471 
vem trace:

stid: 341
spdistance: 984.561
radio trace:
568 524 518 498 521 548 589 566 550 524 523 506 544 535 516 481 495 511 519 539 534 538 544 529 567 567 563 514 512 510 489 514 531 536 505 507 533 551 543 528 530 493 519 526 504 486 554 553 558 538 575 576 520 517 528 509 553 530 499 527 576 565 532 511 522 528 507 504 514 547 596 614 563 548 545 520 534 610 552 569 608 573 543 564 537 521 516 532 544 514 546 549 521 529 553 578 544 533 483 502 513 504 517 519 539 508 491 505 534 544 510 501 506 509 551 568 559 519 501 550 531 529 530 493 520 494 535 578 560 558 520 509 505 510 514 575 544 578 548 522 490 476 507 535 509 518 561 582 541 541 550 525 491 514 512 532 531 549 529 536 561 570 527 535 534 537 553 539 552 526 518 550 556 547 529 533 569 564 540 564 519 557 608 555 507 519 584 574 534 530 474 512 509 579 561 573 521 506 525 527 514 559 564 598 579 583 543 509 479 515 530 529 519 507 544 537 549 531 517 521 485 516 584 547 514 567 558 504 536 543 543 551 558 566 554 565 580 580 561 521 515 506 532 551 539 545 538 527 540 520 549 551 545 543 542 520 487 494 541 573 548 547 524 532 565 550 549 557 516 518 555 522 556 549 500 531 534 565 540 523 529 520 540 548 574 573 539 518 535 559 581 564 577 573 509 488 464 510 511 526 572 566 564 528 518 543 568 565 539 530 552 563 554 531 525 518 487 479 541 528 575 613 598 593 563 559 538 526 559 548 573 552 556 586 560 527 521 566 595 525 521 547 582 494 474 525 524 528 531 498 543 517 532 545 572 552 552 561 547 547 557 543 527 547 510 538 531 527 539 526 505 511 511 523 526 514 561 533 526 509 509 526 521 554 562 523 547 570 566 513 522 547 518 567 587 574 557 558 511 510 544 518 515 559 559 544 570 520 530 536 534 546 584 532 551 577 548 520 510 515 542 562 558 566 552 570 527 536 512 522 534 537 540 522 543 571 531 524 523 527 495 481 485 501 502 517 512 535 547 528 502 505 518 553 539 567 572 535 521 508 507 536 526 552 545 581 532 507 484 531 506 504 534 561 553 566 500 479 506 530 554 544 529 498 552 576 588 580 605 569 555 523 534 553 525 544 570 559 578 528 562 547 543 585 564 560 547 550 573 528 593 549 516 499 533 544 566 561 582 591 574 531 539 593 574 543 526 552 554 562 529 526 561 582 570 519 502 517 512 499 493 525 517 521 534 493 511 553 586 612 553 550 534 565 564 561 528 535 585 570 564 570 580 560 560 549 528 519 543 559 534 505 533 547 545 525 544 562 601 626 607 584 567 538 528 578 578 557 541 547 559 536 550 502 507 501 529 523 534 542 500 524 530 499 523 533 506 549 550 508 488 504 526 547 569 553 512 513 508 570 563 508 528 564 548 535 526 527 538 541 551 544 556 578 545 565 506 507 526 511 546 597 556 529 547 546 548 517 514 555 566 548 559 566 532 545 534 551 498 501 531 537 533 546 553 525 557 537 541 504 528 502 525 491 528 529 539 521 588 581 582 575 548 544 582 559 548 540 533 536 551 581 558 549 524 512 524 557 566 551 490 474 512 533 541 541 551 536 546 567 595 521 490 502 496 512 563 550 528 538 529 533 543 519 520 558 571 538 541 561 570 548 531 486 516 524 552 563 552 559 569 567 564 533 528 547 541 509 482 509 499 522 572 561 520 547 519 530 529 471 506 524 529 527 545 539 493 471 
vem trace:

