SDId: 34838500
energy: 1.91635e+17
zenith: 0.376633
azimuth: 5.25816
GPSSeconc: 1127328569
stid: 341
spdistance: 689.329
radio trace:
499 521 534 527 537 555 563 549 517 533 556 541 577 548 553 534 521 506 511 537 532 523 517 528 504 552 533 547 540 562 521 528 515 539 487 485 502 495 525 554 524 531 532 526 549 554 538 580 547 561 546 543 573 570 574 593 586 605 589 566 561 529 529 532 589 573 549 589 586 557 570 571 533 566 522 514 524 501 494 516 504 535 535 534 517 532 547 561 561 535 527 551 548 537 540 567 531 502 516 560 577 585 528 549 549 533 520 524 559 574 556 570 559 520 550 539 540 519 505 526 544 541 515 539 544 525 503 527 547 488 521 539 538 512 476 528 529 522 497 490 517 502 515 529 535 537 521 493 519 537 558 565 570 519 531 527 544 579 571 535 509 534 531 520 518 479 485 526 516 505 532 529 535 481 460 526 501 526 569 593 589 581 615 632 588 551 523 531 527 517 538 580 561 555 543 565 575 573 532 538 536 571 564 563 532 544 541 531 524 566 549 510 523 510 534 524 510 550 564 542 492 472 491 512 492 525 550 565 540 574 538 534 541 534 518 542 511 505 532 555 555 508 480 497 521 498 518 543 581 596 564 563 565 540 502 534 535 565 540 556 545 526 541 516 514 524 532 502 502 516 506 494 512 521 534 536 511 482 466 520 517 531 538 540 519 516 467 451 487 505 524 573 543 542 573 540 552 560 547 546 555 574 533 555 526 517 504 522 508 485 496 514 520 521 553 572 547 510 519 503 519 532 536 546 580 567 555 516 528 592 600 556 548 562 581 540 560 568 606 555 562 532 557 544 570 544 518 471 488 526 526 530 527 504 530 547 541 568 558 553 579 581 573 577 533 527 561 530 536 532 539 560 583 535 538 518 530 533 520 534 551 561 513 500 503 508 519 502 519 535 545 532 548 507 492 503 533 506 522 543 539 548 534 575 563 521 553 565 552 543 547 540 550 518 547 506 539 549 534 507 526 543 545 576 519 499 521 501 505 508 501 516 530 514 539 552 530 527 514 532 534 523 492 513 519 554 528 505 520 472 515 524 513 564 594 585 579 593 548 524 546 570 557 537 582 585 561 524 506 506 532 508 496 529 517 537 549 516 546 581 530 497 457 439 500 483 499 514 529 534 553 524 536 541 543 527 476 471 483 508 534 510 520 511 494 526 557 559 570 563 534 504 494 541 551 556 541 538 555 550 552 539 539 521 539 534 542 568 540 518 537 547 541 567 560 548 506 513 502 566 528 518 547 551 511 500 505 510 543 543 557 553 547 500 529 520 488 500 528 553 550 554 566 538 507 550 549 556 580 594 586 568 540 564 542 543 519 519 522 516 531 549 519 492 519 527 528 501 538 547 535 530 565 585 604 580 539 526 525 544 552 547 556 532 524 569 586 538 522 552 580 549 555 578 514 479 504 504 486 474 498 537 549 529 522 548 539 484 519 524 513 499 541 574 578 600 582 575 532 509 545 552 606 570 552 564 575 555 591 555 513 511 538 551 525 536 500 523 505 535 518 529 507 468 483 514 517 503 504 495 502 496 507 546 533 499 525 520 543 537 530 541 549 572 548 526 557 556 573 582 567 535 498 537 514 555 550 508 535 574 528 518 558 510 498 520 507 514 517 553 584 565 520 522 515 519 513 528 514 536 524 503 516 524 541 549 527 519 514 506 532 547 529 516 511 488 490 509 546 557 559 536 503 533 580 539 525 548 542 538 551 529 571 560 563 543 581 586 560 561 574 537 550 533 505 550 567 597 
vem trace:

stid: 341
spdistance: 689.329
radio trace:
499 521 534 527 537 555 563 549 517 533 556 541 577 548 553 534 521 506 511 537 532 523 517 528 504 552 533 547 540 562 521 528 515 539 487 485 502 495 525 554 524 531 532 526 549 554 538 580 547 561 546 543 573 570 574 593 586 605 589 566 561 529 529 532 589 573 549 589 586 557 570 571 533 566 522 514 524 501 494 516 504 535 535 534 517 532 547 561 561 535 527 551 548 537 540 567 531 502 516 560 577 585 528 549 549 533 520 524 559 574 556 570 559 520 550 539 540 519 505 526 544 541 515 539 544 525 503 527 547 488 521 539 538 512 476 528 529 522 497 490 517 502 515 529 535 537 521 493 519 537 558 565 570 519 531 527 544 579 571 535 509 534 531 520 518 479 485 526 516 505 532 529 535 481 460 526 501 526 569 593 589 581 615 632 588 551 523 531 527 517 538 580 561 555 543 565 575 573 532 538 536 571 564 563 532 544 541 531 524 566 549 510 523 510 534 524 510 550 564 542 492 472 491 512 492 525 550 565 540 574 538 534 541 534 518 542 511 505 532 555 555 508 480 497 521 498 518 543 581 596 564 563 565 540 502 534 535 565 540 556 545 526 541 516 514 524 532 502 502 516 506 494 512 521 534 536 511 482 466 520 517 531 538 540 519 516 467 451 487 505 524 573 543 542 573 540 552 560 547 546 555 574 533 555 526 517 504 522 508 485 496 514 520 521 553 572 547 510 519 503 519 532 536 546 580 567 555 516 528 592 600 556 548 562 581 540 560 568 606 555 562 532 557 544 570 544 518 471 488 526 526 530 527 504 530 547 541 568 558 553 579 581 573 577 533 527 561 530 536 532 539 560 583 535 538 518 530 533 520 534 551 561 513 500 503 508 519 502 519 535 545 532 548 507 492 503 533 506 522 543 539 548 534 575 563 521 553 565 552 543 547 540 550 518 547 506 539 549 534 507 526 543 545 576 519 499 521 501 505 508 501 516 530 514 539 552 530 527 514 532 534 523 492 513 519 554 528 505 520 472 515 524 513 564 594 585 579 593 548 524 546 570 557 537 582 585 561 524 506 506 532 508 496 529 517 537 549 516 546 581 530 497 457 439 500 483 499 514 529 534 553 524 536 541 543 527 476 471 483 508 534 510 520 511 494 526 557 559 570 563 534 504 494 541 551 556 541 538 555 550 552 539 539 521 539 534 542 568 540 518 537 547 541 567 560 548 506 513 502 566 528 518 547 551 511 500 505 510 543 543 557 553 547 500 529 520 488 500 528 553 550 554 566 538 507 550 549 556 580 594 586 568 540 564 542 543 519 519 522 516 531 549 519 492 519 527 528 501 538 547 535 530 565 585 604 580 539 526 525 544 552 547 556 532 524 569 586 538 522 552 580 549 555 578 514 479 504 504 486 474 498 537 549 529 522 548 539 484 519 524 513 499 541 574 578 600 582 575 532 509 545 552 606 570 552 564 575 555 591 555 513 511 538 551 525 536 500 523 505 535 518 529 507 468 483 514 517 503 504 495 502 496 507 546 533 499 525 520 543 537 530 541 549 572 548 526 557 556 573 582 567 535 498 537 514 555 550 508 535 574 528 518 558 510 498 520 507 514 517 553 584 565 520 522 515 519 513 528 514 536 524 503 516 524 541 549 527 519 514 506 532 547 529 516 511 488 490 509 546 557 559 536 503 533 580 539 525 548 542 538 551 529 571 560 563 543 581 586 560 561 574 537 550 533 505 550 567 597 
vem trace:

stid: 343
spdistance: 831.598
radio trace:
467 481 474 477 506 479 480 483 435 447 451 460 459 468 471 470 477 479 480 494 498 468 450 463 456 453 429 395 413 461 455 432 449 475 454 445 449 469 446 456 452 462 456 457 467 451 446 467 488 464 447 455 417 409 452 474 471 465 455 450 433 441 430 476 468 451 433 437 441 447 458 480 472 444 465 468 443 425 454 447 430 468 466 484 457 469 458 466 467 485 489 453 468 461 476 480 485 488 480 497 493 468 470 498 490 479 462 462 496 513 493 474 490 473 471 501 476 482 492 493 477 489 498 488 502 486 476 470 440 462 506 534 495 443 463 480 447 433 472 469 460 495 479 478 483 494 489 514 506 481 490 471 474 475 473 432 421 433 454 456 465 473 469 469 482 472 435 417 408 449 454 460 449 441 437 458 467 487 497 483 470 475 467 463 470 484 464 449 451 467 496 476 441 459 471 444 466 472 485 495 488 457 459 459 464 459 461 483 465 454 450 483 513 487 482 464 483 475 494 497 480 443 444 449 469 481 460 447 475 471 461 452 478 452 468 501 484 469 462 496 469 470 460 470 470 463 465 471 481 482 480 444 449 464 502 492 481 457 459 463 484 462 445 448 421 429 461 453 455 461 473 479 454 482 478 454 424 438 441 477 476 476 474 431 448 438 447 452 453 463 466 468 415 431 438 474 456 441 408 396 440 449 469 467 490 489 476 485 490 439 450 435 441 476 468 457 449 438 423 430 445 442 468 476 465 453 456 432 430 446 444 459 472 453 449 427 425 433 481 475 469 447 448 428 431 450 471 477 463 467 472 458 475 478 484 502 486 483 507 453 432 458 451 445 484 463 474 490 478 494 503 500 492 472 455 464 496 501 510 485 461 487 459 455 481 470 464 464 484 512 484 466 452 455 473 478 471 439 431 426 438 468 453 430 458 465 450 478 494 464 454 467 488 458 473 505 497 502 482 444 457 444 435 453 474 499 467 442 442 471 472 475 496 507 487 470 473 452 457 479 480 495 476 477 463 463 481 470 448 453 492 504 471 448 457 472 476 479 448 466 488 490 478 480 478 493 488 472 466 469 456 476 497 487 491 511 515 495 494 475 480 490 454 475 492 475 453 471 497 471 469 471 479 468 482 472 475 466 468 473 464 490 441 441 439 440 466 474 478 501 503 445 474 433 461 456 476 445 453 445 460 475 481 470 472 467 455 457 478 474 446 449 438 452 460 494 492 484 497 499 481 460 433 445 438 472 471 462 488 501 494 469 469 471 447 444 458 479 454 454 459 467 464 481 472 458 458 484 442 453 445 458 471 482 481 479 467 490 458 471 446 463 475 473 451 453 440 445 488 486 453 452 438 453 469 462 463 450 468 470 494 493 513 496 440 443 441 441 433 458 448 473 470 492 503 478 450 432 460 487 481 464 479 492 470 443 456 481 481 468 467 464 455 457 455 435 406 443 453 468 469 425 447 479 460 485 493 468 458 458 464 462 459 460 473 485 491 484 480 482 481 477 449 447 446 467 463 455 436 423 418 430 408 458 485 492 462 472 452 478 454 474 475 457 453 451 476 465 489 485 441 449 476 484 506 490 466 467 452 451 446 459 480 473 485 483 492 503 472 465 461 479 469 462 464 455 459 456 456 474 471 455 484 491 463 462 461 459 466 444 468 481 485 491 483 478 433 455 458 458 447 448 412 415 459 477 459 467 471 465 462 472 465 466 467 445 458 480 484 479 444 442 466 463 450 425 424 406 
vem trace:

