SDId: 34573162
energy: 2.93921e+17
zenith: 0.573371
azimuth: 0.945017
GPSSeconc: 1125841574
stid: 332
spdistance: 697.098
radio trace:
572 553 581 562 579 601 569 575 575 569 574 559 561 540 543 533 543 556 537 542 530 530 535 506 523 520 521 520 504 518 527 510 553 528 517 506 508 507 514 508 540 554 539 538 555 538 536 563 548 527 549 500 530 555 543 538 553 552 514 544 506 526 513 512 546 518 534 515 538 562 545 533 553 541 527 541 544 528 546 529 545 528 540 524 540 519 520 506 522 517 499 531 535 559 564 531 511 565 513 493 493 548 557 550 531 515 517 528 543 551 559 555 568 548 531 559 562 546 554 520 537 533 534 541 563 552 547 529 549 591 564 563 525 490 508 496 543 546 567 574 567 538 523 531 533 557 570 524 528 527 502 508 515 531 526 538 540 571 569 510 525 533 525 527 526 495 517 522 516 500 507 520 506 525 573 560 528 556 590 577 562 507 478 504 530 560 580 583 568 604 569 544 514 501 473 497 526 535 556 536 539 567 533 544 557 528 522 503 551 515 501 529 537 545 537 521 555 544 568 552 545 565 573 547 524 551 554 559 542 557 562 554 525 527 568 525 505 500 532 521 549 577 551 573 553 576 582 545 550 562 548 522 530 565 554 544 532 561 544 527 521 548 540 546 577 558 520 548 560 543 548 558 560 558 593 547 553 549 508 539 555 576 569 561 563 555 543 525 518 514 504 506 537 526 535 532 531 533 514 541 529 504 492 517 502 519 527 511 528 558 574 559 515 503 540 529 526 503 508 522 532 572 547 532 525 552 588 576 546 554 543 522 526 532 519 540 531 499 512 548 535 555 551 559 586 586 575 521 490 529 545 544 529 524 516 501 528 528 565 538 536 537 523 494 519 529 531 515 508 500 537 560 544 564 502 480 518 553 579 544 508 477 489 526 544 546 553 530 527 489 489 537 552 541 562 571 513 479 491 509 512 553 506 506 524 525 486 546 553 535 495 483 515 530 556 561 539 572 550 555 537 505 507 518 523 534 515 516 521 537 544 529 508 563 542 487 478 512 554 513 527 522 539 553 556 527 531 543 529 518 481 519 558 529 482 469 501 511 515 546 542 507 523 524 517 490 533 524 574 523 491 516 496 504 552 545 549 566 553 536 529 486 505 551 563 540 582 546 533 542 514 519 530 557 579 553 544 510 511 518 507 519 522 516 538 497 502 539 546 551 519 520 524 520 494 499 549 546 506 506 557 555 535 537 516 526 503 517 561 522 509 539 532 514 501 522 542 526 552 543 518 543 541 528 549 535 555 565 569 568 570 568 557 542 519 496 520 561 570 542 525 512 534 546 548 536 555 534 523 534 546 534 530 513 488 512 511 508 489 538 573 522 538 544 552 553 556 557 570 544 553 562 578 558 601 587 488 506 520 532 556 545 544 566 562 539 523 523 516 521 499 534 550 541 555 514 473 515 541 568 582 553 544 528 559 582 575 562 571 558 536 519 518 525 510 519 560 581 540 534 550 541 555 566 582 586 572 593 558 561 568 570 554 543 529 536 534 541 547 549 541 553 555 563 563 539 534 518 499 479 496 544 521 506 498 526 546 539 543 550 577 564 588 571 535 534 537 536 501 506 544 548 534 543 551 580 548 542 507 542 546 562 566 572 531 505 477 530 553 546 551 546 519 500 529 546 517 548 529 527 526 513 516 522 512 530 518 540 569 560 537 536 557 521 525 524 525 504 510 534 524 524 543 545 535 554 562 534 528 525 575 543 563 548 544 504 508 517 511 511 569 528 518 525 543 532 551 534 
vem trace:

stid: 341
spdistance: 772.825
radio trace:
482 519 507 527 521 507 530 516 485 481 488 518 526 501 513 501 518 498 493 486 491 480 497 519 505 498 484 513 513 481 428 423 469 490 468 494 501 494 490 501 519 510 502 503 511 495 457 408 430 476 474 505 534 541 487 459 482 494 493 496 506 499 487 500 521 517 509 487 485 480 492 532 541 497 510 537 574 551 496 497 474 476 425 463 467 512 496 495 505 507 490 521 541 532 538 519 523 518 547 530 511 497 511 476 479 490 461 494 492 490 528 506 477 480 483 508 505 474 490 509 532 581 594 579 544 518 522 503 472 481 510 521 516 515 514 460 475 552 524 517 495 508 511 474 466 475 425 450 492 473 480 493 461 433 438 485 487 486 490 467 492 494 507 517 538 501 486 461 459 502 474 502 510 500 532 515 479 450 459 495 572 583 561 511 499 448 474 495 515 500 507 534 550 532 493 557 548 562 525 451 478 491 537 537 554 533 526 501 487 473 513 518 518 535 514 523 505 491 470 471 462 487 514 504 515 529 463 500 507 514 509 539 539 518 479 497 541 531 559 498 500 519 544 479 471 510 513 524 538 570 558 535 562 519 560 535 524 504 503 486 497 547 531 527 556 568 584 525 485 486 475 498 542 498 479 477 465 499 510 516 488 498 550 531 533 505 496 481 492 507 508 495 486 521 545 528 564 541 526 515 519 514 498 466 464 491 489 492 492 514 499 518 521 484 485 516 479 499 485 497 537 503 513 530 544 520 516 507 486 424 468 453 471 457 486 522 504 505 499 519 526 482 512 536 538 525 477 520 549 566 497 477 491 501 469 493 513 518 487 495 472 487 457 468 506 495 460 473 502 528 507 494 481 448 508 544 534 468 472 502 504 506 513 500 483 490 507 495 489 504 508 536 575 575 522 501 465 435 496 516 491 485 490 452 468 470 476 510 519 538 523 490 528 557 537 482 451 465 469 481 486 498 495 479 468 497 487 492 494 525 523 501 485 480 476 498 515 492 477 508 479 471 469 492 487 488 479 511 576 525 510 562 535 482 495 546 538 524 563 547 525 481 458 461 519 509 507 529 486 482 486 494 465 477 469 470 477 478 507 555 566 535 500 510 516 498 511 552 572 536 515 478 442 430 466 486 535 492 456 465 492 491 497 516 528 512 540 564 559 510 481 477 475 462 485 489 503 486 431 451 451 452 451 437 449 454 438 433 433 456 457 471 486 452 445 440 426 423 422 464 481 542 525 537 545 554 523 528 478 498 498 509 513 489 528 532 495 520 519 544 532 500 499 525 513 505 519 502 491 472 526 500 495 494 491 452 472 454 487 544 540 519 524 505 525 486 512 480 489 481 515 517 509 493 454 476 479 480 462 496 510 543 523 508 497 486 442 458 443 465 479 457 478 516 474 493 509 513 519 482 527 520 486 508 506 518 510 542 521 488 464 469 457 490 517 518 537 548 532 518 486 485 479 472 494 472 502 514 543 534 473 477 475 482 502 517 529 501 524 507 488 483 505 510 490 491 520 493 486 462 488 527 516 499 452 448 484 511 497 522 542 520 508 528 555 568 557 537 551 557 547 538 513 509 462 443 434 465 497 535 510 524 526 495 498 512 517 506 464 489 530 559 541 549 487 487 529 547 529 521 483 468 501 514 503 502 478 506 505 456 494 502 522 525 514 485 497 520 495 527 529 521 491 484 489 518 493 464 473 507 518 505 503 496 491 492 490 470 474 515 529 553 505 462 457 496 542 521 
vem trace:

stid: 341
spdistance: 772.825
radio trace:
482 519 507 527 521 507 530 516 485 481 488 518 526 501 513 501 518 498 493 486 491 480 497 519 505 498 484 513 513 481 428 423 469 490 468 494 501 494 490 501 519 510 502 503 511 495 457 408 430 476 474 505 534 541 487 459 482 494 493 496 506 499 487 500 521 517 509 487 485 480 492 532 541 497 510 537 574 551 496 497 474 476 425 463 467 512 496 495 505 507 490 521 541 532 538 519 523 518 547 530 511 497 511 476 479 490 461 494 492 490 528 506 477 480 483 508 505 474 490 509 532 581 594 579 544 518 522 503 472 481 510 521 516 515 514 460 475 552 524 517 495 508 511 474 466 475 425 450 492 473 480 493 461 433 438 485 487 486 490 467 492 494 507 517 538 501 486 461 459 502 474 502 510 500 532 515 479 450 459 495 572 583 561 511 499 448 474 495 515 500 507 534 550 532 493 557 548 562 525 451 478 491 537 537 554 533 526 501 487 473 513 518 518 535 514 523 505 491 470 471 462 487 514 504 515 529 463 500 507 514 509 539 539 518 479 497 541 531 559 498 500 519 544 479 471 510 513 524 538 570 558 535 562 519 560 535 524 504 503 486 497 547 531 527 556 568 584 525 485 486 475 498 542 498 479 477 465 499 510 516 488 498 550 531 533 505 496 481 492 507 508 495 486 521 545 528 564 541 526 515 519 514 498 466 464 491 489 492 492 514 499 518 521 484 485 516 479 499 485 497 537 503 513 530 544 520 516 507 486 424 468 453 471 457 486 522 504 505 499 519 526 482 512 536 538 525 477 520 549 566 497 477 491 501 469 493 513 518 487 495 472 487 457 468 506 495 460 473 502 528 507 494 481 448 508 544 534 468 472 502 504 506 513 500 483 490 507 495 489 504 508 536 575 575 522 501 465 435 496 516 491 485 490 452 468 470 476 510 519 538 523 490 528 557 537 482 451 465 469 481 486 498 495 479 468 497 487 492 494 525 523 501 485 480 476 498 515 492 477 508 479 471 469 492 487 488 479 511 576 525 510 562 535 482 495 546 538 524 563 547 525 481 458 461 519 509 507 529 486 482 486 494 465 477 469 470 477 478 507 555 566 535 500 510 516 498 511 552 572 536 515 478 442 430 466 486 535 492 456 465 492 491 497 516 528 512 540 564 559 510 481 477 475 462 485 489 503 486 431 451 451 452 451 437 449 454 438 433 433 456 457 471 486 452 445 440 426 423 422 464 481 542 525 537 545 554 523 528 478 498 498 509 513 489 528 532 495 520 519 544 532 500 499 525 513 505 519 502 491 472 526 500 495 494 491 452 472 454 487 544 540 519 524 505 525 486 512 480 489 481 515 517 509 493 454 476 479 480 462 496 510 543 523 508 497 486 442 458 443 465 479 457 478 516 474 493 509 513 519 482 527 520 486 508 506 518 510 542 521 488 464 469 457 490 517 518 537 548 532 518 486 485 479 472 494 472 502 514 543 534 473 477 475 482 502 517 529 501 524 507 488 483 505 510 490 491 520 493 486 462 488 527 516 499 452 448 484 511 497 522 542 520 508 528 555 568 557 537 551 557 547 538 513 509 462 443 434 465 497 535 510 524 526 495 498 512 517 506 464 489 530 559 541 549 487 487 529 547 529 521 483 468 501 514 503 502 478 506 505 456 494 502 522 525 514 485 497 520 495 527 529 521 491 484 489 518 493 464 473 507 518 505 503 496 491 492 490 470 474 515 529 553 505 462 457 496 542 521 
vem trace:

