SDId: 34509938
energy: 2.9049e+17
zenith: 0.432785
azimuth: 5.11615
GPSSeconc: 1125321397
stid: 333
spdistance: 622.119
radio trace:
448 431 425 425 414 415 425 421 443 432 418 445 431 429 441 420 425 429 424 453 451 445 439 422 399 453 452 415 396 395 411 442 420 421 458 460 472 448 462 437 433 407 430 455 449 465 446 445 431 405 422 416 447 446 401 388 404 436 444 453 467 466 432 443 422 416 451 457 483 490 464 490 482 464 471 447 431 435 459 463 432 422 451 454 424 426 445 435 410 399 420 440 431 424 446 461 440 460 451 432 478 468 432 377 413 449 476 469 459 458 449 442 469 435 450 432 442 433 471 455 430 459 442 440 444 429 462 444 416 435 432 433 438 467 445 450 457 476 458 426 437 460 468 454 439 447 477 475 448 468 439 447 444 476 496 504 507 475 474 463 465 421 408 458 447 442 430 418 411 430 390 386 381 413 465 449 439 418 399 411 423 421 447 446 413 418 456 462 444 422 453 446 430 418 428 451 431 406 398 436 449 440 432 416 393 422 444 479 465 437 425 449 439 436 464 447 437 422 423 439 432 480 510 505 489 445 418 409 412 403 460 444 425 412 376 379 422 460 470 482 469 418 406 404 451 469 470 481 471 459 462 483 516 488 460 437 456 442 444 457 471 457 438 430 428 444 425 412 419 458 436 435 422 436 475 479 434 445 433 448 450 437 433 431 447 438 464 413 390 410 417 413 431 436 431 452 481 462 466 458 429 434 450 471 457 450 438 421 399 430 420 434 431 425 447 449 456 453 447 457 426 428 429 443 482 507 477 467 477 456 433 433 441 440 437 461 403 410 437 389 409 428 426 416 457 450 397 430 469 442 458 452 446 435 440 439 485 490 480 438 405 410 428 393 427 462 417 395 388 398 377 399 397 413 391 420 438 466 504 469 447 394 403 409 438 458 423 433 438 470 496 468 454 447 428 401 397 429 443 451 444 440 468 432 446 440 430 442 418 429 426 395 387 357 375 372 376 411 414 430 412 448 433 407 394 428 423 399 405 426 421 439 449 448 437 436 457 456 433 424 455 456 453 466 459 461 413 417 459 472 451 482 437 390 466 499 463 433 428 424 440 458 487 502 464 479 439 452 423 394 400 419 408 425 447 459 453 435 431 401 422 383 356 431 433 442 464 463 453 457 482 475 467 452 416 395 400 420 444 454 464 437 445 464 456 432 423 458 470 482 498 486 441 419 442 457 479 487 450 419 427 441 425 439 450 449 416 408 410 415 415 416 442 440 441 443 440 422 430 429 470 450 450 445 443 418 419 402 392 406 416 421 447 421 438 455 456 450 449 457 470 454 474 468 448 423 457 460 447 425 424 461 459 422 456 466 496 486 448 456 405 418 420 465 447 449 448 467 444 447 416 419 432 422 429 425 420 399 406 454 459 484 478 469 487 484 450 463 448 473 451 437 427 425 407 438 449 440 460 479 455 445 450 449 436 440 428 422 392 418 446 439 423 444 450 477 418 383 393 416 459 470 473 442 445 442 456 456 454 442 458 424 448 430 425 422 436 462 452 432 418 463 465 443 448 469 443 477 473 443 384 415 403 423 437 438 445 462 475 440 431 414 413 410 407 444 461 436 433 448 497 489 459 458 446 481 485 459 450 449 479 445 449 448 431 449 460 453 487 457 445 423 424 421 381 407 416 406 446 444 424 442 411 409 428 469 443 439 415 433 469 481 463 418 419 418 442 469 455 457 465 468 476 462 444 434 424 420 453 451 431 427 439 451 451 463 420 405 438 472 457 436 448 448 459 464 453 434 
vem trace:

stid: 332
spdistance: 862.324
radio trace:
535 540 525 548 536 536 554 567 535 519 544 505 488 545 541 546 549 556 552 550 553 566 586 566 552 553 522 524 526 532 521 507 489 493 529 560 557 559 556 563 571 579 591 562 557 554 545 550 581 592 548 557 544 533 565 571 538 530 550 547 536 573 535 511 527 515 515 533 543 553 559 515 532 568 543 544 525 509 503 549 542 532 498 507 540 559 563 531 563 551 559 526 537 548 539 508 514 520 518 571 577 586 536 518 534 517 479 494 498 548 526 446 480 554 578 536 558 569 543 540 535 528 527 519 497 513 522 499 527 555 533 565 582 559 576 543 526 539 509 494 500 504 500 508 542 588 572 523 489 494 535 556 555 597 571 581 534 521 531 519 513 533 526 506 522 516 517 531 536 557 553 537 536 557 568 570 520 504 494 482 496 532 558 555 538 503 514 510 522 510 510 504 532 557 547 507 486 515 538 523 518 513 556 539 580 563 561 524 551 545 534 544 537 513 524 511 550 526 527 541 556 557 568 559 581 557 582 587 574 536 543 532 539 586 586 562 505 509 526 541 531 541 545 523 537 555 553 526 516 510 510 564 604 597 592 577 582 537 546 521 525 518 506 546 554 525 577 543 567 548 551 529 532 537 545 557 588 551 531 555 576 561 539 545 541 547 570 547 540 559 575 547 539 523 503 517 530 528 535 540 543 548 562 553 546 583 567 520 519 493 493 526 536 494 550 572 566 569 582 603 537 516 523 523 534 546 538 523 515 558 544 542 502 511 541 526 497 523 550 572 590 571 542 533 498 515 537 522 547 556 521 504 517 533 533 527 568 582 595 583 554 559 584 573 558 558 540 546 533 512 514 513 514 487 512 562 559 571 588 573 560 555 575 581 562 548 559 567 568 566 535 514 507 534 519 508 529 511 510 546 558 564 578 526 527 541 549 515 529 531 533 538 541 535 539 517 562 575 555 525 548 567 562 573 577 584 575 610 584 531 541 530 538 569 551 538 509 517 541 560 534 569 564 547 531 521 517 537 536 558 545 509 514 497 511 520 521 521 491 501 503 483 521 510 519 522 556 549 542 533 553 572 564 581 530 527 536 498 501 496 501 513 517 520 550 554 514 509 528 535 542 538 522 536 546 535 525 555 580 559 560 564 552 580 576 566 570 560 521 550 555 546 566 556 524 543 540 548 542 540 518 516 522 503 505 525 542 552 539 535 545 522 512 496 551 535 534 515 511 523 501 536 543 536 564 581 558 544 532 563 557 545 556 585 585 580 544 550 539 546 509 510 518 568 577 545 511 513 539 548 547 530 509 536 527 515 544 576 597 568 552 545 565 554 543 514 512 528 520 536 528 548 507 506 525 527 505 519 528 528 556 562 541 556 567 563 522 558 566 562 552 579 593 518 544 545 551 530 538 523 522 540 539 528 500 501 524 537 541 537 561 599 561 558 559 538 548 524 522 570 581 548 539 560 547 531 513 528 533 550 568 576 557 537 545 542 557 547 494 512 534 523 519 539 522 556 568 570 568 575 556 571 533 550 558 539 554 562 531 530 510 518 488 515 510 562 574 536 489 504 519 517 513 524 569 538 560 542 542 550 534 539 560 544 557 537 554 552 571 560 551 558 555 543 569 529 515 534 532 521 546 552 578 562 578 581 580 584 582 538 554 534 541 587 569 542 543 537 516 504 521 543 519 524 510 559 560 522 522 545 583 541 536 540 538 559 551 540 536 565 559 522 557 590 580 587 608 574 
vem trace:

