SDId: 34501573
energy: 3.85909e+17
zenith: 0.50968
azimuth: 1.00947
GPSSeconc: 1125263309
stid: 342
spdistance: 381.932
radio trace:
450 447 472 470 461 451 453 474 492 491 460 459 482 445 492 506 486 480 484 484 496 514 515 481 480 473 474 456 462 462 473 489 448 429 447 455 481 459 460 493 470 463 484 495 458 443 475 469 457 484 471 452 475 496 475 449 446 466 471 473 464 477 514 535 525 496 515 507 516 516 509 501 466 480 472 485 499 492 473 467 502 505 497 473 484 491 468 465 476 466 504 489 475 484 489 452 434 473 487 488 514 506 491 475 476 479 450 469 470 488 495 466 445 451 443 452 471 455 463 475 449 428 472 463 433 469 472 456 457 456 461 486 487 468 480 487 506 496 465 440 465 500 475 415 473 474 514 536 548 539 513 485 483 508 507 498 481 479 462 447 460 472 429 429 477 478 462 465 448 459 469 466 456 460 478 518 486 489 506 496 492 501 510 505 495 487 515 527 519 507 481 488 484 453 482 479 493 498 484 497 500 501 518 471 452 478 508 527 539 509 481 470 479 501 504 495 516 482 479 488 510 487 507 505 488 465 466 466 479 459 477 464 482 502 476 480 512 482 459 459 492 492 502 498 519 507 470 443 472 492 501 470 461 492 514 537 486 505 464 483 500 497 510 508 479 482 486 478 493 472 457 477 514 546 537 508 500 476 448 491 504 497 467 471 459 501 491 477 475 485 482 452 470 458 461 462 479 483 494 468 445 461 499 517 512 476 485 490 492 497 511 527 529 551 554 513 505 483 465 468 470 451 441 504 517 512 462 474 490 472 476 477 474 473 495 505 511 492 496 499 477 469 490 512 505 507 514 483 490 456 454 456 463 457 493 494 475 462 455 477 469 459 464 468 464 468 478 511 466 465 459 445 440 433 440 467 495 486 474 434 458 471 465 444 457 437 463 475 495 454 438 457 455 475 465 472 489 474 484 458 463 490 495 492 479 496 512 488 486 466 470 485 491 500 492 481 480 443 439 446 461 501 472 487 474 500 512 494 489 493 482 503 505 464 459 458 488 498 460 447 462 467 467 468 483 478 460 459 475 479 491 488 471 446 459 454 457 437 444 469 470 477 482 494 497 510 501 480 506 509 510 504 506 498 471 499 506 486 480 495 485 480 516 518 490 487 482 498 472 459 477 462 481 498 512 482 469 478 454 447 442 454 488 472 456 469 488 517 512 489 419 462 488 461 496 481 473 474 454 464 474 454 473 505 490 466 494 469 516 509 524 496 483 475 478 470 516 494 502 494 471 463 471 499 512 509 516 477 457 469 492 476 489 488 500 489 469 447 465 464 500 500 491 450 447 461 453 451 472 476 492 513 501 495 484 494 485 457 484 484 458 499 487 487 483 480 468 486 458 496 527 478 474 474 445 456 476 489 473 490 454 463 463 435 482 470 480 486 469 463 479 476 484 482 490 514 477 453 492 487 458 466 489 510 494 482 462 452 446 444 459 487 480 461 467 462 485 471 482 483 501 467 483 482 496 530 498 491 515 494 472 464 478 477 487 483 492 504 508 517 478 477 487 520 498 504 493 491 488 480 455 482 482 463 455 424 440 475 510 474 454 436 464 490 502 507 481 510 535 504 495 480 483 511 500 484 477 446 473 448 463 504 507 505 500 500 482 444 444 481 513 509 481 505 512 475 493 493 493 486 469 460 457 459 488 490 498 511 518 494 482 485 507 491 470 477 465 449 459 435 459 471 484 470 458 453 495 453 454 489 509 474 482 467 471 452 458 445 459 450 439 467 472 465 483 472 497 516 
vem trace:

stid: 333
spdistance: 1195.29
radio trace:
462 476 486 449 468 433 435 481 488 456 467 506 524 512 453 461 482 504 503 485 479 479 450 460 465 472 447 461 449 448 431 463 451 448 439 451 464 452 475 462 467 447 446 466 450 466 484 441 465 462 452 498 474 459 457 435 469 502 484 494 491 444 429 403 376 425 468 516 528 501 447 477 465 475 459 463 454 481 513 495 503 477 494 515 509 502 509 473 457 468 480 490 500 479 500 504 497 459 480 457 434 469 459 452 475 474 475 491 497 480 439 507 511 520 482 449 443 477 505 522 507 520 525 494 506 528 517 510 531 504 485 496 482 492 477 497 483 476 415 388 435 490 481 482 485 512 480 463 496 510 510 486 476 447 462 500 481 473 466 477 450 466 513 498 481 505 466 449 463 495 475 507 552 542 524 498 497 470 474 511 531 509 488 489 492 478 474 467 442 418 431 455 475 485 519 506 486 455 441 432 462 484 472 469 519 488 448 484 481 455 477 470 471 479 498 481 479 477 504 473 437 464 490 477 471 461 433 439 453 470 447 447 427 472 465 478 500 482 479 464 477 438 466 490 468 479 461 476 459 468 468 464 472 467 451 457 475 505 550 498 504 450 466 465 495 479 454 465 487 482 510 514 484 496 490 464 452 428 428 461 473 475 506 504 422 443 455 487 473 492 468 467 477 478 499 491 498 454 457 481 541 527 511 503 499 498 470 464 454 467 498 467 467 471 475 503 492 500 482 499 498 451 459 483 454 488 478 475 482 518 515 487 474 464 482 506 507 513 504 460 462 443 450 442 475 485 503 501 487 481 478 528 554 536 497 483 490 453 469 481 498 489 466 467 484 482 467 448 443 465 463 466 467 477 484 457 491 512 514 487 454 453 438 450 468 453 461 486 446 464 464 490 519 522 506 484 463 487 480 519 524 491 495 516 518 505 484 501 499 492 472 454 433 423 429 442 461 479 484 523 487 506 467 453 426 445 454 457 444 498 485 506 520 542 524 528 513 498 500 495 508 503 484 509 490 458 487 485 492 495 512 496 500 482 445 477 464 488 493 456 454 467 465 475 483 476 482 488 491 500 536 516 527 497 477 487 499 473 499 496 515 502 484 469 464 476 465 467 470 481 491 499 467 463 477 460 504 515 523 510 469 461 491 457 466 473 458 494 480 492 506 489 466 439 450 491 502 500 505 447 415 462 506 509 489 485 490 485 476 484 483 499 505 492 474 432 432 468 493 474 468 477 450 451 465 497 489 462 468 448 463 471 463 460 497 484 463 443 469 457 496 465 463 471 477 473 480 488 474 479 519 526 511 505 484 475 455 476 472 456 450 497 518 501 468 439 473 455 466 470 437 463 490 495 466 465 466 439 440 422 440 472 498 471 448 438 413 422 466 463 480 484 498 494 478 495 514 518 498 476 486 495 480 464 462 448 455 464 462 472 479 468 448 476 463 427 424 452 463 507 428 424 451 498 486 479 450 422 465 499 515 504 482 495 485 488 474 493 504 496 464 504 491 475 457 459 466 485 511 501 490 501 536 490 473 498 492 480 474 483 472 497 509 491 470 462 492 501 521 480 489 489 482 510 504 505 512 516 547 550 509 475 495 489 489 467 470 471 472 460 484 462 422 439 443 478 459 456 437 457 464 468 496 516 471 497 490 502 481 470 434 461 485 457 489 484 470 448 478 492 484 459 444 478 507 475 444 460 479 459 449 486 503 483 478 439 465 465 511 469 495 498 511 443 455 422 450 490 
vem trace:

