SDId: 34858594
energy: 9.21221e+16
zenith: 0.797983
azimuth: 1.46452
GPSSeconc: 1127455643
stid: 333
spdistance: 382.186
radio trace:
430 469 465 461 466 461 477 399 402 391 436 420 429 441 427 431 437 430 447 443 469 437 448 415 390 397 415 419 411 428 433 404 388 402 412 440 404 402 413 445 442 446 451 388 402 426 450 491 474 455 457 451 414 431 410 430 444 420 393 418 440 432 417 416 410 423 443 440 443 433 432 433 419 439 462 451 424 450 459 462 449 447 453 408 429 419 445 479 435 442 451 462 471 449 445 434 420 424 400 423 425 406 431 475 465 490 476 447 439 465 427 456 452 486 473 458 472 475 455 427 437 447 415 421 439 424 436 431 416 432 443 418 435 439 427 428 418 445 440 457 448 457 460 429 412 414 431 460 466 474 470 443 395 404 388 401 426 421 389 431 434 445 441 431 406 445 464 434 418 395 397 439 473 440 451 454 454 447 448 417 422 478 464 469 448 438 420 417 448 448 448 454 442 407 454 456 450 446 482 490 503 438 449 463 442 461 406 421 447 463 473 430 445 458 432 462 476 475 442 416 402 416 421 418 421 451 440 423 425 418 441 471 438 427 418 443 459 453 461 465 439 437 444 487 452 428 408 402 393 419 412 412 420 431 437 442 429 447 459 451 484 476 441 434 446 421 417 435 406 428 440 449 457 461 474 460 464 420 420 441 447 440 423 440 448 428 395 395 417 411 409 449 440 465 460 453 425 396 433 401 423 453 402 406 424 414 421 402 437 458 434 439 447 456 450 445 445 450 460 400 395 422 432 414 476 449 446 462 440 428 418 429 451 442 447 480 438 464 465 443 424 402 416 414 372 428 426 430 448 445 436 450 424 450 436 416 459 462 446 413 444 459 456 437 431 468 451 445 445 440 476 449 452 446 441 420 444 442 439 431 429 446 457 449 465 438 392 424 464 466 471 437 430 445 409 415 432 461 429 447 458 456 450 458 422 447 399 395 451 462 439 437 450 473 483 460 466 451 449 412 426 447 448 415 386 443 452 424 430 408 431 458 432 441 469 436 443 439 448 424 435 438 457 428 428 401 429 412 439 468 463 475 477 459 459 448 424 403 404 405 433 435 437 440 452 477 452 433 421 440 478 450 444 421 420 406 446 446 428 427 435 461 447 429 425 422 469 491 445 406 396 406 435 414 388 385 408 425 434 397 427 441 422 427 421 437 430 444 454 453 442 434 447 460 453 445 460 462 446 437 456 426 435 449 472 464 425 409 418 400 431 453 451 444 444 428 441 467 476 445 417 452 462 469 423 452 430 444 444 442 415 428 427 453 442 431 429 485 501 488 468 459 467 445 440 431 426 428 409 412 448 417 417 373 410 421 428 408 419 431 395 411 377 418 447 445 425 418 447 440 425 435 458 467 486 483 443 459 465 430 455 446 423 456 479 450 442 448 425 407 426 426 439 420 430 461 457 427 436 438 465 442 432 454 434 399 407 434 445 462 434 448 406 398 435 446 452 425 431 421 417 450 480 426 449 464 438 449 436 397 422 432 444 456 445 445 444 464 392 396 445 498 477 427 436 431 423 441 454 458 408 395 388 363 382 438 482 446 437 455 457 427 396 413 448 451 431 437 409 421 401 429 423 417 417 454 462 471 463 450 443 479 468 477 460 474 449 438 392 400 413 416 418 425 416 405 421 425 442 428 437 429 405 429 410 386 416 416 433 425 430 434 439 474 478 444 437 420 418 422 414 407 409 429 420 426 409 412 437 436 443 421 390 403 391 396 435 466 436 412 444 463 483 483 456 456 454 482 
vem trace:

stid: 332
spdistance: 1219.59
radio trace:
613 587 546 548 508 506 500 530 513 527 515 535 540 567 574 561 537 555 523 527 519 549 554 583 568 514 546 553 526 552 557 561 540 552 550 553 540 548 561 580 562 551 526 496 547 506 540 564 543 542 545 556 574 534 535 576 576 513 543 565 548 546 531 530 536 540 531 515 541 573 523 519 513 524 519 545 531 548 541 519 501 518 548 540 539 552 552 556 575 533 536 557 532 568 557 552 546 547 517 554 546 560 567 560 563 562 574 582 556 557 535 566 528 549 556 560 571 593 540 539 537 558 547 578 518 528 528 521 537 569 585 575 535 512 516 503 542 558 536 536 525 551 573 550 567 587 574 587 559 550 571 590 545 524 533 555 551 567 557 531 531 539 533 543 523 528 547 563 552 535 553 552 562 566 569 526 524 541 537 558 533 511 547 566 532 512 519 531 529 522 541 556 558 526 527 526 554 540 542 559 549 610 558 552 562 549 511 494 512 506 555 566 557 525 514 526 540 531 523 565 558 528 530 534 550 549 518 541 563 559 534 546 565 528 540 542 517 498 527 518 533 518 515 477 482 541 549 577 571 545 521 537 529 560 532 519 513 514 506 490 513 507 551 560 537 556 593 593 568 528 537 532 523 575 595 574 561 537 535 547 539 530 527 539 514 487 543 526 535 555 538 532 540 531 517 538 548 516 531 550 546 519 531 558 541 552 543 536 558 569 588 533 536 594 578 575 587 567 553 572 561 508 537 526 508 487 488 532 555 559 559 550 534 533 555 534 514 502 510 540 534 587 564 542 555 547 566 548 539 548 529 522 512 516 533 520 520 543 541 540 521 571 545 509 545 547 556 559 568 572 535 526 514 542 539 544 569 579 601 573 543 540 516 526 517 517 509 539 537 537 542 536 559 584 564 550 548 556 575 580 549 542 556 570 568 567 566 554 535 574 542 520 534 554 561 539 530 567 556 499 545 556 543 540 562 523 515 557 532 489 539 532 538 584 588 565 558 536 526 531 493 530 518 557 566 566 550 542 528 544 556 551 533 531 534 525 544 536 561 518 516 509 532 534 552 551 531 517 564 558 565 557 541 560 538 540 535 525 545 545 537 519 556 569 569 549 526 523 518 530 524 542 553 543 544 526 539 526 532 526 525 557 541 539 562 572 579 534 509 526 546 526 531 569 551 536 524 525 541 566 554 531 533 577 558 537 525 516 516 531 544 567 557 569 549 546 547 582 562 575 583 565 564 568 541 509 518 514 533 524 522 520 491 516 545 542 517 537 539 551 571 525 506 521 542 548 532 548 554 529 521 532 531 525 513 526 548 559 559 548 528 534 544 539 545 571 569 567 548 543 515 531 524 534 566 570 579 570 567 598 563 560 551 556 558 539 539 534 496 522 528 570 584 564 565 526 534 536 518 501 492 483 500 534 535 547 526 521 539 567 553 545 533 549 556 539 535 561 543 529 530 550 547 541 548 578 585 568 553 552 580 570 550 533 545 482 519 533 496 499 493 531 533 539 534 541 557 544 540 557 555 528 530 532 524 542 546 577 582 579 570 552 546 525 507 496 548 599 564 559 539 531 552 572 547 558 534 525 557 556 542 529 543 543 538 545 551 562 521 515 539 536 553 575 571 595 550 546 567 593 579 563 539 552 537 545 525 535 512 530 537 565 545 529 532 533 517 539 548 579 549 571 573 523 538 557 564 568 581 572 566 590 576 549 539 570 591 577 580 554 534 553 540 547 527 503 510 533 
vem trace:

