SDId: 34812620
energy: 7.22631e+17
zenith: 0.379071
azimuth: 5.9698
GPSSeconc: 1127157143
stid: 333
spdistance: 619.207
radio trace:
450 459 465 489 472 476 474 464 421 445 428 416 459 467 433 441 428 453 464 436 453 461 461 468 449 483 497 478 466 449 439 480 458 467 467 467 444 431 428 469 445 449 434 407 426 416 440 482 475 457 403 433 423 427 440 420 409 419 447 431 429 451 448 432 428 441 463 455 457 467 440 441 443 458 456 407 396 405 409 401 413 419 436 435 436 427 424 447 449 434 453 478 461 464 439 474 469 431 438 480 487 484 438 458 482 413 424 428 419 429 433 425 463 446 433 444 458 457 465 461 462 482 475 457 449 410 427 419 427 420 416 419 430 452 454 470 454 449 421 422 457 445 410 429 470 482 498 473 460 455 479 464 455 468 457 463 466 446 433 466 450 454 440 452 496 488 475 472 464 429 474 461 475 486 453 445 426 432 410 441 484 466 474 459 463 491 483 455 471 438 432 412 439 448 466 453 462 458 428 424 421 454 466 440 391 425 455 458 454 474 462 477 501 500 502 434 454 474 482 462 440 454 436 436 449 415 460 474 461 442 455 466 459 466 438 437 416 420 430 443 436 436 437 467 432 456 473 461 487 497 493 482 445 431 466 449 435 430 425 368 415 446 457 473 464 438 434 478 468 440 423 468 446 431 427 430 453 440 468 481 469 464 492 476 459 450 454 456 469 479 460 449 422 410 417 400 438 427 451 436 438 453 472 447 446 436 466 464 448 460 449 438 433 439 455 435 438 438 436 463 462 497 489 440 429 463 453 477 507 482 466 433 421 395 423 425 437 467 451 467 431 439 459 465 455 409 436 428 455 462 459 457 473 467 454 420 428 435 426 444 464 467 458 411 447 458 442 445 438 446 470 458 444 423 413 442 462 484 440 483 482 432 434 430 466 493 470 469 485 465 465 423 429 442 442 442 450 449 451 474 442 430 417 428 441 427 417 435 432 434 426 456 434 417 412 408 421 423 459 466 447 442 439 438 419 423 429 426 442 445 422 396 420 434 436 464 445 442 455 441 413 393 410 430 451 481 475 458 444 449 452 446 435 429 440 442 444 451 429 434 439 454 483 480 482 458 477 420 434 476 436 409 462 453 417 401 420 460 459 489 493 468 452 434 465 438 451 429 415 459 457 479 476 511 437 424 457 465 456 433 444 463 445 468 466 441 451 467 469 407 434 424 469 451 472 454 427 429 462 431 440 454 455 458 412 426 444 474 459 416 451 461 468 477 449 411 392 432 436 447 452 450 429 433 476 463 491 454 444 459 428 376 374 390 437 465 462 416 381 392 422 417 415 431 472 464 459 443 425 471 475 471 453 441 436 417 414 434 439 457 453 473 436 460 443 419 411 418 414 477 491 467 456 475 477 468 460 453 450 460 464 463 471 469 440 453 451 439 471 451 447 445 412 438 459 441 462 471 432 475 465 435 420 422 499 491 462 446 458 427 446 471 405 398 426 410 416 433 443 435 422 435 434 427 427 418 437 429 450 450 446 428 442 450 425 447 461 462 458 466 446 458 449 462 452 473 462 440 449 435 432 441 445 456 462 464 437 433 440 457 430 436 436 426 456 463 463 450 447 477 482 471 450 384 376 433 433 420 446 462 451 481 452 443 435 418 445 482 459 471 489 495 489 477 464 480 468 467 474 439 451 487 489 454 445 449 423 428 429 446 453 418 401 422 449 472 437 469 431 442 466 450 488 456 470 441 458 464 466 425 446 436 465 413 441 475 463 467 440 460 480 446 432 456 436 423 430 451 
vem trace:

stid: 332
spdistance: 917.625
radio trace:
562 535 500 521 534 551 569 581 571 565 545 550 539 536 556 540 559 573 539 523 527 545 571 558 522 517 518 542 548 556 549 583 579 587 579 543 561 576 561 591 564 539 566 555 556 578 543 542 514 550 567 576 588 589 564 529 525 544 561 551 534 544 537 535 516 535 535 543 545 527 517 530 550 557 555 556 549 579 547 561 524 541 529 541 538 568 563 548 554 564 540 581 524 527 515 564 527 501 553 561 530 531 515 538 590 616 607 568 589 563 566 548 539 535 532 569 584 561 545 551 576 586 574 570 567 533 517 542 572 573 519 536 543 557 576 554 526 531 556 553 542 502 510 538 556 539 564 575 553 534 560 559 569 568 545 563 576 601 603 601 580 581 528 540 564 537 550 522 509 517 569 563 558 563 557 558 529 496 497 514 537 544 549 543 547 551 551 555 562 568 553 545 570 548 518 550 539 518 568 523 525 551 521 528 516 580 583 578 537 536 586 560 547 559 564 563 563 527 493 500 521 562 556 538 535 553 556 554 551 548 555 538 547 568 571 589 562 568 577 580 575 560 550 544 596 573 573 563 533 536 568 596 589 568 558 532 540 539 544 556 579 603 601 576 557 556 547 531 561 588 590 572 556 545 528 522 560 564 552 568 556 591 585 583 573 523 493 548 563 551 559 548 541 548 529 486 499 504 552 548 543 579 600 551 567 599 581 569 589 585 573 548 583 555 593 568 522 542 513 529 550 593 587 572 568 548 530 534 539 572 565 579 569 553 546 505 556 562 540 555 579 576 602 551 542 527 531 565 559 561 538 561 537 573 553 543 553 545 565 562 549 534 544 525 548 526 549 556 563 593 585 600 565 573 578 567 544 552 544 534 544 529 542 545 516 524 534 541 549 516 550 574 553 560 581 570 566 549 547 555 514 559 552 510 552 570 552 537 559 552 550 548 547 555 541 563 607 572 572 570 575 572 571 547 520 526 515 569 604 615 621 581 549 534 583 569 563 556 543 570 550 572 543 528 508 517 539 571 557 570 564 573 529 488 520 552 587 563 555 557 542 543 539 559 559 546 531 551 592 559 587 580 566 565 540 544 509 529 578 533 537 513 502 514 524 514 539 575 556 541 591 579 546 538 546 551 545 545 527 545 573 557 535 561 563 531 526 517 506 513 524 524 536 560 564 487 519 539 541 521 552 571 553 512 545 537 545 594 612 577 553 570 541 536 528 522 500 505 543 562 559 522 524 514 531 509 516 547 524 506 509 532 535 491 482 529 533 520 564 556 540 548 561 553 555 567 537 518 541 552 567 562 533 529 525 556 540 544 559 564 568 545 546 537 560 576 510 499 504 520 525 550 551 550 532 563 554 593 594 577 574 557 566 570 563 578 535 537 550 543 555 556 575 527 496 522 512 548 504 506 534 532 526 519 518 521 526 526 529 511 546 538 554 561 552 532 537 543 551 532 558 560 546 524 566 544 524 518 540 534 582 576 574 567 546 514 507 517 511 516 542 568 602 601 603 575 511 538 514 528 554 585 601 583 577 555 548 525 550 549 553 553 550 518 536 557 554 559 574 574 584 578 577 551 517 521 559 541 542 542 587 588 576 561 548 513 530 535 554 527 534 550 562 572 571 576 581 618 577 548 576 546 573 561 549 564 526 529 538 549 541 531 522 564 582 553 545 557 609 595 592 578 571 592 601 590 576 559 590 563 559 574 563 574 593 572 591 567 548 545 524 542 512 483 512 548 580 583 
vem trace:

