SDId: 34578679
energy: 1.05386e+18
zenith: 0.513248
azimuth: 4.0933
GPSSeconc: 1125878206
stid: 419
spdistance: 775.847
radio trace:
477 476 462 473 420 433 455 423 455 415 423 429 465 469 484 478 495 494 491 490 451 436 447 492 506 507 486 460 431 484 438 396 434 492 521 514 496 486 458 463 452 443 435 447 444 403 454 485 447 466 529 496 458 457 485 457 470 514 512 494 500 504 486 430 450 500 479 454 450 479 492 444 465 450 460 452 486 489 459 510 507 455 448 489 479 458 458 476 498 476 492 447 440 473 492 496 478 445 473 489 468 483 471 494 484 483 455 449 450 452 474 471 436 455 475 468 459 445 438 456 466 485 520 510 467 479 474 481 464 496 494 551 517 479 476 490 458 426 453 485 438 420 449 416 440 486 488 444 424 425 433 450 458 448 456 466 482 472 488 475 426 424 460 456 490 453 461 453 447 444 493 479 499 512 457 506 528 542 507 449 457 465 512 509 504 470 464 471 459 433 471 469 499 478 480 488 483 482 443 404 409 467 468 482 488 477 477 463 439 435 450 496 499 486 465 480 452 475 498 458 442 466 493 487 492 462 519 506 454 501 493 491 478 513 505 509 415 432 465 504 508 535 485 508 454 454 475 458 407 400 466 462 424 443 437 450 477 476 482 472 425 452 462 484 531 501 488 451 450 468 478 500 471 480 531 521 441 464 451 442 471 486 400 420 399 415 432 423 409 425 397 455 485 476 462 416 440 469 490 502 463 507 500 482 451 483 455 422 451 468 478 444 471 474 467 437 438 447 470 465 490 459 484 494 501 503 457 437 441 428 424 458 454 491 472 483 455 457 445 457 457 460 454 471 458 455 448 462 477 502 461 490 475 434 453 425 422 417 406 442 479 504 501 440 449 496 451 430 445 466 460 485 519 543 523 476 426 417 403 435 414 469 424 476 492 503 478 469 493 504 447 460 484 490 493 468 456 486 473 454 447 459 446 440 471 438 442 487 483 470 427 453 407 411 428 432 444 451 471 465 475 483 475 443 467 481 490 500 498 481 470 428 440 475 478 458 484 493 484 435 472 506 504 493 491 481 494 508 436 475 510 516 474 487 531 535 527 527 511 500 508 485 475 480 481 465 456 509 467 441 416 419 460 474 476 484 456 435 431 455 492 505 525 545 506 502 521 483 445 478 476 478 447 467 431 463 476 468 485 508 497 466 463 469 503 526 505 496 506 491 504 487 472 488 486 456 472 482 516 503 469 460 438 386 399 401 415 480 458 451 423 460 463 473 461 447 440 422 398 401 430 435 401 399 408 473 502 456 486 472 478 419 451 454 470 481 462 458 438 452 413 410 439 460 473 472 443 441 468 499 468 481 549 526 488 457 475 452 445 445 467 528 553 516 506 480 508 517 438 448 481 463 468 439 461 450 459 450 458 470 460 498 492 468 473 467 495 536 514 495 484 466 479 464 490 516 510 511 482 459 436 453 481 468 481 487 494 479 517 471 471 463 506 503 451 460 454 419 401 403 425 450 500 524 516 519 504 463 493 503 482 478 485 450 466 440 421 478 479 453 407 429 461 459 492 508 509 485 508 479 478 472 464 442 393 404 429 482 470 476 441 468 480 510 497 450 438 410 471 458 459 501 519 483 438 447 462 432 449 437 450 468 468 475 475 521 509 436 415 408 403 493 496 515 540 502 492 454 445 474 488 505 494 399 434 466 462 468 472 458 477 502 501 517 508 444 443 454 447 498 516 507 497 502 511 468 431 414 418 445 437 439 477 462 438 454 480 488 452 465 469 460 468 520 512 522 488 449 
vem trace:

stid: 343
spdistance: 789.886
radio trace:
465 454 448 481 445 447 438 426 425 427 440 479 480 472 460 459 445 460 441 445 464 475 463 470 489 498 461 486 462 457 488 490 460 467 474 470 458 455 471 461 429 437 436 408 445 452 453 455 446 446 436 423 450 483 466 444 456 485 478 444 449 468 473 468 437 436 426 461 461 481 463 472 472 470 450 444 455 457 453 469 468 441 443 439 462 462 477 482 426 418 442 469 455 487 486 477 469 450 434 457 478 464 486 475 483 460 459 467 469 467 466 443 454 465 444 435 450 462 450 457 474 478 458 464 456 449 462 453 491 450 455 489 474 469 466 466 461 475 453 478 506 495 494 459 441 472 470 475 490 466 459 458 438 445 452 441 439 440 449 442 438 434 430 436 445 443 442 466 479 471 465 416 435 458 469 480 477 461 463 470 459 459 440 460 439 461 452 453 437 425 434 471 443 438 438 434 457 459 452 467 476 460 474 463 468 446 469 473 496 489 462 464 477 473 443 452 453 456 437 474 468 463 463 432 433 450 436 444 452 458 482 485 476 436 440 450 461 485 474 459 455 457 473 470 465 469 458 468 498 477 436 457 440 431 474 461 468 484 436 445 452 457 463 442 416 416 458 446 427 434 456 457 458 457 434 448 445 451 458 491 498 496 488 478 468 487 472 458 465 455 455 458 436 461 479 460 451 482 494 478 472 435 437 476 468 459 455 479 474 476 447 442 456 441 449 449 457 447 450 468 480 473 460 459 456 469 468 471 485 484 452 423 445 439 400 408 427 411 418 436 446 481 481 456 466 472 443 464 468 475 464 449 437 468 458 446 437 435 456 487 433 463 475 476 472 470 447 428 434 456 457 471 472 451 447 461 438 451 483 499 511 483 459 441 432 474 483 453 455 454 457 485 507 488 458 453 459 439 467 509 505 466 453 454 448 476 480 484 468 482 477 478 476 440 430 447 450 460 494 492 509 491 487 483 467 450 491 515 479 451 439 431 458 468 433 451 465 457 464 463 471 484 457 474 475 481 495 475 466 480 455 447 473 449 467 457 446 437 423 453 440 450 488 494 464 455 465 450 443 432 476 473 472 430 413 434 447 484 453 450 436 435 447 460 446 464 479 519 491 453 459 440 426 452 450 471 459 417 441 492 501 484 459 471 481 465 460 458 475 463 465 468 446 422 460 461 419 420 423 437 458 460 441 437 448 460 465 461 447 464 489 502 492 448 475 499 471 466 454 425 449 470 465 468 492 472 488 464 458 473 492 478 456 436 448 440 441 453 449 424 423 420 431 436 453 441 426 414 442 457 452 453 440 463 443 424 471 473 445 445 469 479 431 440 446 469 455 488 484 451 449 467 454 445 449 446 445 431 412 421 461 492 483 470 438 475 470 451 467 461 434 442 465 455 443 424 449 443 472 475 455 463 458 446 454 462 444 439 437 432 443 481 495 460 464 442 440 449 460 443 440 458 447 467 459 456 493 451 460 464 461 453 472 478 444 443 440 423 447 449 430 451 481 467 456 474 500 468 453 463 465 467 466 468 463 428 455 451 468 468 458 438 442 441 425 435 430 417 470 454 420 472 445 445 491 478 474 464 450 421 444 460 474 466 479 479 471 467 458 460 466 463 468 472 446 451 458 441 434 457 460 451 460 459 454 430 437 450 454 490 470 473 471 479 501 486 441 449 496 456 434 443 459 443 439 447 454 469 474 470 462 468 475 473 474 462 461 457 484 484 465 479 472 463 441 436 440 437 
vem trace:

stid: 342
spdistance: 886.35
radio trace:
436 449 454 440 446 419 374 383 424 417 415 436 432 425 426 418 421 399 422 412 400 406 406 444 425 406 412 414 392 386 414 403 414 427 440 424 415 398 412 434 421 421 414 439 432 397 406 403 431 427 427 437 390 411 429 438 441 400 379 390 393 400 386 409 451 435 454 429 380 375 395 413 406 395 404 395 413 434 423 441 445 435 399 404 413 398 402 405 419 405 396 407 425 416 408 433 397 407 403 437 446 450 441 429 410 394 394 387 413 438 445 435 418 423 413 417 441 416 411 423 409 432 422 425 431 431 443 428 437 438 434 425 436 421 378 388 388 406 417 401 394 407 428 431 425 388 374 366 398 398 403 404 424 391 405 409 407 384 380 400 419 427 430 448 433 401 416 393 398 450 440 419 396 396 421 442 426 417 429 422 409 401 385 405 439 444 462 442 417 422 426 420 408 404 430 418 417 400 409 401 391 380 411 447 443 432 462 444 446 432 437 419 391 411 408 406 425 404 404 440 402 386 401 415 418 408 401 426 447 454 439 445 435 417 427 447 438 452 447 402 418 430 407 399 431 415 423 407 394 424 433 437 439 455 422 424 401 432 413 425 401 382 415 435 401 399 406 418 426 417 424 424 391 392 415 426 431 442 452 433 409 393 412 423 414 402 405 414 430 453 447 475 461 442 417 415 450 404 427 436 401 416 426 396 392 416 435 431 394 438 410 414 406 417 415 401 395 396 399 422 392 389 382 390 384 414 436 443 416 426 450 421 421 402 408 432 445 410 431 423 431 431 403 401 421 426 437 457 432 385 376 418 415 384 377 388 396 442 431 407 403 411 413 402 413 438 459 471 445 449 431 373 375 397 426 414 434 435 453 456 435 449 438 431 428 405 415 427 419 403 439 420 375 378 410 431 449 462 457 435 436 413 408 418 422 436 430 394 380 430 454 434 395 412 445 478 468 421 423 419 409 425 433 448 435 433 442 443 450 418 408 432 439 423 398 384 399 421 449 428 444 411 405 398 411 426 426 405 390 415 381 408 380 417 452 449 415 407 434 418 418 438 451 423 404 426 444 446 458 449 453 459 425 435 458 450 472 427 428 446 404 399 412 434 436 436 411 420 420 407 390 415 410 418 418 406 400 446 437 414 428 438 398 395 393 395 409 414 425 453 450 439 401 430 441 442 425 422 430 408 411 439 414 422 434 441 424 427 402 387 397 426 441 428 411 408 397 390 402 385 395 393 396 387 370 412 418 404 382 394 423 417 436 449 452 447 478 464 434 451 469 477 476 433 430 418 425 405 381 437 447 417 426 432 444 432 423 416 457 463 439 442 433 406 423 405 417 418 423 420 385 385 403 440 431 421 389 407 418 416 437 427 410 404 406 401 408 426 447 428 436 447 445 446 443 407 419 425 441 430 409 435 429 399 403 396 399 435 421 403 398 395 415 414 439 434 416 418 432 447 460 421 425 416 415 418 408 389 381 419 447 443 462 442 422 402 424 404 417 452 419 438 439 433 469 450 418 425 408 418 435 431 437 407 413 437 430 414 421 426 414 409 411 428 419 384 416 424 432 437 444 434 406 425 435 428 414 421 414 419 440 460 463 452 432 406 427 393 383 414 431 429 400 414 390 387 417 445 433 440 456 434 443 426 413 440 461 442 406 421 442 433 429 444 430 449 416 427 415 400 378 403 433 443 434 430 435 406 415 383 422 428 425 421 420 436 439 464 481 463 442 440 439 429 423 433 447 430 
vem trace:

