SDId: 34810765
energy: 3.88491e+17
zenith: 0.47486
azimuth: 0.802234
GPSSeconc: 1127150110
stid: 419
spdistance: 3700.02
radio trace:
485 467 487 503 486 484 494 490 458 495 491 481 511 524 543 497 520 531 450 441 417 436 477 469 469 457 431 425 446 483 482 510 467 485 487 482 450 456 447 421 444 434 445 445 464 466 454 463 452 462 486 496 501 519 498 480 494 468 431 453 427 442 454 486 494 443 407 447 492 519 502 465 454 445 462 400 382 422 474 451 389 410 452 472 476 496 495 469 498 463 452 496 475 479 440 431 480 476 462 488 483 507 507 481 490 478 499 476 465 483 511 512 528 506 488 524 522 508 506 479 480 457 494 537 527 506 489 484 490 492 511 549 514 527 478 455 478 487 515 500 513 503 477 490 491 459 444 454 500 490 484 490 465 475 487 485 509 503 441 488 525 471 456 461 487 470 490 481 525 506 520 482 441 461 483 493 435 417 387 431 408 458 498 503 491 486 499 450 480 501 453 456 484 463 455 464 452 427 453 454 494 541 542 541 545 471 473 495 491 472 467 501 470 465 448 496 522 461 483 520 548 487 466 468 488 516 498 481 470 489 489 476 466 471 497 478 466 474 482 491 459 429 433 428 440 527 529 494 478 482 503 500 481 470 499 490 463 454 456 436 417 451 484 504 519 541 538 507 498 457 486 491 511 499 502 527 527 483 471 475 452 453 436 452 446 441 501 511 432 470 464 473 501 513 510 522 507 532 530 501 474 441 439 460 499 475 481 495 453 483 484 457 470 474 456 449 529 510 469 480 488 460 463 449 451 483 472 464 447 462 442 473 467 488 476 430 484 442 487 497 489 488 474 471 459 453 472 519 528 513 523 502 496 495 497 428 431 496 487 480 441 414 464 460 442 426 500 536 516 486 437 435 490 524 493 482 478 499 529 532 509 501 464 435 432 468 487 500 472 509 479 446 466 452 496 508 558 536 467 472 469 472 500 524 481 485 483 527 520 491 462 480 502 480 519 526 531 490 503 542 499 499 496 505 484 464 485 465 461 486 513 516 524 503 426 403 461 487 508 530 524 487 507 499 458 451 480 501 483 487 476 476 485 489 519 514 471 488 487 510 524 467 483 471 454 422 415 473 481 520 508 446 484 483 514 507 513 496 472 527 503 502 478 501 480 473 489 465 463 437 477 488 441 442 448 461 456 469 478 473 447 459 465 478 438 468 479 477 507 529 565 517 519 492 473 459 451 405 442 492 516 537 504 502 509 496 515 472 481 514 464 467 422 436 429 405 416 421 447 479 486 523 522 509 501 496 483 491 450 482 466 491 512 453 448 513 485 448 462 477 483 503 471 431 463 470 449 451 472 480 440 450 490 460 472 464 465 465 477 461 468 478 458 432 448 461 477 418 467 473 470 470 415 432 472 489 490 477 448 429 445 492 472 487 501 487 501 439 439 479 493 463 467 505 471 511 499 482 483 540 506 457 452 483 510 499 537 532 479 471 460 421 440 480 495 493 483 462 486 493 467 511 504 514 523 493 487 527 493 481 486 472 445 454 492 526 475 485 461 511 522 504 478 450 482 496 500 479 427 424 474 495 501 489 551 537 549 481 449 486 493 472 467 456 482 484 477 492 477 525 533 530 544 517 496 474 483 502 541 529 486 485 499 475 529 507 448 457 446 452 467 499 490 440 444 438 425 429 418 432 444 452 511 503 475 475 442 501 478 454 447 428 465 499 527 492 469 441 451 495 516 517 490 456 453 473 454 495 509 518 512 469 450 457 468 456 469 483 516 538 521 512 514 503 506 479 468 462 
vem trace:

stid: 332
spdistance: 1030.81
radio trace:
498 509 549 545 544 530 569 523 513 530 553 516 535 537 528 538 544 543 554 551 541 522 552 545 526 533 522 519 505 531 553 542 571 562 559 543 537 538 547 553 545 522 564 614 567 574 568 567 555 587 574 526 522 554 539 543 573 567 549 536 548 562 549 511 526 547 523 523 520 528 537 545 559 562 536 510 539 536 531 570 562 549 507 520 507 523 565 571 576 564 563 546 517 527 512 534 558 559 572 578 585 558 567 559 536 548 562 574 526 547 570 552 570 556 568 562 567 581 582 550 569 550 551 505 518 541 551 500 510 489 504 529 545 545 517 515 515 564 546 521 525 572 580 581 580 554 560 567 523 494 505 518 503 508 482 513 518 535 530 529 556 537 537 514 529 549 521 526 543 531 529 515 537 520 518 524 575 550 526 508 568 579 549 559 562 550 537 533 505 518 499 542 569 568 539 521 510 514 509 532 526 534 568 564 529 552 531 517 515 518 522 552 555 569 589 581 528 516 529 538 532 527 539 545 553 585 554 552 584 555 522 535 522 562 539 522 538 583 556 546 544 553 580 545 524 527 529 520 539 543 572 571 529 542 568 530 511 535 517 535 520 548 513 559 550 503 530 540 590 541 516 530 553 558 617 587 516 532 544 561 595 611 615 571 536 532 523 501 527 519 538 553 548 567 540 525 555 566 569 544 547 551 559 547 565 585 544 560 543 524 543 546 518 512 568 555 594 570 553 555 549 545 533 534 563 562 543 546 533 529 554 534 545 567 564 533 534 521 504 491 542 548 547 540 532 506 555 566 569 547 560 567 570 556 512 505 481 485 539 545 547 550 533 548 549 536 537 564 578 559 536 514 535 538 545 514 512 540 554 560 556 550 550 562 570 529 554 537 548 544 557 534 520 466 478 506 529 514 542 514 545 586 567 548 545 582 572 552 550 573 559 541 528 539 545 536 586 557 514 490 512 552 532 521 509 546 563 533 536 559 526 514 485 506 534 535 559 558 521 546 553 570 571 561 550 522 518 547 508 542 540 528 527 532 543 545 558 526 513 519 537 527 554 573 570 608 582 536 538 515 546 552 514 512 503 550 538 505 538 541 541 545 567 591 535 529 562 546 535 534 555 517 524 520 530 547 531 517 478 461 486 537 569 572 549 526 549 539 529 545 541 546 569 555 566 548 574 570 553 541 544 542 507 527 546 565 573 554 531 541 539 548 599 605 594 568 586 572 569 554 531 521 535 513 527 546 557 574 554 541 554 549 514 527 542 555 509 520 496 498 489 523 518 513 544 567 528 511 527 547 526 507 544 570 577 570 592 578 589 565 521 542 562 549 545 541 506 519 533 533 532 531 527 549 569 558 531 495 498 519 531 508 516 551 556 559 550 569 551 547 534 561 576 539 538 549 537 571 534 512 529 517 541 521 551 571 555 529 540 519 517 530 506 532 528 546 541 536 572 535 545 565 579 561 511 543 559 576 601 568 536 514 512 555 595 549 496 522 507 530 537 581 553 575 579 524 527 531 569 552 551 563 531 514 508 547 541 581 624 596 596 585 533 535 506 512 533 516 530 571 551 549 527 523 545 542 557 563 579 571 563 573 515 498 500 481 535 572 578 562 573 562 583 593 575 543 552 565 560 587 587 578 526 515 507 527 532 529 548 538 522 553 530 543 549 561 541 520 500 519 548 578 574 550 578 553 595 579 562 551 552 550 561 520 564 557 547 547 561 539 532 526 547 550 577 534 515 526 
vem trace:

