SDId: 34897337
energy: 6.78291e+17
zenith: 0.201845
azimuth: 1.11208
GPSSeconc: 1127697620
stid: 343
spdistance: 475.086
radio trace:
459 475 456 487 485 493 491 492 487 498 484 466 497 468 451 466 470 453 481 488 479 480 506 478 471 455 456 454 453 430 463 454 418 425 458 456 447 457 449 476 505 508 484 483 467 463 470 486 499 476 471 462 455 438 434 430 459 452 473 494 491 482 470 470 490 471 496 470 463 466 448 464 466 480 494 455 459 478 459 460 461 472 463 429 463 466 485 455 483 474 476 495 495 466 470 486 468 452 466 466 464 457 438 455 444 428 462 461 479 476 473 452 462 449 466 465 453 458 470 482 438 446 469 485 431 423 450 457 459 439 456 472 470 445 447 453 451 465 450 445 440 453 466 444 447 451 473 469 489 497 456 450 468 464 467 451 468 435 436 440 431 422 457 468 474 460 434 429 440 455 447 440 451 450 434 457 469 477 479 477 459 454 478 475 481 478 482 474 465 488 476 467 460 460 468 425 402 443 491 482 476 473 450 459 456 468 492 495 483 490 499 504 487 474 461 473 505 486 481 486 497 473 476 483 470 426 436 467 462 468 458 463 469 454 468 461 480 487 520 502 468 451 455 489 457 442 451 483 467 488 451 438 450 460 446 476 505 477 476 461 445 453 469 473 481 457 445 466 470 467 433 440 463 457 459 462 459 467 455 455 485 471 474 483 467 413 425 470 457 450 450 441 467 477 478 481 460 465 489 436 425 443 459 448 461 471 484 468 461 467 470 466 462 458 470 436 474 472 463 437 438 469 433 442 452 447 427 457 491 479 436 457 466 464 463 437 440 455 506 472 455 439 452 464 461 467 453 460 449 472 473 480 475 449 451 460 471 465 426 417 457 491 488 465 463 440 461 456 479 459 445 453 451 450 444 429 464 461 446 470 465 479 477 467 456 480 467 458 489 469 463 463 453 455 441 433 433 456 454 468 456 465 449 436 433 455 452 457 468 499 485 469 461 458 478 484 465 483 491 484 483 488 476 458 435 443 449 446 455 433 460 472 481 466 461 469 462 441 443 466 494 478 473 484 465 466 449 452 453 466 473 453 453 473 502 523 516 480 461 462 467 457 464 464 465 477 482 472 496 507 496 459 473 488 455 457 462 468 452 466 454 451 437 441 425 427 426 443 461 473 463 422 436 453 451 440 481 475 471 469 457 435 450 443 452 436 443 482 480 469 491 496 479 472 453 460 457 450 461 466 486 479 463 475 473 457 446 461 445 470 471 445 451 438 433 464 462 455 459 437 430 438 460 488 464 447 458 466 466 455 472 490 454 457 448 465 481 475 486 488 485 446 464 449 450 445 459 478 496 482 469 452 468 455 445 452 457 461 459 439 456 444 451 476 463 463 462 450 448 474 469 460 460 447 483 517 499 465 455 471 456 460 482 460 452 466 463 493 485 430 416 457 454 444 453 464 449 472 488 483 459 480 467 470 482 476 496 489 466 452 461 449 479 487 494 457 464 433 415 408 425 466 456 435 453 453 450 478 492 467 488 479 476 478 442 449 461 498 501 482 484 484 481 495 482 472 422 440 454 445 439 463 474 468 467 466 462 465 478 463 480 456 464 462 438 435 449 450 445 460 483 464 447 449 461 479 455 449 457 483 484 479 502 482 485 511 480 473 450 470 490 468 464 479 488 480 482 469 478 443 469 466 450 489 492 498 487 449 449 469 464 463 434 462 461 459 447 452 461 477 455 445 469 478 452 465 475 506 473 481 514 508 456 468 478 478 482 472 444 453 442 472 502 506 487 487 447 440 
vem trace:

stid: 342
spdistance: 1189.54
radio trace:
425 421 443 469 446 466 487 490 490 455 447 426 427 449 495 464 460 465 468 466 454 457 459 469 442 454 453 479 457 418 438 429 462 451 439 461 433 414 465 454 445 452 449 465 455 462 432 443 439 454 469 455 440 426 436 427 417 411 411 454 469 479 461 452 465 460 446 450 459 461 472 473 460 450 434 438 448 467 456 451 454 484 489 464 439 429 457 472 485 469 455 471 432 452 470 461 481 481 452 438 430 467 452 473 455 473 472 448 467 468 464 477 458 464 453 434 451 427 418 438 428 456 457 449 460 464 435 457 443 412 405 396 414 428 455 434 420 440 437 436 438 431 430 442 454 447 442 467 450 424 428 459 443 448 428 426 461 455 461 460 450 447 449 453 472 461 460 467 486 464 458 468 451 440 470 461 454 441 448 448 459 448 463 480 470 481 470 469 469 468 479 474 458 456 455 452 474 465 473 433 429 413 418 411 443 443 432 440 439 452 430 444 452 476 448 424 454 439 478 478 446 444 437 433 463 460 459 473 462 444 430 442 453 446 460 455 455 462 452 468 462 439 424 459 464 436 427 426 467 466 466 427 482 459 449 440 453 448 426 440 464 498 462 448 483 517 476 484 453 445 452 432 441 459 457 455 432 444 451 436 437 465 482 468 452 449 436 439 456 486 512 468 497 460 445 449 435 431 438 440 410 418 412 422 452 492 480 476 463 451 444 421 449 489 443 444 420 428 460 482 483 467 442 441 456 456 444 457 470 467 435 426 413 428 431 450 445 460 459 467 440 432 446 451 452 468 470 450 445 471 471 458 435 394 440 441 452 429 431 447 453 485 494 486 479 481 459 466 442 437 432 484 448 457 432 433 417 467 463 456 449 479 496 461 448 460 467 470 442 435 423 450 482 471 468 456 437 464 468 466 451 433 441 450 449 469 449 461 465 472 421 418 434 455 441 406 409 465 455 440 455 452 450 464 475 456 469 460 468 452 416 449 471 462 450 451 458 462 444 443 450 455 453 494 469 449 442 430 444 445 446 474 484 478 469 473 443 443 447 455 453 491 458 449 476 474 445 469 466 499 485 472 475 459 459 422 433 451 426 414 434 466 461 450 441 468 469 468 460 465 474 435 444 470 475 473 486 456 435 444 435 412 416 426 431 428 458 479 474 478 460 438 452 460 426 433 425 446 461 446 442 433 433 467 472 460 468 484 464 453 443 489 486 462 450 460 444 415 421 437 455 479 451 458 494 486 467 461 453 456 432 424 412 403 398 432 444 436 446 459 449 402 431 481 463 455 452 471 467 449 446 450 462 456 464 437 442 435 441 447 460 453 466 521 512 512 525 504 510 498 447 454 467 432 462 444 448 496 451 462 491 481 456 439 434 443 470 486 488 443 457 484 442 434 437 448 477 460 445 450 455 427 414 439 466 466 455 446 433 457 449 450 447 464 477 483 467 477 483 479 460 473 471 444 441 422 418 426 438 429 448 456 487 509 490 463 454 474 439 426 430 462 471 444 453 466 443 484 477 478 488 439 427 440 427 403 412 436 464 456 466 457 465 441 467 455 447 419 463 432 439 449 434 404 404 436 476 449 443 432 424 437 468 466 445 468 474 477 440 433 430 425 421 447 426 406 445 473 464 487 489 446 415 456 452 426 436 459 456 440 429 432 437 418 464 462 440 424 430 434 437 436 495 474 471 483 482 447 454 487 471 481 479 520 501 480 456 455 456 505 493 473 461 454 468 462 444 456 
vem trace:

stid: 341
spdistance: 1032.11
radio trace:
545 491 475 489 503 521 527 507 493 481 477 495 509 544 515 523 506 517 539 509 492 514 547 545 501 515 539 545 539 507 511 497 508 499 532 545 533 538 505 471 440 469 520 565 578 545 514 521 567 539 540 532 516 497 521 521 522 519 505 520 527 528 532 520 503 466 489 442 466 480 480 487 488 465 479 533 557 485 478 500 484 491 488 481 466 468 494 505 541 522 515 541 572 547 529 529 501 522 514 536 540 525 519 517 479 490 497 494 526 533 527 497 481 483 499 512 504 551 526 520 522 525 505 524 475 464 501 521 532 551 525 512 536 551 500 522 518 548 535 526 546 519 522 498 505 514 508 519 500 486 477 465 472 510 519 532 516 525 494 474 483 447 496 521 531 545 569 567 506 482 499 547 565 520 509 526 531 513 506 558 545 550 597 556 533 551 559 543 513 494 498 487 516 539 522 500 514 510 498 489 504 511 513 515 514 511 508 549 489 525 539 532 528 524 516 496 487 456 498 516 501 494 481 544 524 507 501 522 504 508 512 502 487 500 523 502 469 500 525 502 497 509 486 489 482 441 495 575 588 599 544 565 556 541 533 558 563 557 542 511 505 530 538 546 567 550 510 503 507 527 525 508 519 515 505 503 507 526 522 517 528 527 526 566 563 516 533 519 546 558 585 554 522 524 537 553 536 516 484 477 497 520 548 512 511 494 506 523 545 534 559 536 502 487 512 498 497 495 494 528 579 535 487 524 514 517 499 498 508 482 471 456 441 456 487 500 516 519 507 514 506 530 612 627 552 538 518 513 515 497 479 495 484 515 531 528 543 506 489 489 511 495 483 513 497 483 517 522 534 518 537 526 529 523 515 483 492 487 479 502 488 498 503 486 488 502 501 499 482 492 519 541 557 552 516 495 497 527 510 507 513 494 527 502 542 546 504 478 503 554 551 496 468 481 465 470 476 474 447 485 479 451 496 484 493 496 508 520 531 517 517 546 525 523 474 519 487 473 505 523 534 502 475 497 497 485 483 524 557 553 510 525 508 500 486 489 513 477 480 474 476 497 478 486 461 483 518 530 541 511 478 481 468 462 453 485 507 516 497 502 498 479 511 509 499 489 486 444 461 526 507 468 458 521 566 551 525 501 505 496 488 512 483 475 480 517 571 582 528 515 496 478 477 477 467 430 470 488 495 499 484 498 487 499 529 535 553 538 484 492 512 539 525 536 534 533 548 537 543 579 557 569 574 562 591 571 537 484 488 502 522 509 507 532 474 494 482 527 520 488 485 490 489 515 515 523 537 558 548 487 476 476 509 527 528 495 562 563 519 483 508 504 529 513 529 560 541 495 498 487 509 527 529 510 515 518 520 525 485 494 475 480 489 506 507 489 500 554 552 534 492 500 511 534 522 520 525 524 498 501 507 514 508 536 524 511 525 537 533 542 544 534 525 524 502 464 450 495 507 514 536 526 541 521 519 495 489 502 499 549 543 537 488 507 461 475 486 494 441 464 469 515 478 471 500 543 529 530 538 551 562 535 510 524 519 530 509 546 523 530 506 480 511 518 554 536 538 549 505 504 559 550 513 498 538 524 497 516 504 495 556 535 496 504 503 534 539 528 483 492 481 502 497 492 517 513 522 550 528 476 472 487 551 518 503 530 487 479 483 541 559 558 541 545 566 545 516 512 464 460 456 483 486 498 514 533 519 481 483 512 532 575 547 537 494 463 500 545 600 576 577 540 554 525 481 509 526 516 
vem trace:

stid: 341
spdistance: 1032.11
radio trace:
545 491 475 489 503 521 527 507 493 481 477 495 509 544 515 523 506 517 539 509 492 514 547 545 501 515 539 545 539 507 511 497 508 499 532 545 533 538 505 471 440 469 520 565 578 545 514 521 567 539 540 532 516 497 521 521 522 519 505 520 527 528 532 520 503 466 489 442 466 480 480 487 488 465 479 533 557 485 478 500 484 491 488 481 466 468 494 505 541 522 515 541 572 547 529 529 501 522 514 536 540 525 519 517 479 490 497 494 526 533 527 497 481 483 499 512 504 551 526 520 522 525 505 524 475 464 501 521 532 551 525 512 536 551 500 522 518 548 535 526 546 519 522 498 505 514 508 519 500 486 477 465 472 510 519 532 516 525 494 474 483 447 496 521 531 545 569 567 506 482 499 547 565 520 509 526 531 513 506 558 545 550 597 556 533 551 559 543 513 494 498 487 516 539 522 500 514 510 498 489 504 511 513 515 514 511 508 549 489 525 539 532 528 524 516 496 487 456 498 516 501 494 481 544 524 507 501 522 504 508 512 502 487 500 523 502 469 500 525 502 497 509 486 489 482 441 495 575 588 599 544 565 556 541 533 558 563 557 542 511 505 530 538 546 567 550 510 503 507 527 525 508 519 515 505 503 507 526 522 517 528 527 526 566 563 516 533 519 546 558 585 554 522 524 537 553 536 516 484 477 497 520 548 512 511 494 506 523 545 534 559 536 502 487 512 498 497 495 494 528 579 535 487 524 514 517 499 498 508 482 471 456 441 456 487 500 516 519 507 514 506 530 612 627 552 538 518 513 515 497 479 495 484 515 531 528 543 506 489 489 511 495 483 513 497 483 517 522 534 518 537 526 529 523 515 483 492 487 479 502 488 498 503 486 488 502 501 499 482 492 519 541 557 552 516 495 497 527 510 507 513 494 527 502 542 546 504 478 503 554 551 496 468 481 465 470 476 474 447 485 479 451 496 484 493 496 508 520 531 517 517 546 525 523 474 519 487 473 505 523 534 502 475 497 497 485 483 524 557 553 510 525 508 500 486 489 513 477 480 474 476 497 478 486 461 483 518 530 541 511 478 481 468 462 453 485 507 516 497 502 498 479 511 509 499 489 486 444 461 526 507 468 458 521 566 551 525 501 505 496 488 512 483 475 480 517 571 582 528 515 496 478 477 477 467 430 470 488 495 499 484 498 487 499 529 535 553 538 484 492 512 539 525 536 534 533 548 537 543 579 557 569 574 562 591 571 537 484 488 502 522 509 507 532 474 494 482 527 520 488 485 490 489 515 515 523 537 558 548 487 476 476 509 527 528 495 562 563 519 483 508 504 529 513 529 560 541 495 498 487 509 527 529 510 515 518 520 525 485 494 475 480 489 506 507 489 500 554 552 534 492 500 511 534 522 520 525 524 498 501 507 514 508 536 524 511 525 537 533 542 544 534 525 524 502 464 450 495 507 514 536 526 541 521 519 495 489 502 499 549 543 537 488 507 461 475 486 494 441 464 469 515 478 471 500 543 529 530 538 551 562 535 510 524 519 530 509 546 523 530 506 480 511 518 554 536 538 549 505 504 559 550 513 498 538 524 497 516 504 495 556 535 496 504 503 534 539 528 483 492 481 502 497 492 517 513 522 550 528 476 472 487 551 518 503 530 487 479 483 541 559 558 541 545 566 545 516 512 464 460 456 483 486 498 514 533 519 481 483 512 532 575 547 537 494 463 500 545 600 576 577 540 554 525 481 509 526 516 
vem trace:

