SDId: 34593089
energy: 3.15284e+17
zenith: 0.778138
azimuth: 0.27691
GPSSeconc: 1125957085
stid: 333
spdistance: 763.265
radio trace:
431 448 446 429 412 396 424 441 481 461 443 433 407 418 461 481 467 478 468 461 466 475 459 466 446 414 414 441 461 454 447 439 457 437 448 454 448 473 455 440 431 456 441 404 425 434 403 387 387 385 441 472 476 430 444 446 441 448 460 443 448 439 406 411 435 433 447 436 441 427 434 442 455 471 495 478 457 450 450 436 415 401 416 408 432 435 443 439 445 466 476 460 418 428 465 433 436 430 401 393 443 422 436 464 463 439 455 448 476 452 433 462 473 476 446 432 436 443 456 453 447 438 440 457 450 415 430 427 446 465 444 437 469 451 480 477 451 435 393 399 427 402 408 450 428 413 416 445 434 413 451 420 440 454 457 430 434 438 443 428 484 491 466 417 398 381 406 430 409 421 432 441 411 405 399 413 437 431 443 455 446 429 425 418 427 475 490 480 437 454 440 470 477 479 463 431 440 430 427 431 429 441 451 465 432 430 427 421 457 446 445 458 453 439 472 505 457 442 440 464 481 462 495 495 469 441 459 455 445 462 453 448 446 456 473 431 460 455 491 485 472 443 417 448 441 418 409 394 397 429 441 421 428 443 448 467 455 447 458 474 447 456 451 459 471 448 441 442 475 447 425 440 449 456 443 471 456 464 452 399 399 439 455 437 424 423 445 421 434 437 449 450 436 420 432 393 417 422 436 429 405 431 450 459 486 452 463 460 479 445 423 419 420 435 448 440 453 472 430 447 443 431 455 435 441 452 445 473 505 473 460 461 463 466 450 441 442 460 437 412 415 389 421 429 434 452 471 461 454 453 414 426 412 441 439 439 449 442 429 403 424 439 460 455 454 448 426 459 433 434 434 452 462 477 458 455 448 427 440 405 411 454 433 455 476 429 410 440 447 437 454 463 479 449 442 445 435 475 474 462 445 438 422 411 429 462 449 426 402 430 467 483 457 445 463 488 450 449 433 409 451 473 461 450 444 455 442 422 463 485 467 436 453 454 472 441 437 440 450 480 438 402 421 453 450 473 477 454 437 457 472 458 448 444 444 444 435 444 446 450 476 495 466 473 482 495 510 508 481 455 434 437 460 480 451 446 415 416 423 404 439 464 443 450 439 418 442 415 410 407 403 417 473 468 453 447 445 413 427 451 462 446 433 449 461 450 469 488 470 473 454 427 415 401 378 382 430 398 416 413 425 397 462 483 479 467 432 419 433 425 467 477 477 442 435 460 453 412 422 476 491 449 439 438 422 434 461 460 438 446 447 409 392 434 426 446 458 441 437 440 435 381 418 436 434 424 425 430 423 420 452 461 444 465 478 476 443 435 451 457 469 456 473 444 450 462 474 481 441 419 440 429 398 384 426 440 470 492 458 448 433 445 427 453 443 445 456 455 441 456 444 455 450 441 418 431 431 445 426 441 446 466 473 428 394 407 415 438 437 430 461 476 459 465 429 438 413 434 455 449 447 429 431 421 446 440 433 477 482 455 440 457 455 413 430 413 438 402 429 449 416 433 460 452 469 442 412 425 442 452 460 452 437 424 422 412 393 395 446 482 458 436 497 497 461 475 441 451 480 466 463 468 462 445 406 415 418 397 397 455 446 463 462 437 419 427 411 385 391 392 394 410 403 456 452 405 405 452 464 446 452 467 456 446 462 451 425 436 442 424 408 417 402 459 476 462 438 462 460 467 438 428 414 416 451 440 395 405 407 412 417 401 411 415 434 445 454 451 441 423 429 427 431 437 477 440 435 432 
vem trace:

stid: 332
spdistance: 1561.48
radio trace:
544 552 557 548 540 557 551 549 544 564 571 579 540 521 572 545 547 505 516 517 543 545 515 536 517 509 536 559 566 559 573 568 584 532 554 554 533 534 551 537 576 526 519 539 523 513 519 529 504 519 532 525 511 525 527 527 537 534 548 546 553 509 557 551 551 543 523 550 535 521 518 539 551 538 543 549 568 572 559 560 524 506 475 518 513 535 540 535 553 554 534 502 526 549 554 543 530 549 520 526 500 526 523 519 557 568 556 552 519 533 527 548 532 530 567 544 570 568 576 536 536 540 521 534 543 562 519 498 514 510 508 515 526 516 495 523 530 517 516 533 534 521 535 535 540 539 557 527 506 524 512 529 540 564 525 519 534 533 525 543 541 558 536 516 510 505 495 522 527 544 541 556 572 550 539 507 507 509 494 527 548 540 558 578 603 573 519 522 517 488 490 541 547 525 540 566 532 536 557 550 558 564 536 539 570 541 518 549 560 540 502 558 573 545 529 499 526 566 568 533 539 518 524 531 526 520 547 528 493 523 517 523 495 497 510 490 487 510 514 490 541 549 537 517 528 508 556 549 529 520 552 560 571 573 569 557 527 519 523 531 539 532 560 545 518 518 541 514 535 536 540 573 584 559 545 524 510 544 567 551 558 551 549 546 587 584 582 546 541 525 519 535 521 506 518 547 574 567 543 536 518 560 571 561 584 552 552 547 513 523 540 560 535 493 516 518 515 521 547 552 551 529 503 520 468 485 502 503 529 548 545 527 494 496 543 545 523 555 543 571 511 533 510 523 526 538 551 565 569 534 543 521 580 588 578 573 567 536 511 531 540 551 551 548 537 524 519 509 536 514 491 520 511 527 531 546 513 554 572 552 533 525 561 523 491 520 506 531 538 527 522 519 538 507 484 517 522 553 559 548 580 566 553 561 530 521 499 496 537 562 572 575 516 506 526 526 515 489 526 515 562 566 588 546 498 514 542 532 510 513 533 529 481 512 510 519 576 558 527 495 505 489 488 497 548 521 513 547 557 521 509 526 535 510 508 491 519 522 521 525 537 548 530 527 505 510 523 528 554 544 544 563 570 574 567 537 534 550 555 548 539 523 556 544 531 516 520 514 515 512 548 533 528 512 524 547 576 579 554 525 503 517 517 549 529 538 511 540 560 550 527 557 530 522 535 511 531 523 521 481 511 501 548 575 542 578 580 580 562 543 551 548 488 507 513 534 546 537 530 534 507 519 545 599 585 596 579 554 496 517 532 521 493 542 519 502 505 531 508 507 530 542 553 536 505 512 552 561 604 564 575 586 590 582 559 582 543 525 532 517 539 523 528 543 515 526 543 505 511 514 536 514 515 523 537 547 531 537 523 533 539 545 536 531 572 553 505 506 488 519 519 536 528 518 520 526 554 553 508 496 562 569 532 523 528 517 505 532 537 495 514 537 557 543 524 519 537 517 531 521 556 531 538 519 553 566 583 605 562 576 543 537 542 567 575 541 531 553 574 564 547 565 554 556 551 541 554 543 532 520 539 556 569 542 546 519 534 546 557 516 517 539 525 543 523 531 513 532 570 562 539 525 504 495 499 499 521 523 541 539 520 531 531 544 530 550 568 553 562 564 559 573 585 547 524 540 524 496 477 509 555 552 612 586 584 581 548 524 550 551 521 536 514 522 534 568 570 573 571 581 574 530 521 524 538 528 547 506 557 597 544 537 553 562 576 553 567 560 565 546 542 531 537 542 576 562 522 495 
vem trace:

