SDId: 34754026
energy: 8.73733e+16
zenith: 0.690045
azimuth: 4.44364
GPSSeconc: 1126793086
stid: 342
spdistance: 700.442
radio trace:
489 479 445 436 412 426 452 442 470 484 469 439 455 441 472 486 444 451 451 452 469 503 449 454 487 487 458 434 466 506 517 498 497 506 507 481 478 461 491 507 504 491 475 439 479 500 481 490 439 445 440 445 428 424 420 463 462 475 515 516 453 473 491 480 467 457 441 439 458 490 474 480 459 478 480 464 458 467 466 492 498 522 517 473 485 464 476 507 508 461 425 417 430 440 463 443 428 449 457 492 488 480 476 517 482 478 493 518 493 474 462 427 452 460 488 487 447 443 456 469 437 481 486 476 465 481 464 451 451 462 454 447 490 479 499 478 439 449 488 512 490 477 477 450 435 446 447 457 470 479 503 487 451 472 460 418 428 439 429 434 434 451 489 497 461 486 465 486 500 511 511 471 463 469 488 487 464 461 431 458 415 465 471 445 462 461 443 432 414 433 434 435 449 485 455 459 471 495 487 454 428 429 456 458 486 468 482 469 462 475 472 470 478 444 458 462 486 475 473 438 424 433 438 452 495 502 487 467 458 456 475 483 443 438 451 442 423 438 467 425 423 428 480 470 484 474 486 458 427 482 490 466 422 432 484 447 437 445 471 476 500 476 464 471 479 482 510 484 447 477 457 477 486 460 473 440 477 490 500 515 467 424 396 446 448 475 466 495 498 470 476 476 482 464 421 451 510 494 496 480 459 469 469 490 442 486 461 472 474 472 484 453 445 439 452 470 475 482 474 469 509 507 471 479 496 472 456 459 458 448 445 476 483 438 430 435 409 442 463 467 461 477 452 413 448 444 411 442 431 470 457 456 483 486 485 464 493 486 479 468 498 465 483 485 466 467 462 423 475 508 516 495 484 480 497 457 472 459 467 460 458 485 492 478 468 456 453 492 501 505 467 475 468 471 479 486 433 447 428 441 433 438 434 446 456 480 466 436 447 448 481 444 464 464 480 484 479 491 484 505 496 462 477 474 466 466 454 451 443 480 476 473 485 463 469 451 466 436 453 473 440 450 460 468 454 450 434 432 463 486 484 495 486 478 477 443 463 463 456 456 465 460 474 468 487 477 473 435 438 458 448 434 461 487 489 465 465 480 465 447 413 425 432 432 467 479 448 437 456 469 470 459 498 505 509 499 462 464 468 473 481 437 459 447 459 438 430 460 478 464 454 498 475 443 438 427 475 464 482 466 459 465 508 477 465 441 454 453 447 455 458 475 456 474 459 438 437 506 495 493 485 449 457 474 448 439 455 508 531 485 514 495 475 486 496 473 470 466 453 423 471 480 490 471 483 477 454 467 469 440 473 465 454 456 470 482 478 489 455 466 475 469 501 478 458 436 409 360 405 449 470 482 484 485 465 452 435 466 475 477 465 468 473 464 488 498 485 462 449 435 498 516 476 450 440 453 465 456 483 479 447 450 478 461 463 489 509 490 445 445 491 496 476 493 517 528 490 496 523 493 453 456 452 471 462 457 453 447 472 470 455 466 470 434 463 467 459 463 482 496 486 471 448 412 419 415 435 417 423 459 463 453 495 472 476 463 442 427 496 482 469 453 470 498 468 459 513 517 504 448 460 470 479 436 426 420 424 449 448 489 479 471 477 451 432 449 462 471 484 489 492 451 450 456 471 489 509 468 424 443 460 441 452 477 474 462 455 458 456 434 449 486 468 488 486 484 469 466 478 479 457 476 469 460 442 487 470 467 473 473 443 482 499 496 449 428 434 435 445 453 456 495 489 484 469 464 449 440 
vem trace:

stid: 419
spdistance: 761.538
radio trace:
513 506 471 497 512 495 526 512 520 529 512 484 497 500 523 529 539 540 498 487 477 491 458 494 466 510 510 489 515 496 472 480 500 481 463 480 500 512 513 528 553 539 548 504 495 496 478 482 496 488 495 517 534 517 511 499 485 497 520 535 536 554 505 522 491 426 473 482 470 457 495 500 495 521 530 519 511 490 482 495 470 491 508 524 506 498 480 505 492 520 511 529 500 482 513 544 522 488 493 545 506 520 538 486 484 485 469 490 512 480 465 465 473 513 507 502 509 487 532 494 502 441 484 516 496 477 483 504 523 503 522 506 519 468 464 452 462 487 501 503 516 523 519 534 537 480 463 484 422 459 448 458 483 517 472 463 445 448 478 517 510 496 457 501 488 486 506 516 479 483 515 452 484 518 501 503 518 525 528 464 436 409 490 499 484 449 462 478 485 466 476 483 507 511 464 438 482 493 473 501 462 445 423 495 471 496 507 505 541 500 487 486 513 492 484 497 515 477 507 490 460 495 491 457 447 445 486 536 485 491 491 502 508 514 492 511 486 476 484 474 492 524 470 513 481 464 448 417 445 452 461 530 566 503 460 435 485 461 495 514 490 497 491 470 468 477 466 444 449 480 541 551 540 523 519 524 522 517 530 538 536 487 503 462 430 428 435 439 460 471 487 468 497 462 496 441 435 472 507 521 525 513 466 513 522 500 499 429 417 466 456 486 431 458 494 509 524 524 519 497 468 514 548 509 531 553 523 509 501 474 464 456 512 509 507 450 464 504 499 476 487 531 543 535 521 489 490 516 513 447 422 469 515 482 502 511 523 522 473 457 475 477 497 529 508 482 512 541 549 524 500 454 462 453 464 482 501 500 492 508 480 491 536 533 507 468 456 468 494 491 480 489 472 438 467 426 446 498 507 516 493 493 477 474 491 487 462 469 428 478 439 483 527 512 503 484 482 491 536 570 536 478 446 427 488 559 567 487 514 515 506 497 505 525 496 457 481 521 509 513 485 491 568 540 494 495 500 504 508 477 501 490 491 471 468 498 492 491 493 492 483 507 521 557 554 504 488 479 495 484 480 455 480 504 520 544 534 544 533 513 490 480 483 461 495 508 529 515 516 510 530 537 522 526 493 480 488 488 485 432 443 471 479 498 503 526 544 570 517 520 539 526 494 508 472 468 524 504 500 495 545 545 527 503 488 510 533 526 499 503 488 484 503 495 439 495 489 499 504 513 507 529 505 484 471 507 503 475 525 535 524 540 542 552 555 480 435 457 435 479 514 536 525 512 482 489 488 484 475 477 491 468 516 513 497 493 500 505 498 463 482 483 462 503 497 482 482 502 484 478 514 500 503 546 510 542 504 515 501 508 506 511 509 486 529 484 472 482 516 510 501 470 472 494 471 505 498 483 459 453 473 468 471 505 511 477 486 527 494 458 469 472 499 510 518 494 538 506 476 481 516 539 519 499 544 527 540 535 492 499 509 531 484 478 498 504 489 509 486 509 484 483 524 500 513 488 482 489 517 543 538 511 507 488 517 533 558 563 545 531 520 504 509 500 497 466 481 462 513 524 526 494 515 496 485 463 441 501 551 559 528 539 518 485 455 464 477 467 482 498 498 509 545 527 505 481 514 475 456 505 472 471 475 525 515 494 495 508 502 492 520 485 493 488 499 546 517 516 523 514 483 489 482 480 526 491 476 481 483 503 492 459 454 497 473 468 508 494 497 471 507 516 505 486 502 504 529 508 
vem trace:

