SDId: 34723215
energy: 4.86734e+17
zenith: 0.149721
azimuth: 1.67128
GPSSeconc: 1126613527
stid: 341
spdistance: 937.705
radio trace:
472 486 499 490 493 535 504 479 523 493 487 493 482 508 506 486 450 467 513 505 478 462 479 487 496 533 462 480 519 523 513 552 529 511 486 466 468 504 508 528 543 550 513 479 458 450 465 508 534 492 444 481 509 498 458 483 488 490 478 453 441 461 523 500 485 496 466 470 493 489 476 467 496 508 496 497 467 486 522 537 556 541 508 489 469 490 495 510 459 473 484 499 544 573 555 544 551 544 499 490 503 505 522 526 497 492 487 477 496 487 489 489 486 511 513 504 492 477 485 453 501 497 493 488 485 508 491 515 522 507 502 493 471 473 470 470 458 499 499 496 500 495 518 484 497 518 565 564 560 516 513 533 511 509 479 475 471 489 489 507 501 516 531 515 508 531 520 505 530 538 503 490 501 527 475 497 483 507 525 530 517 530 525 520 480 500 538 568 516 504 527 495 469 455 470 481 474 525 536 549 524 528 531 521 519 524 526 491 495 477 485 467 485 491 472 471 526 510 519 536 509 484 474 536 554 524 486 482 537 523 480 497 472 515 505 473 487 522 527 492 503 479 467 472 468 500 488 497 517 542 541 501 475 527 494 497 513 492 439 492 522 546 496 531 509 459 498 496 522 512 483 503 493 491 497 528 512 532 524 548 539 525 515 500 502 514 486 490 529 547 490 497 507 481 491 512 481 514 481 464 482 507 510 478 459 505 511 499 491 507 528 493 500 526 496 548 535 523 509 507 468 469 492 517 527 527 465 460 503 509 512 499 516 506 515 524 499 501 509 500 509 530 528 538 518 505 474 479 499 523 491 513 507 499 510 520 505 489 495 494 510 519 454 464 453 482 511 514 501 537 514 474 456 462 443 477 486 491 507 504 483 503 486 508 515 497 495 521 512 469 486 492 484 484 482 480 444 480 481 528 536 568 530 485 476 482 458 478 486 482 527 555 602 540 504 502 457 477 514 515 502 534 519 499 489 495 447 484 483 498 517 509 503 500 482 477 501 496 490 504 540 544 521 510 477 490 513 512 468 473 486 531 527 478 478 502 526 549 539 493 441 437 446 440 460 474 477 497 495 504 520 496 492 494 518 515 510 495 471 479 521 504 522 509 504 485 495 515 543 559 516 514 553 539 512 476 478 483 470 484 510 495 525 522 501 475 521 544 517 494 494 472 446 453 466 524 522 520 541 502 508 476 468 491 557 508 509 507 453 452 437 442 470 512 523 509 509 515 481 463 469 458 483 510 515 519 502 506 516 519 468 512 528 519 528 517 525 481 525 504 522 506 480 494 521 551 526 496 470 524 492 476 504 515 538 517 516 519 505 522 531 517 514 519 551 492 476 452 472 481 480 459 469 460 507 497 494 511 498 482 456 451 463 486 498 459 467 491 518 521 516 476 498 514 465 464 460 481 500 492 502 508 509 513 546 560 534 527 528 545 514 533 537 529 538 508 443 441 457 477 479 491 505 515 507 504 484 475 493 476 457 473 489 532 572 534 532 503 547 574 536 484 454 509 541 532 478 491 505 556 528 483 513 481 471 505 521 508 516 536 537 520 502 508 556 519 496 470 495 524 517 532 556 513 527 569 536 503 508 471 451 470 464 466 503 517 524 501 445 459 499 545 525 447 443 446 482 493 496 503 479 512 515 495 491 489 532 526 499 463 461 432 457 464 449 456 499 537 523 496 466 498 495 480 511 516 502 506 482 471 469 462 480 479 486 484 441 480 458 466 468 483 479 479 466 474 498 483 
vem trace:

stid: 341
spdistance: 937.705
radio trace:
472 486 499 490 493 535 504 479 523 493 487 493 482 508 506 486 450 467 513 505 478 462 479 487 496 533 462 480 519 523 513 552 529 511 486 466 468 504 508 528 543 550 513 479 458 450 465 508 534 492 444 481 509 498 458 483 488 490 478 453 441 461 523 500 485 496 466 470 493 489 476 467 496 508 496 497 467 486 522 537 556 541 508 489 469 490 495 510 459 473 484 499 544 573 555 544 551 544 499 490 503 505 522 526 497 492 487 477 496 487 489 489 486 511 513 504 492 477 485 453 501 497 493 488 485 508 491 515 522 507 502 493 471 473 470 470 458 499 499 496 500 495 518 484 497 518 565 564 560 516 513 533 511 509 479 475 471 489 489 507 501 516 531 515 508 531 520 505 530 538 503 490 501 527 475 497 483 507 525 530 517 530 525 520 480 500 538 568 516 504 527 495 469 455 470 481 474 525 536 549 524 528 531 521 519 524 526 491 495 477 485 467 485 491 472 471 526 510 519 536 509 484 474 536 554 524 486 482 537 523 480 497 472 515 505 473 487 522 527 492 503 479 467 472 468 500 488 497 517 542 541 501 475 527 494 497 513 492 439 492 522 546 496 531 509 459 498 496 522 512 483 503 493 491 497 528 512 532 524 548 539 525 515 500 502 514 486 490 529 547 490 497 507 481 491 512 481 514 481 464 482 507 510 478 459 505 511 499 491 507 528 493 500 526 496 548 535 523 509 507 468 469 492 517 527 527 465 460 503 509 512 499 516 506 515 524 499 501 509 500 509 530 528 538 518 505 474 479 499 523 491 513 507 499 510 520 505 489 495 494 510 519 454 464 453 482 511 514 501 537 514 474 456 462 443 477 486 491 507 504 483 503 486 508 515 497 495 521 512 469 486 492 484 484 482 480 444 480 481 528 536 568 530 485 476 482 458 478 486 482 527 555 602 540 504 502 457 477 514 515 502 534 519 499 489 495 447 484 483 498 517 509 503 500 482 477 501 496 490 504 540 544 521 510 477 490 513 512 468 473 486 531 527 478 478 502 526 549 539 493 441 437 446 440 460 474 477 497 495 504 520 496 492 494 518 515 510 495 471 479 521 504 522 509 504 485 495 515 543 559 516 514 553 539 512 476 478 483 470 484 510 495 525 522 501 475 521 544 517 494 494 472 446 453 466 524 522 520 541 502 508 476 468 491 557 508 509 507 453 452 437 442 470 512 523 509 509 515 481 463 469 458 483 510 515 519 502 506 516 519 468 512 528 519 528 517 525 481 525 504 522 506 480 494 521 551 526 496 470 524 492 476 504 515 538 517 516 519 505 522 531 517 514 519 551 492 476 452 472 481 480 459 469 460 507 497 494 511 498 482 456 451 463 486 498 459 467 491 518 521 516 476 498 514 465 464 460 481 500 492 502 508 509 513 546 560 534 527 528 545 514 533 537 529 538 508 443 441 457 477 479 491 505 515 507 504 484 475 493 476 457 473 489 532 572 534 532 503 547 574 536 484 454 509 541 532 478 491 505 556 528 483 513 481 471 505 521 508 516 536 537 520 502 508 556 519 496 470 495 524 517 532 556 513 527 569 536 503 508 471 451 470 464 466 503 517 524 501 445 459 499 545 525 447 443 446 482 493 496 503 479 512 515 495 491 489 532 526 499 463 461 432 457 464 449 456 499 537 523 496 466 498 495 480 511 516 502 506 482 471 469 462 480 479 486 484 441 480 458 466 468 483 479 479 466 474 498 483 
vem trace:

