SDId: 34564418
energy: 1.66597e+18
zenith: 1.08979
azimuth: 0.946173
GPSSeconc: 1125710606
stid: 332
spdistance: 914.161
radio trace:
533 518 478 523 545 544 553 538 538 543 547 564 606 583 553 546 518 500 523 503 531 538 562 567 542 535 511 556 551 541 561 557 553 565 565 577 574 572 562 547 548 499 520 549 520 538 512 544 495 514 519 514 535 549 566 554 561 561 579 547 532 527 541 536 522 495 503 501 530 569 549 555 524 511 524 543 498 515 501 466 467 487 480 501 534 541 534 552 540 526 535 505 535 566 520 534 525 518 495 520 504 508 531 536 526 552 551 532 555 564 573 540 537 524 512 491 555 565 562 555 556 539 523 512 507 478 483 501 533 514 512 520 501 508 495 517 503 516 535 587 575 543 515 525 531 541 558 521 521 546 536 570 587 552 549 531 533 531 544 572 562 549 565 578 550 531 483 532 545 505 523 544 568 570 563 556 555 548 537 525 502 514 516 514 519 525 570 507 500 525 511 530 529 533 532 505 522 516 543 572 534 545 566 555 552 557 543 506 532 511 507 487 476 499 549 527 495 513 492 530 509 536 537 513 521 519 493 523 553 539 529 552 542 517 558 595 552 544 554 556 561 544 529 503 472 515 489 465 534 571 579 570 537 503 535 526 528 535 582 591 554 530 532 530 530 568 575 550 560 556 526 538 545 521 528 506 531 564 570 554 529 529 522 568 561 539 529 545 494 500 510 530 559 514 535 526 533 543 534 539 512 559 569 547 560 563 555 558 505 493 539 563 578 576 570 544 526 558 537 523 531 509 496 483 482 498 527 514 560 564 555 525 521 505 504 496 485 494 527 557 572 557 560 569 583 550 560 600 582 548 555 552 580 560 564 551 530 526 516 565 559 545 536 523 508 521 551 491 531 577 547 537 527 527 522 518 536 522 553 539 548 513 546 544 526 531 533 511 512 506 526 523 533 507 529 498 480 507 515 532 505 507 530 523 548 531 511 508 524 538 500 466 500 525 530 538 535 516 515 526 516 490 532 536 580 583 579 544 545 553 531 528 529 542 537 531 505 506 533 515 534 528 489 542 540 543 546 550 528 519 506 497 481 479 475 504 471 504 525 511 537 531 543 533 531 529 508 489 450 475 514 499 515 547 526 508 528 530 532 527 539 538 542 536 553 544 510 507 491 491 519 519 551 572 553 552 515 521 548 535 521 539 523 497 536 540 523 528 534 490 522 542 538 521 561 573 584 532 539 552 553 545 570 573 572 540 549 559 530 519 533 506 513 505 517 544 557 572 565 562 554 548 504 491 505 513 507 497 477 470 491 494 509 518 557 589 558 530 548 518 535 530 522 520 536 534 540 510 509 537 530 542 548 511 502 506 520 556 548 527 550 534 520 511 526 521 516 520 537 528 521 500 537 550 561 546 542 516 522 511 491 494 516 521 511 531 529 544 535 547 554 535 506 493 521 570 569 539 540 558 550 506 556 557 561 545 547 546 566 563 546 535 537 562 531 555 528 529 530 511 490 497 513 498 532 549 535 545 539 545 500 506 540 543 549 532 511 507 548 569 572 546 509 511 510 475 507 517 539 540 535 553 535 522 552 519 493 525 550 523 518 490 486 490 528 523 501 510 507 510 565 516 536 517 527 545 532 536 565 540 549 519 517 499 508 509 532 527 506 523 543 558 564 584 543 529 514 503 557 534 536 557 536 538 532 566 543 511 529 580 591 543 525 534 536 517 521 525 516 526 518 501 510 515 494 476 502 520 553 526 548 511 519 503 527 542 554 563 555 536 546 547 546 548 541 553 570 543 
vem trace:

stid: 333
spdistance: 747.781
radio trace:
415 411 395 387 388 417 446 460 449 446 463 438 410 412 431 461 436 438 443 423 436 426 476 458 436 423 440 440 417 430 427 411 428 419 422 435 438 445 476 439 425 426 388 411 414 387 443 425 414 402 414 404 423 427 415 388 417 431 424 436 401 419 451 429 388 451 459 499 440 421 430 458 471 481 442 430 460 454 467 431 399 391 400 408 416 406 412 389 378 407 472 435 441 427 440 465 443 423 401 420 425 436 428 433 443 438 418 426 453 423 410 419 411 434 477 452 400 420 414 424 441 441 403 422 429 436 423 411 400 418 415 444 424 376 390 402 406 392 402 411 420 408 424 425 439 450 451 451 449 433 436 401 422 444 411 408 427 433 451 467 459 440 424 449 467 472 453 444 432 450 454 428 427 446 435 434 435 434 460 486 431 375 405 432 421 464 487 461 449 440 460 453 426 415 406 448 469 434 429 444 450 487 478 486 457 433 443 440 442 443 442 436 431 458 459 436 435 469 446 463 434 403 383 412 441 398 414 449 459 459 450 469 431 403 379 434 445 452 423 395 445 477 430 430 425 423 437 441 397 445 454 452 432 448 437 412 444 461 425 409 404 354 376 409 407 427 445 452 475 468 414 409 423 432 444 437 430 433 439 429 457 475 484 429 397 408 402 413 432 436 440 429 425 409 443 439 437 445 469 438 436 401 438 474 440 395 392 442 448 446 441 409 402 412 429 421 455 445 428 447 455 448 413 409 415 425 414 383 360 391 412 420 424 419 428 462 446 431 420 439 467 425 435 458 452 451 449 432 418 430 449 445 450 448 426 415 405 411 408 430 427 406 413 437 454 432 413 396 415 413 428 459 438 403 407 404 416 414 454 471 442 441 443 441 464 419 430 434 442 442 456 460 463 442 442 460 437 401 420 401 427 414 397 393 392 426 443 431 424 446 428 460 425 424 410 442 452 435 396 414 414 419 388 389 409 440 447 415 417 456 486 460 428 395 401 441 444 445 461 440 440 402 395 442 432 422 422 419 396 414 428 420 418 409 458 475 470 441 416 423 395 417 423 438 419 396 432 427 459 441 412 399 399 431 454 460 479 461 438 413 415 437 444 446 447 412 395 409 417 436 423 433 468 447 390 385 382 397 411 413 406 435 410 395 413 432 441 425 437 446 433 450 429 428 425 423 388 407 411 419 440 457 470 460 443 431 398 389 385 406 428 409 454 446 434 425 407 412 413 411 444 436 413 406 392 401 420 433 428 456 460 458 443 465 475 483 454 436 460 445 446 488 473 407 401 425 436 435 424 402 417 384 382 423 473 449 442 451 408 437 464 431 471 459 463 460 447 393 406 406 411 390 370 395 406 447 458 465 455 430 442 448 471 455 441 448 447 427 423 439 461 442 444 413 439 468 457 438 430 450 445 456 391 421 410 442 466 483 447 432 421 434 433 452 462 441 455 454 449 466 472 449 430 407 405 404 407 393 411 391 411 422 456 456 462 440 435 457 457 476 466 428 433 442 453 459 423 433 419 400 439 448 442 436 421 437 451 411 368 363 392 384 392 413 433 467 452 438 442 441 434 430 414 448 457 423 412 417 388 384 415 417 422 413 399 420 422 396 434 436 427 432 403 387 390 445 424 416 400 395 442 446 447 451 419 403 396 403 396 429 414 416 400 425 427 424 411 413 434 433 429 423 397 434 440 436 411 428 412 406 403 415 450 457 428 443 396 415 455 455 437 407 401 404 429 463 456 451 
vem trace:

