SDId: 34650864
energy: 3.82579e+17
zenith: 0.258118
azimuth: 0.98826
GPSSeconc: 1126240938
stid: 419
spdistance: 703.518
radio trace:
451 466 493 490 469 476 465 462 471 414 390 371 412 449 444 454 432 469 445 446 456 411 424 434 387 422 430 492 461 441 419 441 442 462 518 497 473 426 450 443 438 426 403 451 432 464 505 491 504 520 493 454 439 433 423 435 484 488 509 495 531 487 507 485 495 473 465 478 490 506 488 471 449 423 475 466 459 473 444 383 383 449 417 445 470 447 425 427 471 476 479 500 498 433 429 447 450 442 446 467 419 436 450 452 444 450 483 489 475 451 468 475 466 458 450 470 474 465 440 421 417 439 455 446 424 399 420 440 443 487 466 477 506 477 457 457 488 488 482 457 430 439 438 439 446 447 439 472 453 428 416 378 413 452 452 459 460 444 444 472 444 422 424 448 493 480 500 446 425 439 515 516 495 466 422 434 442 445 429 419 436 470 485 507 493 499 500 493 498 443 428 430 425 516 484 459 473 521 496 466 464 459 479 482 471 481 421 420 452 473 454 436 461 465 468 451 489 513 495 494 480 459 460 472 492 489 468 475 466 427 439 452 440 426 468 484 524 511 507 511 489 515 484 457 464 503 529 497 494 532 518 496 487 506 504 476 436 453 433 431 486 510 473 486 508 503 467 487 461 449 439 491 473 488 490 507 485 454 438 418 454 488 430 381 425 478 509 473 489 453 453 444 477 499 491 525 482 482 479 511 479 471 507 489 447 418 467 503 460 462 449 431 404 450 462 457 370 409 420 443 442 462 447 455 441 420 472 425 427 430 476 465 477 417 409 427 444 452 460 411 424 422 458 442 395 425 482 469 466 453 438 457 447 439 468 435 472 488 459 469 474 468 488 461 464 463 478 447 436 420 419 449 483 473 480 476 467 444 477 476 483 447 421 460 458 461 472 511 466 465 453 485 468 436 444 458 458 432 440 459 434 443 428 462 491 490 507 499 519 477 412 405 398 420 430 462 476 510 548 543 495 467 448 376 359 413 459 445 453 439 514 522 481 494 441 445 464 455 474 440 491 476 479 448 455 485 488 497 469 508 519 455 457 470 491 485 458 449 460 478 474 461 452 432 416 455 449 475 439 401 420 431 458 444 454 481 487 426 419 443 452 447 464 490 447 432 433 478 481 460 476 448 484 481 484 498 484 502 486 469 480 499 495 456 469 437 463 494 462 388 373 450 495 488 495 461 464 454 443 438 458 423 435 437 477 478 481 472 460 451 418 444 453 466 475 517 513 529 533 481 440 435 441 457 480 487 479 435 475 504 500 487 500 508 476 468 474 484 455 438 453 441 453 441 397 475 501 496 451 435 455 422 431 407 457 460 451 441 435 425 412 434 414 435 447 443 429 454 451 426 420 457 466 463 446 471 450 457 465 497 485 469 408 419 430 454 518 460 459 431 418 465 469 526 516 453 447 436 441 417 469 466 469 462 415 413 426 461 488 496 437 479 419 411 429 451 448 428 436 459 462 402 416 448 516 500 448 469 536 492 458 486 464 445 457 451 415 450 397 437 428 419 431 446 468 504 483 414 428 464 484 483 468 456 448 428 431 437 449 435 442 429 430 442 472 437 453 469 415 452 492 478 451 459 465 476 449 450 460 448 434 463 414 401 428 438 462 447 447 475 466 469 434 429 470 449 465 475 462 504 514 537 510 443 475 476 508 486 497 503 480 427 484 465 460 484 429 451 458 443 383 431 433 452 435 430 444 451 471 458 489 475 490 454 506 502 480 449 438 469 476 473 437 458 457 439 420 397 
vem trace:

stid: 343
spdistance: 887.348
radio trace:
430 465 451 445 462 493 436 442 475 462 467 446 447 429 435 412 399 413 441 441 449 466 468 488 484 427 442 457 466 447 419 429 387 427 445 428 451 476 446 441 448 445 443 421 454 436 441 415 450 477 469 463 459 445 466 453 454 449 435 398 428 441 448 444 444 445 449 459 427 440 447 455 477 470 451 428 446 422 422 435 444 447 420 438 445 427 431 453 467 479 476 456 471 446 408 409 412 432 410 423 418 455 454 446 436 460 448 458 458 459 454 453 484 473 436 446 443 460 447 452 442 439 431 430 424 439 431 425 431 444 455 470 467 459 433 442 427 436 469 492 483 459 459 473 472 483 450 456 453 453 453 436 449 454 467 454 453 455 462 451 431 403 432 438 428 445 463 478 485 499 471 454 422 427 448 416 424 453 478 476 438 437 446 443 460 418 425 450 469 464 446 476 446 426 444 429 411 405 406 429 422 442 444 452 439 407 400 422 426 434 440 430 415 420 409 410 415 433 454 454 437 461 494 486 477 467 469 476 450 473 472 472 470 460 438 450 468 479 458 446 445 451 430 454 443 444 398 439 452 459 485 432 443 428 449 461 477 472 448 438 458 449 435 464 455 443 464 475 460 445 468 487 474 449 439 431 465 454 418 417 440 464 462 472 459 432 454 430 416 425 410 477 465 469 484 485 493 474 477 454 449 445 438 441 437 447 432 413 464 465 486 475 438 428 427 460 461 461 464 476 483 450 417 439 460 435 446 452 439 450 405 422 457 462 468 447 438 461 423 428 429 440 441 426 421 419 422 428 443 480 455 459 415 375 413 454 471 441 429 408 433 445 466 475 472 463 452 448 448 458 477 459 430 447 428 421 397 447 460 470 441 428 434 431 415 465 450 445 463 459 471 474 470 448 444 466 464 469 442 440 440 473 447 446 469 454 458 456 455 428 433 440 455 412 398 429 466 454 432 431 449 432 425 412 402 438 428 474 472 437 435 429 395 409 414 436 441 446 436 436 430 423 446 450 451 454 424 434 432 446 455 422 426 448 492 471 472 480 470 469 450 445 440 452 477 439 459 450 428 423 452 472 442 438 469 443 455 442 440 441 456 444 457 482 463 463 475 482 460 451 433 433 452 430 440 429 416 462 418 440 442 444 486 488 464 466 476 479 467 457 455 452 432 455 439 466 433 435 447 443 473 454 428 427 414 439 445 453 441 451 462 445 423 472 466 447 473 504 473 455 469 445 457 457 474 437 430 449 442 449 462 452 424 435 439 489 475 462 448 429 459 445 465 466 438 413 431 455 449 413 438 447 416 447 437 425 442 462 459 430 441 443 467 437 423 440 449 469 474 463 439 429 428 480 453 463 458 452 460 467 469 445 437 403 421 440 485 476 441 467 453 465 461 459 459 445 453 465 430 424 400 446 466 451 462 475 452 448 445 445 439 446 462 474 481 461 458 469 492 474 425 420 435 458 476 455 464 443 444 440 448 425 439 463 452 453 462 454 453 448 452 470 457 453 459 430 467 435 429 445 454 447 464 443 470 457 468 439 462 456 411 400 431 455 417 415 443 475 490 468 459 475 442 434 446 451 446 449 445 462 460 474 469 433 389 407 448 463 476 459 471 455 437 449 463 451 455 469 453 452 455 466 482 450 464 453 478 497 483 480 463 465 484 499 475 470 453 434 462 439 467 452 454 461 483 488 453 441 447 411 441 459 475 456 415 421 450 442 459 449 445 421 433 449 428 402 430 426 
vem trace:

stid: 342
spdistance: 991.201
radio trace:
439 480 475 443 420 425 416 426 421 427 432 404 394 410 406 401 428 463 461 410 419 409 392 417 418 404 424 437 457 399 378 372 404 363 373 395 392 425 442 403 399 407 418 411 417 396 426 449 447 425 408 401 393 382 406 417 427 396 382 434 443 432 434 434 407 392 410 430 448 442 421 452 446 428 435 464 438 425 409 378 393 387 394 416 411 415 418 417 419 399 434 449 433 421 419 432 416 425 445 441 429 432 417 391 376 375 391 417 408 395 412 436 427 425 424 416 405 414 426 432 416 405 440 419 429 426 437 441 435 406 420 416 411 409 397 380 404 405 414 432 446 429 424 447 441 442 435 434 441 418 395 443 460 449 439 441 432 402 404 373 425 438 408 414 427 439 416 413 402 416 410 405 430 400 420 418 431 425 404 413 387 379 366 385 401 375 391 414 451 444 451 436 405 452 452 428 400 402 407 416 394 410 425 434 420 436 402 387 420 421 445 437 416 412 427 430 418 419 429 432 414 406 448 439 418 412 411 429 404 409 399 387 392 392 388 413 420 426 411 427 434 452 429 431 417 411 422 430 446 479 458 413 448 440 419 434 435 446 427 411 410 424 448 428 422 429 434 413 393 399 437 424 409 429 460 468 439 425 437 423 421 440 443 438 408 403 414 398 425 402 400 403 405 439 465 437 431 451 447 444 435 418 395 399 407 425 430 417 419 455 448 436 448 448 444 429 446 427 405 413 433 406 415 409 387 423 426 458 444 391 396 432 451 422 421 427 417 409 431 422 409 412 426 444 444 430 462 452 443 446 440 403 407 425 426 441 447 451 437 424 428 453 470 445 428 423 416 403 407 433 407 410 421 391 408 419 404 429 439 408 403 426 417 420 409 400 388 416 455 438 425 414 440 418 417 432 422 405 426 422 430 416 429 443 420 396 387 393 397 398 398 419 443 446 420 379 413 396 416 414 425 405 383 382 420 423 432 426 403 387 390 399 419 424 429 447 466 446 420 432 414 420 442 465 461 458 438 401 382 395 417 430 427 444 431 396 413 429 419 426 427 429 420 424 439 417 435 444 428 444 425 427 443 440 455 441 400 414 400 398 443 432 415 461 452 414 410 434 441 439 434 452 423 432 447 451 432 405 397 403 416 429 399 392 415 448 430 398 417 424 422 433 423 416 408 422 433 435 454 414 434 428 411 414 395 425 435 429 428 422 397 399 428 450 449 450 421 437 410 407 395 428 450 451 450 436 419 422 427 432 412 394 406 435 417 431 453 449 403 399 395 434 430 428 404 390 425 417 434 418 420 424 423 396 387 407 415 428 421 437 410 408 379 395 403 432 434 427 402 409 413 407 418 436 434 426 432 444 424 412 394 374 401 397 401 390 385 431 418 392 369 376 386 390 420 462 433 411 397 379 364 362 392 410 436 426 402 403 412 427 431 410 396 413 399 396 368 356 368 381 409 389 404 384 387 366 376 425 398 379 372 379 397 369 401 415 447 434 401 413 417 403 400 380 395 370 377 367 356 364 374 412 401 385 363 386 353 365 382 402 380 359 356 375 404 386 390 393 396 414 417 421 386 359 388 392 395 394 381 373 330 349 395 405 381 365 376 373 355 336 395 388 359 360 368 434 456 458 420 423 419 439 404 411 406 384 426 464 431 397 393 410 383 376 350 352 415 394 380 389 402 386 408 414 426 392 351 360 356 327 364 391 429 428 413 428 442 412 397 410 383 365 378 396 360 382 408 447 
vem trace:

