SDId: 34552106
energy: 6.44344e+17
zenith: 0.650346
azimuth: 1.4669
GPSSeconc: 1125569914
stid: 341
spdistance: 773.513
radio trace:
463 506 502 534 559 532 487 509 481 501 532 546 540 529 515 535 530 481 501 498 483 492 506 494 469 477 489 466 457 454 516 503 509 493 493 537 522 478 500 508 485 508 532 553 507 495 534 490 520 542 538 516 486 479 465 468 498 493 477 476 496 511 492 489 490 481 464 475 453 408 444 460 490 479 493 440 464 460 445 465 468 494 539 542 573 557 505 504 543 523 533 507 484 466 489 475 499 490 474 497 490 482 477 504 506 516 510 527 497 476 466 477 494 516 544 503 470 492 522 521 460 465 524 539 501 438 488 525 537 501 515 514 490 470 481 514 533 565 561 526 497 499 512 546 527 518 472 486 500 483 468 478 474 456 485 539 528 545 509 527 516 518 506 483 499 513 512 480 505 506 488 487 482 489 486 427 423 468 441 474 496 517 505 539 525 485 491 476 476 497 509 518 506 489 523 477 469 481 470 467 466 490 436 468 476 517 481 486 497 502 514 519 500 503 474 486 490 464 454 454 470 493 498 475 455 472 503 476 500 497 536 540 527 496 504 510 474 443 463 491 507 495 532 526 488 442 430 474 503 473 459 468 458 466 488 496 458 479 485 494 465 489 493 479 440 468 478 478 510 552 514 478 463 482 505 502 503 541 500 480 467 502 516 473 499 493 451 459 481 473 469 489 523 470 489 492 469 493 521 500 523 525 504 506 496 478 498 539 546 509 463 452 454 502 510 497 481 507 516 494 463 465 453 470 483 496 512 513 483 466 483 439 474 503 489 522 519 511 491 493 526 540 535 530 497 526 494 519 513 514 481 475 505 523 504 453 454 487 507 497 503 505 500 468 481 469 499 499 465 533 500 471 497 491 425 467 434 464 480 491 520 529 542 514 476 501 480 500 535 506 509 499 527 511 514 471 489 482 459 474 513 524 482 474 473 481 463 484 484 524 519 513 518 556 560 552 497 488 482 462 455 447 476 482 464 488 503 486 484 465 442 446 436 447 456 454 457 438 476 510 514 553 529 505 498 517 518 512 485 494 503 481 470 487 524 512 518 511 493 492 477 495 502 502 489 476 481 480 470 448 446 440 476 488 513 497 518 507 531 522 467 451 461 487 498 444 482 518 482 500 508 483 446 505 489 505 532 490 518 511 538 500 529 522 523 500 500 530 460 426 434 450 455 448 469 465 478 531 501 484 515 513 495 487 487 480 484 449 434 438 468 514 527 521 495 499 479 461 435 441 467 486 468 452 503 531 540 547 501 440 470 492 500 491 490 452 451 487 483 524 555 549 481 483 507 517 551 530 505 481 471 464 474 482 507 456 484 523 514 505 512 498 508 481 518 482 483 460 487 489 477 498 497 499 482 475 458 480 482 450 408 466 486 496 494 501 494 519 496 491 497 489 495 505 492 513 495 506 473 468 475 491 484 489 515 486 494 494 481 494 482 488 502 510 480 491 512 518 511 524 518 481 496 527 497 523 514 522 493 507 548 496 479 499 481 474 456 498 482 493 481 500 500 439 487 519 544 552 512 478 488 495 479 437 447 463 484 479 513 510 517 545 539 495 503 481 500 526 518 496 542 551 499 525 543 497 510 530 522 505 513 511 548 519 489 508 491 465 466 469 466 474 513 484 456 491 519 507 504 510 498 527 536 521 486 482 494 500 468 476 469 475 472 477 492 479 498 490 439 468 487 488 494 492 525 494 453 435 480 484 505 519 541 563 524 509 458 495 504 518 545 501 482 476 500 534 525 504 
vem trace:

stid: 341
spdistance: 773.513
radio trace:
463 506 502 534 559 532 487 509 481 501 532 546 540 529 515 535 530 481 501 498 483 492 506 494 469 477 489 466 457 454 516 503 509 493 493 537 522 478 500 508 485 508 532 553 507 495 534 490 520 542 538 516 486 479 465 468 498 493 477 476 496 511 492 489 490 481 464 475 453 408 444 460 490 479 493 440 464 460 445 465 468 494 539 542 573 557 505 504 543 523 533 507 484 466 489 475 499 490 474 497 490 482 477 504 506 516 510 527 497 476 466 477 494 516 544 503 470 492 522 521 460 465 524 539 501 438 488 525 537 501 515 514 490 470 481 514 533 565 561 526 497 499 512 546 527 518 472 486 500 483 468 478 474 456 485 539 528 545 509 527 516 518 506 483 499 513 512 480 505 506 488 487 482 489 486 427 423 468 441 474 496 517 505 539 525 485 491 476 476 497 509 518 506 489 523 477 469 481 470 467 466 490 436 468 476 517 481 486 497 502 514 519 500 503 474 486 490 464 454 454 470 493 498 475 455 472 503 476 500 497 536 540 527 496 504 510 474 443 463 491 507 495 532 526 488 442 430 474 503 473 459 468 458 466 488 496 458 479 485 494 465 489 493 479 440 468 478 478 510 552 514 478 463 482 505 502 503 541 500 480 467 502 516 473 499 493 451 459 481 473 469 489 523 470 489 492 469 493 521 500 523 525 504 506 496 478 498 539 546 509 463 452 454 502 510 497 481 507 516 494 463 465 453 470 483 496 512 513 483 466 483 439 474 503 489 522 519 511 491 493 526 540 535 530 497 526 494 519 513 514 481 475 505 523 504 453 454 487 507 497 503 505 500 468 481 469 499 499 465 533 500 471 497 491 425 467 434 464 480 491 520 529 542 514 476 501 480 500 535 506 509 499 527 511 514 471 489 482 459 474 513 524 482 474 473 481 463 484 484 524 519 513 518 556 560 552 497 488 482 462 455 447 476 482 464 488 503 486 484 465 442 446 436 447 456 454 457 438 476 510 514 553 529 505 498 517 518 512 485 494 503 481 470 487 524 512 518 511 493 492 477 495 502 502 489 476 481 480 470 448 446 440 476 488 513 497 518 507 531 522 467 451 461 487 498 444 482 518 482 500 508 483 446 505 489 505 532 490 518 511 538 500 529 522 523 500 500 530 460 426 434 450 455 448 469 465 478 531 501 484 515 513 495 487 487 480 484 449 434 438 468 514 527 521 495 499 479 461 435 441 467 486 468 452 503 531 540 547 501 440 470 492 500 491 490 452 451 487 483 524 555 549 481 483 507 517 551 530 505 481 471 464 474 482 507 456 484 523 514 505 512 498 508 481 518 482 483 460 487 489 477 498 497 499 482 475 458 480 482 450 408 466 486 496 494 501 494 519 496 491 497 489 495 505 492 513 495 506 473 468 475 491 484 489 515 486 494 494 481 494 482 488 502 510 480 491 512 518 511 524 518 481 496 527 497 523 514 522 493 507 548 496 479 499 481 474 456 498 482 493 481 500 500 439 487 519 544 552 512 478 488 495 479 437 447 463 484 479 513 510 517 545 539 495 503 481 500 526 518 496 542 551 499 525 543 497 510 530 522 505 513 511 548 519 489 508 491 465 466 469 466 474 513 484 456 491 519 507 504 510 498 527 536 521 486 482 494 500 468 476 469 475 472 477 492 479 498 490 439 468 487 488 494 492 525 494 453 435 480 484 505 519 541 563 524 509 458 495 504 518 545 501 482 476 500 534 525 504 
vem trace:

stid: 332
spdistance: 1970.71
radio trace:
506 516 534 528 551 556 547 548 522 524 538 543 511 513 546 520 519 506 505 514 492 523 508 503 492 518 511 527 494 493 480 483 524 534 532 502 536 539 514 477 461 496 516 521 503 515 484 490 505 494 523 519 538 553 563 527 511 517 519 526 537 569 569 553 523 540 540 525 538 539 528 528 532 541 528 537 561 555 532 542 576 577 529 562 600 559 543 545 540 528 533 551 542 530 538 531 542 555 556 537 533 511 530 525 524 523 521 578 533 531 520 522 563 511 521 536 556 553 526 496 520 527 506 539 554 566 569 561 543 535 510 490 499 521 477 474 541 521 480 532 560 537 537 541 532 508 500 514 532 535 566 535 494 508 513 527 536 577 536 498 485 541 487 491 527 534 554 508 498 504 504 519 536 546 537 531 533 542 536 525 548 517 514 540 580 550 528 513 510 548 581 534 535 548 554 551 558 515 489 477 481 495 512 551 526 516 524 527 527 517 479 486 521 557 552 569 555 533 565 538 561 590 573 548 515 541 551 558 533 495 523 521 517 515 538 532 538 554 545 552 537 553 548 557 558 538 555 553 523 515 508 546 550 540 529 508 507 528 513 536 545 565 568 540 492 489 519 521 528 541 554 546 518 525 543 532 531 504 503 542 534 536 572 486 486 478 480 511 471 517 535 510 519 546 538 544 531 513 516 495 499 482 507 512 509 517 517 540 526 526 560 494 524 526 533 555 489 481 494 511 547 542 482 504 486 528 526 499 517 507 506 515 515 512 544 550 528 520 555 570 524 494 519 536 478 513 555 566 546 548 509 542 535 521 496 484 511 525 523 500 541 561 516 553 556 525 523 520 544 552 553 499 526 548 521 495 515 544 543 527 529 555 559 523 513 526 524 525 526 507 496 518 515 505 537 548 510 532 549 552 525 505 530 542 560 595 601 595 554 536 528 520 527 530 526 540 528 543 562 558 559 557 563 584 585 508 498 497 501 514 505 516 540 529 536 502 489 513 528 547 507 519 511 489 511 516 516 526 535 565 551 539 548 532 504 516 530 489 502 523 511 490 489 517 542 549 530 480 537 563 570 559 542 561 551 527 530 524 517 508 528 563 540 536 518 530 545 542 558 579 555 526 507 502 485 489 512 521 476 498 521 512 506 526 521 503 496 539 523 518 504 516 517 511 526 543 553 563 547 549 519 538 557 571 541 518 506 551 554 544 560 540 525 522 503 498 524 538 492 484 522 531 517 527 536 537 541 546 537 502 495 495 503 530 539 538 529 522 517 492 514 528 510 522 495 545 536 541 527 517 502 505 541 519 533 504 512 523 513 497 538 545 519 512 486 521 534 589 556 547 537 537 529 525 553 554 540 511 507 545 535 526 525 501 546 584 540 480 521 484 524 545 514 488 511 527 523 505 483 505 532 564 531 536 551 562 504 497 471 481 522 547 555 530 528 539 508 528 549 566 573 541 534 538 529 533 505 502 504 511 535 513 534 515 517 500 498 515 509 515 532 507 500 540 553 560 541 546 538 525 537 541 559 573 578 564 525 524 516 491 504 504 507 505 530 550 531 526 538 537 565 546 514 525 520 511 530 534 550 514 540 507 496 505 534 518 468 494 509 503 523 555 553 549 565 575 581 557 527 544 546 535 584 555 509 533 550 550 547 546 494 519 530 565 567 525 485 497 499 489 535 557 556 534 525 499 488 538 561 570 571 557 537 525 527 553 535 494 548 500 485 483 489 468 526 522 529 517 
vem trace:

