SDId: 34814537
energy: 4.10197e+18
zenith: 1.21415
azimuth: 1.61842
GPSSeconc: 1127169643
stid: 332
spdistance: 332.287
radio trace:
523 522 513 530 536 565 529 541 549 537 539 541 556 542 544 535 544 528 543 538 514 549 562 568 561 566 531 565 560 534 528 525 550 568 556 543 569 567 592 585 548 524 508 545 542 579 570 545 535 508 510 525 542 541 573 575 562 566 507 546 540 524 532 531 546 574 562 538 540 550 560 572 556 520 539 557 556 573 591 566 540 546 584 585 575 570 537 558 594 582 569 552 565 579 560 573 571 554 548 534 516 493 514 541 552 559 554 587 563 565 575 573 580 581 558 557 556 550 519 538 544 557 558 562 603 591 536 528 515 534 535 575 547 514 534 531 568 519 511 536 556 551 538 525 520 551 588 572 542 563 545 550 525 564 541 554 585 588 584 589 545 534 544 535 535 527 530 503 528 499 543 550 560 563 555 531 541 564 540 536 537 533 557 555 560 554 542 543 542 518 539 577 572 555 547 564 531 572 604 573 566 548 537 557 578 566 568 551 542 525 566 563 541 535 519 504 531 535 534 562 533 544 575 587 571 549 564 568 592 549 574 582 584 570 539 566 565 533 588 619 601 579 583 558 563 602 559 567 562 554 528 525 538 559 555 575 550 572 557 565 533 541 562 539 540 579 558 535 538 536 542 540 532 547 561 560 561 553 584 576 566 521 542 516 521 525 559 545 526 550 525 543 509 479 531 531 552 544 541 535 545 551 566 589 598 552 517 536 523 522 553 520 495 524 518 552 566 532 563 535 517 512 530 538 542 560 548 566 545 536 523 565 552 550 572 513 527 529 519 505 543 546 581 576 554 545 537 528 546 559 552 538 541 532 527 540 552 542 561 528 553 550 535 523 509 563 563 547 562 525 521 518 559 545 542 554 542 547 575 546 540 534 586 569 589 577 593 583 577 560 586 566 514 563 580 609 568 588 568 594 607 593 578 561 522 551 546 545 552 533 538 548 555 541 535 538 544 576 571 567 548 534 548 555 574 513 546 555 522 519 546 538 565 563 562 547 550 542 514 504 498 522 564 571 532 506 509 547 580 528 508 500 527 510 524 561 601 576 584 563 541 567 593 610 575 572 570 532 528 543 518 541 557 502 491 487 511 536 544 522 523 492 536 555 533 512 512 544 550 515 531 552 585 607 588 556 511 566 582 605 575 554 513 528 548 551 564 601 611 588 547 534 544 555 567 579 561 592 572 571 546 559 581 603 594 540 561 560 544 549 545 545 563 542 557 574 556 537 540 530 543 555 544 560 544 531 494 531 541 542 538 530 538 583 570 565 565 572 568 543 521 551 545 544 549 538 556 537 509 526 550 576 547 520 531 516 523 545 563 568 544 562 550 553 549 562 571 584 577 521 561 540 528 557 563 523 542 575 578 566 594 557 529 534 546 520 546 550 549 521 519 559 569 559 529 552 548 530 547 550 545 541 553 566 560 562 591 564 559 548 541 556 552 555 574 593 551 529 557 557 569 529 545 557 587 595 561 560 560 559 583 586 568 519 545 547 525 557 539 570 574 537 523 517 519 560 570 560 557 557 561 571 569 561 574 573 605 608 597 566 559 554 566 583 594 578 563 526 544 583 583 567 568 555 556 572 560 541 505 505 549 552 540 567 554 553 535 497 511 515 531 542 553 585 602 589 594 547 532 533 573 581 567 539 537 518 567 562 555 576 582 566 587 556 523 543 547 533 534 539 575 571 565 565 572 558 567 584 575 577 574 521 517 559 585 577 561 569 549 554 543 542 579 587 593 577 566 559 
vem trace:

stid: 341
spdistance: 500.907
radio trace:
506 522 517 525 563 547 531 536 531 510 508 521 527 557 516 509 506 524 539 512 503 495 473 468 507 503 501 483 479 462 525 517 532 525 524 519 517 527 516 548 502 523 518 499 503 498 500 522 492 501 478 515 489 475 512 516 588 573 540 544 575 516 535 537 523 546 509 515 505 535 548 514 460 470 503 500 520 556 584 558 517 483 495 569 559 567 551 557 520 513 505 526 521 549 552 529 513 484 478 512 486 499 512 474 482 483 491 451 456 456 469 467 494 470 519 535 542 553 553 525 511 491 532 514 550 554 511 510 506 505 486 490 485 488 497 484 519 552 524 526 543 497 510 483 486 524 530 546 536 517 540 556 567 537 522 514 516 515 525 493 462 461 500 493 507 503 552 557 499 472 458 492 530 531 544 579 586 543 572 537 517 562 550 513 517 483 501 499 518 546 550 526 540 517 516 506 532 526 538 524 507 534 560 553 505 477 456 453 491 514 530 503 512 530 525 537 478 466 487 539 533 513 487 489 472 530 525 539 562 530 526 497 473 460 522 514 487 515 506 500 502 545 554 569 535 522 489 470 490 529 489 453 460 465 493 520 495 515 488 490 484 498 514 509 512 527 521 513 529 527 493 504 475 484 510 528 502 514 537 481 490 482 513 503 515 528 534 522 494 508 511 551 564 528 518 488 480 492 508 543 547 543 539 549 545 514 537 556 551 509 546 499 517 497 481 472 518 527 509 486 545 490 457 432 460 511 536 497 465 520 529 561 593 553 537 551 552 516 501 501 529 524 471 481 528 529 513 494 505 522 559 534 545 516 533 508 530 512 491 512 517 505 549 547 553 534 545 524 506 491 527 542 554 527 506 563 524 498 547 570 543 529 535 542 523 496 514 500 495 476 492 503 473 514 497 472 473 519 528 524 551 545 542 516 536 542 554 544 519 484 478 496 480 503 509 535 517 503 490 483 489 499 524 481 510 527 529 526 518 468 437 479 521 554 524 519 509 507 560 560 497 484 478 512 524 552 506 467 510 519 501 492 527 552 527 488 490 528 514 508 496 523 520 528 532 533 520 521 533 555 542 521 483 504 543 553 566 513 519 536 533 530 551 555 509 499 529 543 537 562 536 502 541 566 544 533 495 497 515 494 480 499 516 529 538 573 550 548 542 493 523 553 549 543 564 549 564 524 530 556 554 526 531 507 497 498 474 520 530 556 516 501 485 505 495 507 522 516 520 518 509 502 522 541 522 519 574 579 550 564 539 572 571 574 561 505 517 534 520 532 535 549 573 538 512 496 463 461 506 522 491 472 520 537 550 532 549 537 487 511 509 513 486 489 523 492 503 485 479 486 510 515 515 507 482 496 502 516 522 521 539 506 519 551 516 530 539 539 546 550 540 518 522 506 495 507 505 524 544 530 500 487 530 568 538 512 530 533 488 506 533 490 478 501 516 535 511 521 512 483 496 498 483 490 478 476 496 544 577 536 544 554 516 528 545 522 502 486 529 516 479 486 461 482 485 506 543 556 572 555 533 535 550 545 521 559 553 547 543 560 474 470 531 526 499 505 522 524 540 548 561 500 475 510 463 492 440 460 468 461 475 502 495 493 564 554 502 513 565 584 602 604 554 533 533 497 503 546 494 514 498 513 515 534 511 508 524 492 529 542 541 519 514 516 496 504 535 514 553 490 473 519 504 501 519 525 519 526 488 469 475 488 465 493 481 512 551 497 521 493 513 514 498 492 490 469 477 544 
vem trace:

stid: 341
spdistance: 500.907
radio trace:
506 522 517 525 563 547 531 536 531 510 508 521 527 557 516 509 506 524 539 512 503 495 473 468 507 503 501 483 479 462 525 517 532 525 524 519 517 527 516 548 502 523 518 499 503 498 500 522 492 501 478 515 489 475 512 516 588 573 540 544 575 516 535 537 523 546 509 515 505 535 548 514 460 470 503 500 520 556 584 558 517 483 495 569 559 567 551 557 520 513 505 526 521 549 552 529 513 484 478 512 486 499 512 474 482 483 491 451 456 456 469 467 494 470 519 535 542 553 553 525 511 491 532 514 550 554 511 510 506 505 486 490 485 488 497 484 519 552 524 526 543 497 510 483 486 524 530 546 536 517 540 556 567 537 522 514 516 515 525 493 462 461 500 493 507 503 552 557 499 472 458 492 530 531 544 579 586 543 572 537 517 562 550 513 517 483 501 499 518 546 550 526 540 517 516 506 532 526 538 524 507 534 560 553 505 477 456 453 491 514 530 503 512 530 525 537 478 466 487 539 533 513 487 489 472 530 525 539 562 530 526 497 473 460 522 514 487 515 506 500 502 545 554 569 535 522 489 470 490 529 489 453 460 465 493 520 495 515 488 490 484 498 514 509 512 527 521 513 529 527 493 504 475 484 510 528 502 514 537 481 490 482 513 503 515 528 534 522 494 508 511 551 564 528 518 488 480 492 508 543 547 543 539 549 545 514 537 556 551 509 546 499 517 497 481 472 518 527 509 486 545 490 457 432 460 511 536 497 465 520 529 561 593 553 537 551 552 516 501 501 529 524 471 481 528 529 513 494 505 522 559 534 545 516 533 508 530 512 491 512 517 505 549 547 553 534 545 524 506 491 527 542 554 527 506 563 524 498 547 570 543 529 535 542 523 496 514 500 495 476 492 503 473 514 497 472 473 519 528 524 551 545 542 516 536 542 554 544 519 484 478 496 480 503 509 535 517 503 490 483 489 499 524 481 510 527 529 526 518 468 437 479 521 554 524 519 509 507 560 560 497 484 478 512 524 552 506 467 510 519 501 492 527 552 527 488 490 528 514 508 496 523 520 528 532 533 520 521 533 555 542 521 483 504 543 553 566 513 519 536 533 530 551 555 509 499 529 543 537 562 536 502 541 566 544 533 495 497 515 494 480 499 516 529 538 573 550 548 542 493 523 553 549 543 564 549 564 524 530 556 554 526 531 507 497 498 474 520 530 556 516 501 485 505 495 507 522 516 520 518 509 502 522 541 522 519 574 579 550 564 539 572 571 574 561 505 517 534 520 532 535 549 573 538 512 496 463 461 506 522 491 472 520 537 550 532 549 537 487 511 509 513 486 489 523 492 503 485 479 486 510 515 515 507 482 496 502 516 522 521 539 506 519 551 516 530 539 539 546 550 540 518 522 506 495 507 505 524 544 530 500 487 530 568 538 512 530 533 488 506 533 490 478 501 516 535 511 521 512 483 496 498 483 490 478 476 496 544 577 536 544 554 516 528 545 522 502 486 529 516 479 486 461 482 485 506 543 556 572 555 533 535 550 545 521 559 553 547 543 560 474 470 531 526 499 505 522 524 540 548 561 500 475 510 463 492 440 460 468 461 475 502 495 493 564 554 502 513 565 584 602 604 554 533 533 497 503 546 494 514 498 513 515 534 511 508 524 492 529 542 541 519 514 516 496 504 535 514 553 490 473 519 504 501 519 525 519 526 488 469 475 488 465 493 481 512 551 497 521 493 513 514 498 492 490 469 477 544 
vem trace:

stid: 343
spdistance: 775.404
radio trace:
459 476 491 502 486 489 470 467 483 481 447 430 440 454 441 449 432 435 427 467 488 467 477 434 423 399 398 436 437 475 486 466 458 458 450 425 445 472 455 447 464 464 475 452 432 471 489 490 469 457 461 452 447 437 440 481 471 464 459 495 468 467 465 457 451 439 436 444 450 475 475 472 489 514 486 460 468 466 460 465 453 448 431 454 455 451 457 422 447 450 422 451 446 446 434 435 471 454 442 465 470 487 515 490 474 469 438 444 459 460 441 436 430 411 418 400 413 435 454 476 467 446 411 443 475 463 466 469 472 466 491 458 432 390 393 417 409 409 448 467 479 466 451 440 476 477 478 479 434 462 454 459 451 439 458 460 466 448 410 424 450 465 446 442 463 472 460 461 458 455 489 472 469 453 447 451 407 433 489 497 466 473 437 446 433 423 409 437 458 454 464 477 447 453 468 462 452 474 442 419 440 454 459 475 453 452 449 458 450 454 453 440 416 443 468 479 467 433 434 442 440 399 426 463 482 497 492 484 478 477 443 467 489 472 447 464 435 429 448 447 451 437 446 431 420 452 452 466 468 463 457 468 448 456 441 450 478 465 458 483 467 438 446 445 419 463 457 454 495 464 466 449 445 458 473 475 454 469 477 471 464 457 444 457 490 475 447 409 439 472 446 441 424 426 438 432 432 437 453 464 443 451 453 465 484 485 466 452 485 487 477 472 483 465 468 443 453 474 492 447 437 459 467 472 473 484 436 436 461 457 450 444 482 475 466 483 490 485 477 460 464 490 480 496 506 468 441 424 438 432 450 434 443 458 460 466 438 469 485 484 459 459 464 478 479 474 449 481 430 425 438 415 416 418 428 438 429 451 455 459 469 421 416 437 451 437 416 447 469 451 427 463 431 436 461 440 436 456 439 400 408 418 399 413 431 439 435 410 458 471 480 475 432 422 424 439 451 449 415 406 418 462 471 481 471 449 458 470 460 484 472 432 422 414 444 454 459 465 424 397 432 419 439 462 469 483 474 451 449 436 444 433 420 460 444 457 438 435 405 435 430 446 463 475 493 488 488 475 468 461 418 462 450 441 431 435 443 458 462 470 418 444 423 428 419 442 474 465 491 468 464 463 447 423 425 451 454 442 467 446 453 442 418 449 452 468 449 446 453 462 436 457 446 473 454 442 466 453 455 469 460 438 448 449 456 458 437 454 458 468 466 448 411 427 473 479 481 482 443 449 446 451 446 471 472 436 402 420 462 479 468 431 432 445 457 466 486 479 468 453 451 444 457 461 479 480 446 459 472 491 502 478 480 445 454 433 426 434 409 432 452 458 445 431 443 454 450 427 440 462 468 468 444 459 480 479 484 470 454 460 495 476 463 446 416 442 450 427 445 427 412 414 438 440 470 458 432 437 449 441 445 451 446 413 445 467 458 473 461 499 488 476 461 435 407 443 431 431 448 453 461 436 478 477 456 430 442 465 485 455 458 463 466 483 441 427 440 472 475 478 487 454 451 468 482 480 481 456 441 450 463 440 440 451 454 429 443 470 465 452 467 416 432 442 453 477 449 425 455 447 429 444 438 429 424 467 444 432 421 457 452 447 462 458 462 415 414 447 439 451 425 429 453 447 442 415 397 438 433 467 442 454 440 453 438 442 448 465 445 470 467 485 481 459 457 439 451 453 468 496 482 440 463 477 459 449 462 486 470 431 441 468 484 474 468 471 473 487 499 481 463 499 473 450 448 440 459 453 
vem trace:

