SDId: 34569161
energy: 1.01169e+18
zenith: 0.392367
azimuth: 2.66378
GPSSeconc: 1125795163
stid: 343
spdistance: 582.89
radio trace:
469 451 429 431 435 431 460 457 435 454 467 453 460 426 452 445 454 468 458 469 463 485 486 459 430 417 416 462 478 461 447 425 428 411 458 451 457 425 392 435 441 439 449 460 423 434 433 431 431 442 446 458 461 468 411 434 465 467 454 416 451 460 463 426 448 436 454 427 447 467 466 445 454 457 412 432 468 474 468 449 436 456 473 437 456 445 447 447 462 438 437 445 475 457 437 414 424 447 430 441 467 431 453 452 462 453 442 464 454 432 474 489 493 467 450 445 437 445 430 450 417 430 433 409 427 421 383 393 405 407 426 416 456 425 413 435 408 416 434 433 432 449 432 438 435 461 434 450 441 403 434 483 460 446 445 438 449 461 461 442 434 447 422 440 467 452 467 426 418 424 433 446 461 492 468 442 469 446 448 442 439 444 448 423 406 416 427 423 422 423 416 436 439 433 439 455 454 457 484 482 462 467 456 464 484 442 436 450 432 447 462 467 467 483 483 490 471 449 456 446 436 457 455 429 429 435 421 437 452 478 481 494 484 447 450 449 464 462 457 463 428 414 434 442 423 433 421 423 454 447 449 455 467 423 448 476 462 429 422 434 425 405 408 402 439 448 459 433 441 444 438 431 427 421 446 463 469 444 441 400 417 440 441 437 424 431 426 449 456 487 463 456 451 421 436 443 424 451 433 453 416 443 454 432 439 452 467 468 480 409 434 417 422 425 420 467 453 415 412 421 469 441 444 452 448 471 452 453 445 446 452 452 428 422 464 445 431 460 416 406 442 438 460 454 447 462 450 411 426 444 437 420 416 432 448 432 426 423 434 419 452 457 460 449 424 400 433 442 460 451 456 440 460 458 455 482 461 444 459 429 442 432 434 443 437 432 451 473 468 439 446 456 474 476 450 444 447 452 448 433 463 464 444 436 416 442 455 446 443 468 457 434 417 436 400 417 453 444 443 426 451 443 464 472 469 445 473 431 412 410 429 432 443 463 442 444 478 468 476 463 473 468 460 448 453 443 441 444 445 433 436 439 406 426 436 443 439 422 460 446 429 435 448 406 419 424 436 457 460 428 416 388 421 425 414 401 412 419 413 433 413 407 434 472 466 468 478 476 477 482 459 438 415 449 441 463 477 456 435 450 454 456 456 402 440 452 440 425 404 430 438 441 433 428 454 455 450 444 426 458 494 472 453 456 482 467 451 440 444 411 424 444 467 431 443 449 437 449 466 444 419 371 399 406 421 412 420 428 444 462 426 440 448 462 471 458 456 439 436 405 410 450 450 439 447 450 449 435 395 412 471 473 435 425 456 442 464 465 440 419 449 446 426 460 455 457 428 449 455 474 462 475 471 451 458 452 433 458 466 460 445 439 428 424 426 467 465 462 458 481 477 491 478 448 448 476 476 466 448 440 438 431 456 454 420 438 452 446 454 458 462 449 454 427 442 461 440 445 430 436 439 434 447 408 422 466 477 483 460 460 431 429 442 437 410 429 449 471 472 449 413 438 430 462 467 446 437 451 440 452 450 475 466 466 479 468 456 434 442 448 446 417 445 442 451 438 423 450 455 437 454 460 457 464 482 470 410 415 422 454 456 475 467 462 450 459 434 486 485 436 401 374 369 407 421 409 426 436 454 456 434 414 410 449 447 428 433 415 401 379 402 409 444 447 465 430 428 478 505 470 451 422 407 409 420 403 385 430 431 451 451 460 404 400 445 430 418 395 419 438 450 465 440 445 431 452 446 457 
vem trace:

stid: 419
spdistance: 1462.26
radio trace:
451 474 483 454 450 492 496 478 498 488 427 436 465 485 449 415 416 394 410 388 444 465 477 522 526 499 472 480 466 464 493 478 458 405 470 510 478 447 496 509 510 465 441 466 429 398 441 413 442 466 444 449 486 519 486 488 486 479 474 475 455 445 448 479 504 500 422 451 465 455 419 437 470 496 476 507 467 432 413 403 419 413 431 413 456 471 446 476 537 519 479 472 447 445 422 444 426 432 445 448 423 437 422 423 440 439 506 489 469 483 478 427 420 459 499 487 488 496 492 478 408 443 463 503 489 440 410 420 464 455 471 457 453 466 440 466 495 430 474 486 449 452 436 450 473 465 449 451 451 481 446 480 456 463 443 476 514 495 459 449 496 516 486 431 443 427 466 502 482 495 467 443 461 434 415 420 460 456 468 479 500 504 466 429 433 416 459 453 431 450 437 440 464 437 435 481 480 471 460 447 428 447 411 456 512 451 449 459 467 471 456 484 436 427 477 500 511 515 495 465 481 470 417 458 474 434 419 457 467 472 498 477 457 458 423 425 455 497 506 510 454 449 451 444 456 477 498 509 509 421 412 469 486 449 477 477 465 459 460 474 448 414 440 480 448 448 458 451 488 486 493 459 477 486 449 453 440 417 419 477 473 472 484 495 467 438 477 480 447 437 377 414 453 475 470 510 515 495 486 473 486 409 412 430 439 442 470 471 446 489 455 444 491 501 513 499 497 465 437 446 456 479 438 449 445 437 471 477 470 458 491 438 441 432 437 457 454 425 455 462 435 416 464 490 512 485 466 468 495 535 546 463 477 489 495 513 514 424 454 457 473 481 475 452 402 396 411 434 422 423 445 428 373 428 447 404 415 462 451 432 422 431 407 398 447 509 457 451 434 431 464 477 472 432 444 476 477 460 445 443 411 439 472 482 516 504 493 461 451 466 456 512 488 484 482 482 478 498 455 461 463 458 419 448 476 457 470 469 481 455 459 492 480 493 533 521 500 466 466 509 488 429 457 447 474 491 477 472 468 485 472 523 534 502 492 439 470 425 424 458 521 514 504 493 458 449 436 473 469 498 465 460 459 462 510 508 513 456 443 462 458 453 436 448 446 476 494 526 511 468 502 469 492 456 456 481 469 469 507 499 546 512 484 511 534 493 490 460 434 466 490 493 464 478 424 403 443 443 451 442 456 493 455 439 463 461 477 477 427 457 469 470 468 441 443 440 402 419 434 414 448 432 479 480 469 442 461 453 459 462 496 486 478 477 467 515 480 444 457 424 404 466 499 412 451 493 492 444 437 440 418 434 474 458 455 417 376 430 449 461 441 428 421 478 475 450 489 499 497 481 478 476 471 461 418 464 498 441 424 435 436 484 513 496 473 417 437 456 458 491 512 484 465 449 442 500 479 494 511 510 491 493 490 491 470 471 512 448 443 444 433 427 481 480 512 485 498 469 488 499 473 467 430 402 385 412 436 414 423 458 478 436 444 473 454 456 466 460 457 476 477 458 478 461 496 507 504 481 479 492 468 464 428 459 429 439 461 486 456 458 457 463 484 486 476 459 515 503 488 462 477 453 464 456 468 458 482 478 450 418 482 498 423 434 495 533 511 485 487 502 490 463 463 490 470 446 445 439 452 449 463 441 421 454 465 504 465 446 459 459 481 458 469 470 508 529 493 485 459 449 478 464 480 449 487 488 465 470 445 482 460 478 439 446 393 469 465 463 517 483 496 472 447 440 459 448 422 424 
vem trace:

