SDId: 34857321
energy: 7.06744e+17
zenith: 0.771479
azimuth: 5.90122
GPSSeconc: 1127447727
stid: 342
spdistance: 753.787
radio trace:
394 416 415 433 435 418 420 403 406 433 435 438 468 436 431 427 427 452 452 448 440 430 438 444 450 429 441 439 457 449 424 420 443 459 481 444 435 435 435 434 442 462 460 446 437 438 421 413 412 408 404 449 466 463 416 428 452 411 391 438 442 449 457 456 434 390 389 430 432 431 430 450 448 425 413 438 430 431 442 428 415 426 452 458 427 418 446 467 467 460 463 439 407 427 463 472 475 448 409 413 408 424 434 437 447 445 420 435 421 460 459 424 429 438 425 439 432 438 439 457 460 462 422 437 452 428 430 421 445 437 470 447 457 443 442 461 476 459 427 415 434 459 470 467 424 417 422 436 437 410 425 433 420 438 466 446 439 458 484 470 474 473 462 459 455 451 471 450 431 451 450 439 437 417 383 429 414 416 433 438 468 440 410 453 465 477 478 439 427 425 422 419 414 438 447 449 406 424 449 471 473 446 430 454 441 454 442 451 420 434 441 460 412 420 448 455 432 424 424 425 406 408 426 444 452 450 465 479 445 444 437 455 471 455 468 453 441 465 457 434 418 415 409 421 431 411 422 402 416 418 408 420 426 445 444 410 417 423 447 449 442 458 466 455 460 466 468 446 424 390 431 435 454 487 502 489 497 473 494 454 471 458 434 439 441 473 442 441 423 423 399 415 426 461 496 475 468 449 423 397 434 426 422 426 430 422 394 421 444 465 437 460 426 408 392 375 388 410 399 395 423 425 435 436 446 436 448 424 429 448 457 452 460 467 449 428 441 464 442 433 445 421 425 397 410 436 455 451 441 428 420 421 456 440 447 429 412 414 448 427 424 434 461 470 460 455 456 442 445 431 432 462 460 431 410 429 419 423 435 426 448 448 444 429 426 448 481 463 429 428 458 458 449 445 442 418 396 409 406 434 436 452 469 424 452 433 440 456 445 440 415 405 426 450 442 434 456 462 452 456 429 430 455 457 443 455 431 407 431 455 443 418 417 445 462 441 444 454 433 435 433 438 451 442 450 444 439 442 442 418 439 487 472 430 411 399 393 427 432 445 429 430 398 427 459 442 435 417 402 415 403 432 452 448 465 470 489 496 484 434 418 421 429 424 442 445 445 480 453 434 431 425 429 400 424 466 483 474 463 449 440 443 441 433 430 457 477 472 452 448 446 441 446 452 467 472 450 416 388 419 457 452 456 449 442 409 401 429 436 443 464 465 451 450 439 444 435 437 468 437 417 447 460 421 381 390 406 424 414 414 442 471 463 425 430 463 486 487 467 456 432 430 438 471 471 443 448 466 448 438 444 459 417 416 402 430 457 464 450 434 405 407 418 417 427 427 426 442 442 459 452 417 428 463 489 464 431 394 407 432 459 448 403 429 428 459 466 474 466 439 459 477 462 452 442 446 459 451 480 452 489 469 452 431 433 461 461 422 423 409 395 415 416 437 431 434 456 470 442 473 434 434 426 439 424 421 444 427 426 428 416 423 445 435 429 415 402 401 397 411 440 458 421 427 472 471 448 442 473 481 479 470 467 457 460 459 440 447 483 455 434 416 403 411 434 439 464 458 446 427 448 449 424 426 441 420 425 452 452 454 474 453 411 376 410 435 434 421 417 415 432 417 441 456 433 412 418 422 442 426 423 421 431 438 443 449 447 427 439 434 392 408 417 442 432 434 434 427 440 422 420 430 439 427 412 415 392 418 456 458 427 428 453 460 469 469 432 412 418 434 457 464 451 456 449 432 429 427 
vem trace:

stid: 332
spdistance: 750.801
radio trace:
574 593 565 550 549 572 576 589 577 557 539 558 580 585 552 563 569 579 588 577 494 519 556 550 546 562 545 545 555 568 538 560 555 544 549 545 569 570 540 556 554 565 573 576 549 503 521 525 545 563 558 584 548 571 577 590 548 536 541 536 562 555 522 554 536 561 557 561 579 567 555 573 543 541 513 533 525 506 517 555 556 561 542 554 580 563 535 548 532 514 550 524 536 546 555 561 575 556 573 580 564 539 548 560 546 564 553 568 544 553 536 548 570 568 536 561 577 537 536 550 570 578 541 545 576 584 583 587 565 554 538 527 565 600 585 561 557 577 574 582 579 560 526 556 553 540 573 542 533 526 544 558 576 560 556 560 550 535 570 595 545 508 549 572 580 557 543 546 571 569 583 546 561 535 556 583 551 564 576 604 556 550 560 548 540 567 573 549 563 541 561 567 562 525 513 479 488 521 538 560 520 540 551 533 563 537 537 542 574 557 549 583 557 554 537 557 593 564 559 526 514 495 503 521 519 525 514 525 530 541 567 541 550 534 513 498 500 547 574 604 558 556 545 561 606 596 581 578 553 530 547 574 595 576 547 538 525 503 507 522 541 553 585 589 578 593 571 574 570 591 588 595 553 548 526 512 503 557 517 496 516 501 473 527 535 528 547 548 528 532 548 557 578 610 569 568 554 544 549 597 615 599 586 579 587 562 504 486 503 508 490 487 515 532 552 558 540 548 558 578 548 508 553 571 568 568 563 577 572 577 583 579 579 594 590 605 576 561 532 532 540 530 541 534 559 534 558 569 590 565 561 542 557 540 555 570 576 581 587 561 561 512 537 548 567 571 534 517 514 530 539 550 550 517 533 565 540 537 512 544 575 535 571 558 545 523 555 555 520 567 554 592 545 522 511 513 474 522 497 505 522 533 527 535 522 513 503 504 504 546 545 513 495 493 501 535 527 543 540 556 575 573 586 558 563 581 564 578 531 529 551 533 529 529 551 527 524 532 543 552 564 602 602 568 548 558 526 531 539 556 555 551 557 571 577 554 526 528 512 530 540 531 502 508 548 528 532 534 563 540 531 508 533 557 576 578 575 522 542 518 528 550 572 576 568 604 597 581 572 527 524 557 532 548 551 564 543 566 552 566 531 525 541 545 558 574 583 520 539 562 523 523 533 529 536 525 567 539 532 525 551 526 552 562 585 548 555 538 512 525 541 542 527 560 578 557 547 563 575 538 524 550 559 535 535 556 574 619 562 507 521 525 542 531 514 528 558 567 540 575 551 560 568 558 557 546 504 503 522 528 563 520 575 533 524 537 548 544 493 492 543 522 557 537 500 499 521 533 559 559 563 574 573 557 546 528 546 548 585 568 566 562 539 550 553 540 537 513 534 563 548 563 543 547 565 542 536 539 523 538 567 549 555 573 546 540 531 531 558 571 594 569 570 562 591 569 561 559 550 513 554 518 551 589 562 564 571 532 555 581 517 526 573 565 551 557 563 558 560 548 540 545 549 558 562 549 541 522 542 556 566 574 554 551 545 562 560 540 543 538 550 543 542 529 558 590 571 557 541 551 555 556 585 576 588 578 552 536 536 548 557 561 566 536 539 531 543 544 542 575 553 545 552 568 575 586 580 550 527 526 535 537 540 546 555 585 561 518 519 540 527 554 548 566 583 587 555 551 569 559 524 550 556 551 517 579 599 583 555 535 554 578 559 573 553 542 552 542 554 537 563 569 538 523 515 554 539 550 
vem trace:

stid: 333
spdistance: 864.526
radio trace:
446 446 443 483 495 455 441 461 478 456 431 434 416 395 440 480 436 446 444 439 432 460 453 430 433 425 472 457 484 434 429 425 464 465 446 464 446 430 434 441 440 440 446 462 464 466 442 426 422 431 441 445 437 463 439 431 443 434 418 411 421 418 443 430 423 425 448 438 441 425 437 398 406 412 428 447 421 407 443 414 428 441 443 411 451 473 489 491 462 428 417 439 474 474 457 483 467 484 450 421 407 453 448 468 481 471 490 442 414 444 476 443 409 427 404 439 425 431 431 457 464 441 419 416 432 419 396 429 420 409 406 452 462 444 455 452 432 422 387 408 472 448 443 476 445 447 432 413 433 467 467 436 436 472 452 478 454 457 469 451 425 424 430 442 433 444 460 450 397 417 392 418 444 424 429 414 419 422 454 437 470 468 464 459 460 436 444 455 470 452 418 445 446 450 398 396 411 449 457 455 443 444 453 459 437 465 467 481 462 414 443 417 436 441 449 435 429 451 457 428 438 439 456 443 469 478 432 440 440 432 439 419 416 406 382 381 393 417 434 410 443 438 445 407 411 421 406 421 434 395 431 442 440 472 435 403 425 466 451 444 466 440 421 440 455 446 452 439 407 423 438 443 439 442 476 448 455 452 446 452 422 432 444 454 441 425 421 422 463 463 464 476 467 435 425 420 444 430 423 396 408 400 385 391 435 432 455 449 449 436 463 453 464 442 469 475 490 470 407 398 436 438 454 468 458 443 407 404 411 414 417 455 450 426 434 419 412 407 435 421 421 472 461 419 415 450 430 423 423 446 455 466 477 439 451 442 420 408 435 441 444 434 424 421 436 446 442 462 461 483 431 422 442 434 475 463 438 451 452 424 404 448 473 482 470 426 432 415 402 430 410 448 452 448 463 454 458 443 417 423 419 438 444 460 426 420 472 454 434 424 435 468 430 420 392 438 417 445 438 449 442 442 468 467 449 431 449 439 456 427 394 385 433 476 451 443 443 449 391 427 454 447 470 451 427 452 470 465 471 483 500 469 474 451 432 454 437 464 447 455 471 482 498 467 430 435 431 436 431 464 465 457 415 405 412 434 443 440 465 446 436 458 462 462 411 406 414 407 415 449 438 447 423 413 406 431 456 445 453 440 467 471 446 441 459 451 457 490 425 411 414 438 452 446 439 447 455 462 470 464 452 420 410 433 459 425 397 414 446 458 421 450 461 446 454 422 458 443 443 460 452 463 478 453 416 445 421 434 428 436 411 431 444 424 433 438 428 442 405 416 426 438 454 448 436 446 465 467 428 472 441 419 436 439 451 455 425 433 439 442 444 419 426 465 487 429 448 458 449 444 452 439 434 425 412 436 450 455 465 467 424 448 416 395 419 456 485 478 480 463 453 476 462 457 467 445 433 441 436 434 433 448 452 482 455 452 454 472 421 426 452 458 427 435 405 422 418 396 390 440 424 422 411 409 439 447 469 484 464 446 432 437 442 425 400 405 414 428 460 436 424 428 433 432 457 419 415 414 437 446 457 452 444 483 480 452 431 432 442 468 449 407 430 397 388 397 396 399 422 466 439 455 438 434 435 477 472 486 493 458 457 467 472 455 487 476 421 424 429 452 464 435 429 456 478 468 462 450 472 462 472 449 441 425 428 466 463 426 435 440 439 455 436 454 422 400 379 424 445 451 473 454 437 471 474 430 453 481 471 477 484 479 438 445 439 442 436 423 415 425 396 387 390 429 403 408 412 420 
vem trace:

