SDId: 34742432
energy: 2.69024e+17
zenith: 0.663017
azimuth: 3.87185
GPSSeconc: 1126725255
stid: 342
spdistance: 689.944
radio trace:
472 477 470 473 459 460 457 469 484 452 449 463 473 479 473 488 480 476 465 410 451 480 452 449 488 504 555 526 484 520 520 460 482 477 478 428 440 458 461 434 470 469 489 429 431 423 474 472 500 500 491 497 491 496 493 496 486 487 507 500 495 471 468 487 517 500 527 505 511 495 532 520 483 470 481 462 490 499 495 459 480 475 458 464 451 455 502 531 537 504 496 492 504 506 492 489 485 473 482 474 454 443 439 481 519 523 486 486 450 475 481 498 482 477 433 463 489 495 486 483 482 479 476 465 492 494 513 526 510 486 478 459 460 455 469 445 454 451 455 478 461 506 525 510 499 485 432 441 475 459 445 494 486 489 451 439 477 495 489 482 498 485 508 495 514 507 463 470 509 512 502 522 525 488 468 454 463 489 481 461 485 482 448 471 505 509 515 472 474 498 492 456 478 484 496 511 499 495 476 507 505 496 470 431 439 430 430 463 488 496 495 473 483 481 483 513 510 492 457 442 447 472 456 479 509 506 502 539 492 452 461 499 457 474 475 459 464 498 434 458 483 472 474 484 510 516 496 471 454 452 494 456 422 428 433 434 448 451 469 479 464 456 472 477 488 496 516 484 458 442 487 483 483 470 438 451 441 426 460 472 519 526 502 457 478 476 449 470 463 452 449 473 447 452 487 455 455 451 463 462 460 462 466 437 447 470 501 501 478 493 509 504 493 483 512 490 490 512 503 464 489 487 459 397 403 409 451 473 459 462 483 483 488 500 480 461 462 450 489 442 437 460 459 464 454 464 482 459 483 495 469 465 505 511 488 465 477 505 494 485 475 486 511 494 498 481 467 450 460 473 471 484 489 488 476 480 503 456 457 452 450 425 435 441 441 433 453 462 500 514 510 488 473 493 501 494 502 491 469 475 476 495 483 491 505 488 488 470 495 481 483 436 449 469 457 479 486 500 540 515 483 496 501 510 505 477 487 495 473 493 493 520 546 550 508 489 461 470 475 505 454 486 482 482 435 433 455 438 455 475 433 475 475 476 498 488 488 468 436 455 478 482 470 453 469 516 522 511 507 495 473 471 489 484 492 482 478 472 501 506 498 481 448 484 517 504 537 524 517 499 486 449 417 472 494 482 485 506 490 466 447 463 454 464 486 480 500 456 417 436 454 495 517 523 480 468 479 497 503 468 454 466 466 459 460 424 451 503 496 509 473 470 503 503 502 508 495 476 489 511 526 531 499 504 491 471 486 512 510 482 472 474 486 509 521 513 530 483 482 474 508 536 517 532 513 497 489 510 475 471 473 452 442 460 432 466 480 488 500 495 480 483 489 473 495 469 492 484 452 477 490 495 465 452 465 463 476 483 476 466 468 482 488 487 467 466 458 443 484 481 499 484 460 515 502 515 524 508 485 491 495 498 492 481 495 492 517 501 474 490 493 488 456 440 439 465 516 485 483 477 481 456 483 488 487 495 482 468 453 456 456 452 477 467 489 462 429 477 459 434 445 446 445 481 478 470 484 485 461 444 460 463 496 497 513 489 460 503 487 465 485 479 472 471 469 444 456 459 474 470 487 498 506 523 521 524 482 438 482 475 462 489 476 522 514 480 484 477 472 479 479 460 480 485 482 494 479 455 480 482 455 461 478 443 459 489 494 495 465 452 468 471 495 478 452 502 507 477 450 461 477 496 503 481 459 444 496 449 450 479 482 501 492 494 499 477 492 489 494 489 459 495 484 507 494 481 485 470 
vem trace:

stid: 343
spdistance: 848.984
radio trace:
492 485 478 510 498 481 489 509 513 493 477 474 483 482 495 516 522 497 510 459 461 438 438 490 490 500 503 505 488 480 464 469 486 503 489 501 479 490 506 498 505 498 486 478 494 510 505 512 496 508 494 505 505 502 499 489 469 494 486 472 475 498 495 483 510 502 510 518 506 510 523 512 520 518 520 502 473 487 475 501 495 515 504 491 496 482 472 479 496 491 478 488 499 480 490 518 483 489 483 510 499 481 498 469 488 484 480 474 470 440 467 472 501 498 502 508 491 475 498 478 480 502 487 488 482 492 508 505 508 501 494 520 518 483 486 506 497 503 530 527 519 476 485 473 487 513 467 453 445 463 483 505 492 495 490 471 476 505 516 518 468 481 501 468 477 492 497 521 514 487 487 468 474 462 459 480 472 459 482 483 509 530 526 499 477 466 471 505 483 464 466 477 513 488 470 475 475 497 494 486 496 488 463 459 476 488 512 485 482 458 484 497 504 543 523 489 503 499 493 474 477 470 458 486 461 445 459 485 499 467 454 483 473 480 477 486 479 480 489 490 493 485 487 500 494 510 496 477 483 497 505 474 492 491 497 515 463 459 470 480 489 466 443 428 451 474 494 466 458 478 505 516 512 499 480 456 469 480 457 474 471 451 468 480 453 471 494 486 519 492 492 461 467 481 482 480 488 502 488 476 487 500 477 500 480 459 472 477 462 469 452 483 486 475 489 492 476 495 503 499 485 509 476 441 471 458 459 462 470 462 440 421 448 448 482 521 517 492 494 503 470 478 476 453 481 500 487 460 447 469 497 480 479 469 474 492 439 476 490 470 459 474 476 477 471 465 460 480 477 498 495 493 500 461 461 464 467 484 491 473 469 450 450 443 467 496 503 504 484 479 476 476 469 470 474 514 500 510 499 494 514 494 471 480 473 493 486 474 490 485 475 453 467 495 515 507 496 488 493 478 469 489 477 474 490 470 489 480 496 509 508 494 503 473 479 466 472 479 491 481 484 470 481 461 470 479 494 490 462 488 502 481 471 458 465 467 487 464 457 486 464 479 497 502 482 473 465 461 489 491 497 494 467 484 477 464 467 476 476 459 438 489 488 494 498 466 483 491 493 483 495 492 474 486 497 494 502 503 486 488 507 490 505 503 485 518 505 505 486 502 505 484 487 499 471 464 462 486 501 492 475 458 469 488 490 500 483 466 453 442 461 446 472 460 472 492 458 462 488 479 480 467 477 451 454 453 425 476 509 518 494 487 488 497 489 462 468 478 454 470 474 470 474 469 483 487 501 490 475 485 488 474 441 451 470 484 469 463 470 497 509 504 504 498 487 479 479 482 489 470 470 503 499 503 502 485 500 506 508 505 502 505 534 521 496 495 480 470 485 468 485 474 425 429 453 495 479 481 466 451 467 493 511 500 475 483 488 473 490 486 479 451 445 470 454 432 446 440 470 497 469 495 500 497 511 499 469 488 497 503 513 479 490 464 482 484 518 502 485 494 509 493 485 479 495 497 474 479 472 478 485 493 490 501 488 474 476 479 483 466 462 453 493 504 489 488 508 510 499 489 474 486 455 434 486 481 470 500 477 491 491 466 459 423 456 472 448 475 490 480 477 471 472 485 489 491 449 461 446 483 491 481 484 500 504 519 497 491 459 475 492 520 498 503 496 500 505 505 519 488 486 497 495 509 515 513 501 491 499 488 495 485 474 496 490 461 465 476 466 470 494 492 470 474 464 490 485 499 
vem trace:

stid: 341
spdistance: 865.242
radio trace:
535 540 511 495 498 543 552 515 510 517 531 486 495 499 527 522 535 559 550 544 513 499 520 567 563 561 539 559 544 538 508 558 551 543 521 513 522 529 501 499 508 520 519 498 484 504 553 535 495 527 519 516 524 571 554 531 543 509 547 539 542 510 511 521 519 522 515 540 568 574 579 546 529 508 525 525 532 527 516 533 503 539 555 525 526 524 529 560 536 531 528 521 544 554 543 538 567 578 575 577 544 527 581 583 515 500 516 538 538 508 520 508 531 517 514 568 530 513 515 533 502 539 533 517 484 501 504 537 563 526 522 512 546 531 532 520 525 529 550 584 578 575 589 556 574 530 503 532 563 567 558 551 563 558 547 510 534 542 507 529 517 513 514 506 516 520 522 516 519 532 527 541 572 559 574 593 571 528 535 553 550 546 580 573 563 553 576 588 525 529 575 573 583 529 558 579 539 524 562 566 584 537 519 482 466 466 494 491 510 537 523 519 473 494 514 512 506 513 505 516 517 522 527 501 528 505 510 516 518 526 553 531 546 545 577 548 561 550 563 520 547 500 517 521 557 557 518 564 545 536 542 536 530 538 516 519 505 542 590 545 530 542 583 601 633 597 585 597 582 579 573 552 571 558 559 524 549 525 512 535 564 568 532 528 511 531 522 492 512 561 601 546 550 551 522 528 589 570 578 553 530 511 509 516 512 498 516 529 557 560 551 573 572 573 547 549 560 547 526 540 558 558 538 532 548 581 582 509 467 481 519 528 540 532 535 540 514 526 535 528 522 486 487 515 558 543 545 546 536 533 526 535 570 579 589 599 543 596 589 566 568 559 585 563 523 506 518 482 451 502 477 492 500 530 545 564 547 566 561 509 496 493 518 522 533 561 539 544 530 496 524 522 542 536 509 509 494 501 524 508 493 516 498 511 536 553 557 516 513 488 481 465 507 527 540 548 545 540 565 547 545 534 518 512 518 515 502 515 519 497 489 492 531 576 521 538 522 496 496 520 527 518 502 531 543 525 523 560 560 588 595 560 521 515 509 536 533 527 548 571 555 545 503 520 535 535 545 523 532 518 502 529 541 536 546 563 542 528 546 533 528 552 530 519 510 489 515 533 516 524 566 596 563 568 561 531 540 524 532 512 509 527 504 516 526 535 524 476 496 499 527 507 520 535 575 610 558 558 533 504 515 547 540 547 543 557 547 541 512 512 544 563 624 630 603 578 590 547 534 570 549 528 544 519 517 519 520 516 545 546 520 546 533 544 552 570 593 520 507 534 542 540 533 539 530 540 517 551 536 545 537 536 533 511 512 538 541 521 498 523 544 529 532 546 551 550 577 552 539 543 514 549 582 572 520 496 494 547 566 555 539 521 520 548 541 527 522 558 555 542 478 512 541 523 540 539 547 540 541 528 505 508 546 545 553 578 528 520 542 543 540 539 564 573 542 554 547 558 592 579 544 561 522 502 499 494 507 549 559 545 547 547 525 554 554 532 526 530 548 538 539 552 533 532 583 610 595 550 543 559 550 525 548 593 573 536 530 506 489 512 490 482 526 509 505 518 522 502 519 497 497 522 547 572 525 523 556 541 515 495 533 525 538 508 482 518 553 543 546 556 524 526 490 547 545 528 549 534 521 508 530 514 508 498 491 519 527 523 544 542 562 589 545 528 514 494 501 521 542 556 550 504 521 558 567 519 523 501 482 487 542 567 561 534 510 500 549 525 537 541 532 551 576 573 554 541 552 566 
vem trace:

stid: 341
spdistance: 865.242
radio trace:
535 540 511 495 498 543 552 515 510 517 531 486 495 499 527 522 535 559 550 544 513 499 520 567 563 561 539 559 544 538 508 558 551 543 521 513 522 529 501 499 508 520 519 498 484 504 553 535 495 527 519 516 524 571 554 531 543 509 547 539 542 510 511 521 519 522 515 540 568 574 579 546 529 508 525 525 532 527 516 533 503 539 555 525 526 524 529 560 536 531 528 521 544 554 543 538 567 578 575 577 544 527 581 583 515 500 516 538 538 508 520 508 531 517 514 568 530 513 515 533 502 539 533 517 484 501 504 537 563 526 522 512 546 531 532 520 525 529 550 584 578 575 589 556 574 530 503 532 563 567 558 551 563 558 547 510 534 542 507 529 517 513 514 506 516 520 522 516 519 532 527 541 572 559 574 593 571 528 535 553 550 546 580 573 563 553 576 588 525 529 575 573 583 529 558 579 539 524 562 566 584 537 519 482 466 466 494 491 510 537 523 519 473 494 514 512 506 513 505 516 517 522 527 501 528 505 510 516 518 526 553 531 546 545 577 548 561 550 563 520 547 500 517 521 557 557 518 564 545 536 542 536 530 538 516 519 505 542 590 545 530 542 583 601 633 597 585 597 582 579 573 552 571 558 559 524 549 525 512 535 564 568 532 528 511 531 522 492 512 561 601 546 550 551 522 528 589 570 578 553 530 511 509 516 512 498 516 529 557 560 551 573 572 573 547 549 560 547 526 540 558 558 538 532 548 581 582 509 467 481 519 528 540 532 535 540 514 526 535 528 522 486 487 515 558 543 545 546 536 533 526 535 570 579 589 599 543 596 589 566 568 559 585 563 523 506 518 482 451 502 477 492 500 530 545 564 547 566 561 509 496 493 518 522 533 561 539 544 530 496 524 522 542 536 509 509 494 501 524 508 493 516 498 511 536 553 557 516 513 488 481 465 507 527 540 548 545 540 565 547 545 534 518 512 518 515 502 515 519 497 489 492 531 576 521 538 522 496 496 520 527 518 502 531 543 525 523 560 560 588 595 560 521 515 509 536 533 527 548 571 555 545 503 520 535 535 545 523 532 518 502 529 541 536 546 563 542 528 546 533 528 552 530 519 510 489 515 533 516 524 566 596 563 568 561 531 540 524 532 512 509 527 504 516 526 535 524 476 496 499 527 507 520 535 575 610 558 558 533 504 515 547 540 547 543 557 547 541 512 512 544 563 624 630 603 578 590 547 534 570 549 528 544 519 517 519 520 516 545 546 520 546 533 544 552 570 593 520 507 534 542 540 533 539 530 540 517 551 536 545 537 536 533 511 512 538 541 521 498 523 544 529 532 546 551 550 577 552 539 543 514 549 582 572 520 496 494 547 566 555 539 521 520 548 541 527 522 558 555 542 478 512 541 523 540 539 547 540 541 528 505 508 546 545 553 578 528 520 542 543 540 539 564 573 542 554 547 558 592 579 544 561 522 502 499 494 507 549 559 545 547 547 525 554 554 532 526 530 548 538 539 552 533 532 583 610 595 550 543 559 550 525 548 593 573 536 530 506 489 512 490 482 526 509 505 518 522 502 519 497 497 522 547 572 525 523 556 541 515 495 533 525 538 508 482 518 553 543 546 556 524 526 490 547 545 528 549 534 521 508 530 514 508 498 491 519 527 523 544 542 562 589 545 528 514 494 501 521 542 556 550 504 521 558 567 519 523 501 482 487 542 567 561 534 510 500 549 525 537 541 532 551 576 573 554 541 552 566 
vem trace:

