SDId: 34643603
energy: 8.60995e+17
zenith: 0.894636
azimuth: 4.92924
GPSSeconc: 1126207242
stid: 342
spdistance: 579.247
radio trace:
488 504 512 520 485 517 497 509 489 476 473 502 478 499 486 454 441 466 505 494 471 481 467 457 460 480 488 443 484 505 495 453 462 481 485 488 485 459 484 502 517 479 477 484 489 495 496 491 473 487 504 481 456 483 502 523 495 483 497 496 434 438 449 476 454 440 463 468 462 459 486 503 505 508 515 480 486 495 481 477 477 473 465 517 496 527 524 520 494 484 490 506 491 482 493 519 536 522 526 532 486 496 511 526 475 481 498 461 513 519 510 488 509 486 507 501 492 487 515 480 466 446 457 454 465 452 493 495 493 490 477 493 487 529 513 479 485 465 469 474 513 506 519 517 503 509 514 513 493 520 493 497 462 455 501 480 520 511 483 503 514 457 460 486 531 544 472 487 506 507 536 501 476 512 515 503 481 455 471 461 504 508 475 462 485 472 473 480 504 516 530 496 524 514 514 497 471 508 524 520 507 527 504 487 508 515 514 510 532 494 486 504 528 506 520 523 523 502 480 479 479 472 469 479 478 480 443 472 506 502 538 506 504 485 489 508 499 485 501 461 456 484 518 480 490 470 452 479 465 429 478 515 508 515 486 478 483 503 480 476 480 490 488 493 478 476 457 466 476 467 485 509 531 534 506 502 525 541 492 489 497 489 471 493 512 475 480 514 514 513 530 502 502 495 469 475 480 522 501 473 461 488 494 485 476 485 485 466 467 467 483 495 482 520 500 494 472 516 504 507 501 500 490 492 494 513 523 520 523 500 516 527 493 483 515 476 488 495 467 461 471 480 497 499 482 488 518 528 515 526 501 492 481 491 492 518 508 523 515 542 520 521 484 494 482 504 508 495 505 469 474 479 440 439 487 501 516 537 514 491 527 535 504 503 523 525 532 535 503 500 497 510 488 486 487 524 541 508 486 518 492 495 475 414 434 482 492 487 494 527 494 481 464 484 476 481 465 487 490 475 491 452 453 446 432 453 465 496 482 474 475 477 482 464 424 462 472 457 472 507 486 464 503 494 510 480 490 490 495 472 485 487 483 461 434 419 434 469 441 457 432 453 438 416 391 444 480 463 431 412 444 451 453 464 480 460 490 468 443 466 485 442 464 482 511 519 506 495 449 463 487 483 483 513 494 474 436 415 432 488 486 500 482 478 476 453 469 462 486 468 470 488 493 503 471 447 461 432 431 458 450 435 477 505 526 498 513 498 458 459 471 480 446 472 453 498 472 439 457 479 503 485 470 471 486 503 518 523 508 457 484 485 464 437 482 485 510 486 491 484 504 454 458 479 515 499 514 484 505 492 468 474 486 492 471 461 472 511 490 523 517 482 446 449 458 495 475 484 485 458 453 438 522 515 491 475 460 457 461 480 496 470 474 492 476 477 498 522 547 506 483 493 490 466 467 479 466 456 478 479 468 475 467 459 477 477 493 512 519 521 493 489 475 494 489 459 474 521 514 476 472 485 498 503 486 475 474 455 498 495 494 475 457 442 423 461 450 436 455 442 441 468 459 460 472 461 488 485 497 500 529 507 479 476 485 445 470 496 502 510 494 459 473 504 492 457 460 438 444 494 530 497 493 454 432 455 467 483 459 472 514 501 492 473 477 454 476 472 505 494 481 483 516 522 524 508 467 453 473 472 462 426 429 449 470 445 459 505 499 473 482 469 460 508 511 509 508 494 482 488 470 458 440 443 425 451 471 486 481 467 457 461 484 515 500 481 506 496 474 499 503 494 469 511 509 529 485 466 
vem trace:

stid: 343
spdistance: 641.849
radio trace:
470 452 427 422 461 465 436 477 499 461 457 445 444 477 491 490 462 452 438 381 415 436 470 468 485 475 476 499 496 496 488 453 472 482 450 465 430 444 473 475 461 450 481 460 485 525 517 507 481 456 481 464 458 450 447 443 443 434 448 418 437 466 458 460 478 481 455 460 471 475 446 431 429 441 411 421 459 488 499 490 494 475 503 499 493 454 447 486 456 470 493 450 438 460 479 460 451 476 454 465 473 493 469 469 451 461 462 484 453 425 458 458 482 471 477 442 441 466 472 469 501 477 465 464 444 459 470 456 488 486 460 457 476 517 494 473 469 477 460 461 478 467 450 434 467 451 474 490 456 454 443 433 457 486 466 474 458 438 436 460 464 465 460 452 435 475 475 491 500 462 465 464 487 501 465 468 487 488 496 458 479 507 505 474 459 468 434 450 429 433 438 465 472 474 479 467 450 485 479 481 460 448 470 500 507 469 454 444 445 463 500 500 491 469 468 470 470 476 488 497 499 487 481 482 478 487 500 484 471 472 458 464 490 487 471 477 489 484 449 441 450 430 472 485 464 445 445 461 475 485 483 473 460 494 496 465 483 476 477 469 475 483 486 492 482 468 456 479 430 442 445 476 513 511 503 490 492 507 490 485 467 490 503 459 450 481 464 459 473 460 479 468 489 499 483 491 506 505 524 477 459 490 484 490 454 481 510 503 482 458 480 464 464 477 464 460 456 481 477 494 470 462 470 462 451 453 461 451 479 477 453 471 472 481 469 495 493 477 460 457 471 487 507 492 481 478 469 458 468 469 480 431 435 440 438 470 478 514 477 478 484 467 469 483 470 403 422 448 474 487 477 442 458 458 482 492 483 472 449 473 458 452 472 476 482 491 447 465 463 473 496 504 466 455 452 452 463 499 487 476 466 469 486 488 465 493 520 494 497 485 473 462 464 469 488 482 480 489 488 477 473 464 468 470 469 462 483 447 440 452 473 479 480 461 447 442 465 479 501 484 490 518 505 470 445 456 436 466 480 481 474 457 481 483 508 465 430 433 440 430 450 459 444 474 448 452 471 478 450 464 480 466 473 457 465 464 480 478 462 454 478 484 470 475 442 465 487 488 464 468 487 470 456 458 455 467 494 455 478 498 470 466 463 480 450 447 438 462 459 468 486 495 477 481 488 461 445 494 496 449 457 477 482 482 463 468 472 459 453 466 445 450 455 462 458 442 457 452 449 442 450 473 502 520 505 471 448 457 430 454 472 486 468 482 476 484 478 445 463 474 487 470 451 434 446 486 448 445 446 444 469 452 474 481 478 470 482 462 461 464 461 486 493 499 480 489 466 474 493 500 492 483 465 475 466 472 460 475 489 469 484 478 445 443 453 466 474 455 461 474 429 421 431 436 441 447 448 434 440 480 499 503 478 459 485 469 476 451 437 450 441 470 456 480 490 505 488 472 488 498 486 483 431 460 475 438 439 420 439 428 446 460 489 492 470 457 478 478 464 491 478 429 453 467 460 481 449 431 460 462 467 474 465 464 454 456 478 463 473 485 476 444 444 455 459 464 473 483 482 474 479 469 450 464 493 483 474 493 500 493 484 466 451 464 476 460 478 487 479 481 477 483 488 511 486 455 480 465 463 468 489 447 433 441 437 448 467 500 490 481 484 456 463 469 479 497 481 487 468 470 467 467 468 469 469 456 442 434 446 444 445 439 414 460 479 499 497 503 491 446 449 459 447 436 449 462 425 464 
vem trace:

stid: 332
spdistance: 1080.22
radio trace:
537 517 528 540 566 573 549 573 578 545 505 509 534 550 564 530 562 595 574 570 578 580 574 558 577 535 553 541 542 488 485 518 527 507 520 533 542 546 559 578 537 509 507 546 551 577 582 547 556 551 556 543 553 537 543 590 554 541 556 539 547 540 526 568 543 537 564 555 536 547 540 551 542 520 541 560 583 551 580 577 558 601 623 601 594 598 561 560 547 542 568 533 549 585 560 559 572 540 552 569 586 574 597 554 567 554 582 585 554 551 590 582 569 558 566 542 547 549 533 545 545 514 549 558 569 594 577 556 574 544 517 552 560 614 591 555 539 535 571 563 568 576 574 533 554 548 550 539 559 577 597 590 538 563 577 594 586 584 598 602 596 601 565 565 522 542 552 509 555 590 579 562 516 517 549 547 531 579 596 568 552 519 508 522 493 523 531 532 545 589 563 563 547 550 564 569 566 541 572 549 560 537 545 551 523 549 570 577 548 553 564 575 564 571 564 546 563 549 536 531 527 555 573 537 535 528 552 559 561 553 517 485 501 516 531 535 541 557 554 542 543 562 542 555 576 579 555 564 547 518 558 552 563 568 578 562 558 559 589 602 591 566 546 550 557 558 541 525 564 580 578 564 572 551 553 557 565 530 526 540 563 558 551 591 587 582 528 537 551 547 557 533 532 520 527 512 533 554 544 532 559 550 556 548 508 514 515 536 545 589 549 534 554 541 528 529 536 571 538 558 563 546 533 546 550 546 554 545 508 534 586 579 541 541 538 563 550 563 578 589 582 570 582 560 556 554 549 508 567 579 557 570 568 567 582 557 565 560 574 574 553 580 593 572 588 587 589 600 582 582 554 558 557 575 563 560 570 543 533 532 561 551 552 566 562 581 608 602 552 566 561 553 532 565 575 555 554 556 567 565 545 527 532 547 555 566 591 581 545 538 515 536 530 567 549 561 577 527 569 558 558 576 585 585 569 596 594 573 529 561 530 560 590 600 568 565 540 541 559 558 556 571 544 544 557 549 549 556 570 572 563 555 526 530 543 526 576 558 555 535 554 530 518 524 497 513 510 531 551 559 566 570 564 549 542 577 562 533 543 569 574 536 581 604 574 561 567 563 566 586 598 562 577 558 550 565 548 548 573 590 589 578 563 553 538 574 609 569 542 525 496 500 510 515 530 531 545 523 529 518 544 537 530 533 540 540 497 538 536 533 526 550 547 553 544 514 518 521 511 555 569 546 544 543 557 554 552 521 535 571 571 575 574 563 547 529 533 578 583 569 548 574 556 542 555 598 569 566 573 574 551 522 498 522 516 551 551 517 535 543 575 576 564 589 571 564 532 486 489 517 553 573 577 531 523 543 525 521 503 521 545 557 546 581 561 566 567 556 591 567 579 551 544 559 548 544 570 577 530 516 535 558 572 577 557 565 519 540 540 548 568 592 577 561 534 524 514 529 554 534 519 488 486 517 562 544 557 564 582 559 573 541 512 502 559 531 520 523 547 559 513 547 546 532 536 547 543 562 565 542 545 549 541 520 569 540 569 563 557 561 540 537 548 579 539 557 568 548 530 541 569 546 543 510 519 527 527 537 531 539 546 559 559 562 568 542 558 565 571 550 564 581 573 547 516 544 571 553 542 555 559 546 530 520 492 512 498 520 533 539 555 549 548 524 534 562 522 543 545 497 511 540 523 541 551 552 518 511 523 558 577 595 588 584 569 574 579 549 520 519 511 531 549 552 592 563 572 582 
vem trace:

