SDId: 34623761
energy: 8.83306e+17
zenith: 0.424071
azimuth: 4.99402
GPSSeconc: 1126102981
stid: 419
spdistance: 457.089
radio trace:
480 447 463 500 501 488 505 466 467 479 487 473 480 481 498 462 445 424 447 478 491 524 529 498 505 502 466 463 482 507 506 522 487 455 462 440 491 478 494 511 442 412 464 486 484 509 526 524 513 495 550 534 551 542 497 421 416 445 469 462 502 528 481 479 483 467 463 475 497 478 486 458 447 459 460 485 469 460 493 454 497 500 509 462 449 471 456 426 439 457 499 533 493 485 470 455 453 495 477 439 498 512 510 542 476 525 506 461 441 473 533 539 511 453 429 479 472 495 506 497 512 523 534 528 475 502 495 498 479 465 463 487 473 476 482 464 449 500 495 513 520 475 432 417 469 537 481 432 436 437 441 387 425 461 488 492 484 445 470 501 498 490 464 496 480 450 486 462 483 473 512 500 534 490 484 430 444 476 467 460 492 492 498 471 490 458 454 472 498 499 436 417 390 427 471 500 515 535 498 479 500 497 492 492 486 442 465 436 468 459 454 447 435 447 465 496 473 483 475 487 505 505 488 492 509 514 496 500 472 517 525 515 496 485 467 454 456 484 522 516 494 493 470 500 527 522 465 470 484 509 522 522 503 513 524 482 470 475 479 460 459 478 510 494 464 472 480 502 501 455 496 510 455 487 531 518 505 511 509 515 506 462 466 455 494 556 532 505 491 508 447 459 481 484 472 486 481 455 456 422 441 437 437 460 483 463 456 449 458 448 453 464 487 485 499 499 508 521 431 431 395 411 423 467 487 459 455 469 480 467 443 485 499 511 509 471 469 455 468 475 449 479 456 497 455 442 455 448 436 471 512 472 446 450 408 413 417 455 498 522 490 493 525 497 511 469 455 485 518 511 529 502 504 501 497 504 440 468 501 531 541 524 516 499 509 454 433 469 473 475 490 503 513 497 503 466 471 469 510 515 518 499 512 504 521 540 493 480 481 478 459 491 498 486 455 427 437 396 424 451 469 503 487 520 518 506 466 485 438 439 445 514 469 464 465 452 481 507 502 512 487 492 491 466 459 444 491 505 506 500 486 502 465 483 437 458 508 509 478 449 487 519 523 519 462 446 437 448 449 478 506 504 484 515 524 502 466 462 456 438 433 435 447 433 492 490 467 467 492 547 529 500 486 467 492 493 504 494 512 511 473 470 491 435 434 432 457 469 484 498 480 485 507 505 494 505 518 540 510 513 498 498 530 500 484 534 525 466 487 504 522 456 452 439 441 492 490 459 450 506 513 484 478 504 507 473 498 506 478 492 497 488 504 506 477 446 468 491 513 517 514 508 502 504 502 489 487 506 533 537 508 495 472 455 488 541 532 515 493 461 492 503 472 483 467 426 423 491 519 475 444 440 472 477 445 475 462 422 448 467 481 435 460 501 531 468 454 491 516 453 460 484 486 479 440 424 486 473 457 437 479 471 500 497 505 447 464 467 465 488 445 465 499 478 478 494 503 454 456 497 456 444 441 451 433 491 464 497 480 465 438 496 525 533 519 489 506 504 492 487 454 453 442 470 481 506 481 470 513 540 499 469 500 469 503 484 537 537 471 433 409 462 490 483 505 550 499 460 440 474 457 433 482 503 511 508 453 419 452 497 507 472 503 506 531 532 492 468 490 508 531 515 549 568 550 537 490 511 492 455 459 487 483 493 439 440 491 482 491 489 500 461 467 469 490 527 540 498 509 441 457 464 481 466 469 507 495 471 460 494 468 452 448 463 475 489 472 481 482 483 514 531 538 482 489 489 498 482 
vem trace:

stid: 343
spdistance: 1607.91
radio trace:
466 479 446 476 490 498 494 448 452 447 460 450 451 458 476 462 448 442 464 473 516 505 491 485 502 480 471 443 459 461 465 459 464 472 487 489 480 478 460 442 462 452 462 441 420 413 445 469 460 459 451 466 466 454 419 433 417 406 423 420 436 411 450 458 421 448 458 455 463 437 439 417 414 409 397 438 456 431 435 449 460 467 444 426 436 469 462 446 458 455 460 455 450 447 425 396 406 407 413 450 443 438 447 444 440 427 434 437 468 458 443 480 489 456 445 428 411 428 430 430 421 429 429 433 440 433 438 452 472 445 425 423 411 463 461 455 449 436 458 487 489 440 416 431 440 460 445 471 463 461 452 475 479 454 447 429 424 444 440 436 466 470 453 429 434 437 423 456 433 437 436 441 414 442 460 423 454 480 466 460 446 462 477 471 459 439 450 468 475 462 473 471 422 433 437 430 418 447 441 447 419 445 453 450 460 446 429 446 423 428 463 451 456 461 466 454 450 464 471 477 470 488 453 437 435 446 435 435 429 420 417 439 448 474 470 441 455 474 440 414 461 468 439 422 454 418 430 426 415 431 473 468 497 478 462 458 454 442 431 442 462 423 445 416 416 424 455 462 436 448 467 489 457 412 433 430 452 438 402 430 453 447 454 438 406 415 426 421 460 443 449 448 412 401 432 447 446 424 406 413 455 497 483 448 436 433 425 438 429 486 465 468 479 513 475 471 492 472 446 475 481 482 475 489 451 442 450 472 451 439 428 424 423 472 454 440 467 457 452 439 423 428 445 442 454 450 455 474 467 446 475 497 474 444 436 439 464 453 434 428 442 468 467 442 441 465 446 453 478 476 457 477 470 501 482 473 475 476 445 419 420 431 443 442 468 451 463 454 448 440 472 457 433 433 446 438 444 433 433 431 430 449 449 425 430 451 422 439 461 491 464 468 473 455 444 455 434 434 469 489 474 459 452 453 497 486 457 478 481 463 448 441 435 410 436 459 438 460 466 468 471 443 475 422 445 456 461 469 487 459 446 432 455 467 459 443 441 436 423 485 506 453 434 436 428 449 455 450 463 460 444 425 464 457 436 429 445 452 465 485 452 440 476 451 477 470 445 423 455 454 447 449 466 429 426 469 459 440 456 441 443 441 445 484 463 478 474 453 419 419 443 430 424 458 491 469 441 453 460 449 472 457 453 449 428 435 433 423 434 430 425 429 421 436 450 459 471 447 479 470 446 418 412 450 493 473 455 427 450 438 449 465 471 473 480 448 468 437 425 424 427 438 434 435 460 465 472 439 449 460 460 442 422 450 457 468 449 462 493 451 472 472 445 465 473 448 449 456 459 438 446 441 454 451 454 478 451 459 438 450 444 463 455 456 413 408 457 486 466 413 406 422 432 450 469 443 424 412 430 440 452 451 449 458 433 442 466 455 451 460 453 465 444 427 435 452 463 470 484 461 462 470 443 415 413 456 460 486 488 497 490 465 434 450 461 468 448 438 453 440 415 440 466 444 436 436 442 463 452 446 428 448 452 459 454 441 445 439 439 440 424 448 460 474 463 451 427 434 464 439 429 478 466 485 471 483 438 416 449 466 424 442 437 439 403 426 424 437 442 460 469 469 453 443 464 442 451 422 431 424 458 434 465 461 449 445 432 437 448 485 472 455 462 447 443 446 440 425 431 466 479 491 469 431 426 431 452 468 460 451 442 462 450 420 432 441 472 475 472 477 445 459 463 487 485 468 470 460 
vem trace:

