SDId: 34783544
energy: 8.66444e+18
zenith: 0.866629
azimuth: 2.18615
GPSSeconc: 1126974618
stid: 342
spdistance: 619.844
radio trace:
470 479 488 495 460 466 488 427 466 471 421 393 411 441 441 450 453 465 477 453 409 428 404 403 396 400 410 434 450 461 463 460 456 460 460 465 446 441 451 447 408 419 439 428 387 420 431 420 423 402 441 424 441 425 429 423 420 458 438 423 459 418 443 468 446 434 418 414 415 451 464 432 420 417 420 436 446 454 449 441 460 426 442 446 454 435 430 434 424 441 410 451 450 457 435 445 452 441 442 465 485 510 510 482 461 449 455 454 451 442 451 462 445 401 429 441 466 485 473 459 440 431 467 479 465 469 470 424 413 411 435 440 442 455 456 443 397 423 419 435 446 409 423 431 439 472 461 437 465 476 440 452 460 457 458 478 461 444 483 459 425 452 454 457 436 438 422 450 457 447 475 476 462 436 452 444 420 428 464 463 451 441 445 443 452 440 424 426 441 474 439 432 424 442 468 439 456 451 467 434 430 417 467 482 471 482 438 429 437 455 419 416 429 461 499 501 517 489 480 478 460 403 405 407 406 426 441 467 504 481 470 465 456 426 441 442 423 454 482 496 458 467 481 471 461 452 450 458 475 475 439 438 430 452 474 464 463 459 465 471 419 421 429 442 429 416 427 471 501 488 459 470 459 477 462 441 435 469 462 458 442 456 453 433 449 426 428 468 480 486 484 472 484 449 419 414 413 417 408 461 431 469 489 451 450 437 411 419 423 451 450 462 474 462 462 428 436 445 446 434 446 454 469 471 473 479 446 432 429 428 439 441 455 461 490 460 432 449 452 467 488 459 467 481 487 442 432 429 457 477 463 426 438 425 424 445 450 441 481 484 467 472 473 489 466 442 470 495 473 458 473 451 443 450 448 456 464 448 461 429 426 408 456 478 460 468 477 484 496 456 423 443 448 437 457 456 469 456 455 428 431 435 434 450 441 414 438 428 421 447 429 432 433 461 467 457 459 481 483 440 473 428 404 439 423 442 465 495 451 457 436 428 416 446 458 461 433 445 425 411 427 447 440 438 467 457 447 455 454 460 452 431 470 440 424 441 439 449 427 447 463 457 462 463 462 476 450 432 420 448 441 460 467 477 458 477 467 426 443 413 384 438 447 452 444 468 446 447 436 413 448 458 471 464 451 437 420 421 445 465 454 447 486 454 457 434 440 478 477 474 452 486 471 450 445 460 440 454 440 437 443 444 430 447 418 446 456 435 427 439 423 434 469 443 404 407 419 417 432 454 470 438 420 419 418 463 443 437 418 435 415 439 452 448 446 438 438 449 456 440 462 450 451 452 443 432 446 464 460 464 460 426 439 473 482 498 501 486 484 442 447 439 408 431 438 471 445 423 448 462 443 482 469 454 465 442 436 462 453 436 451 450 470 493 482 466 435 450 436 415 427 429 412 416 408 401 410 445 430 447 449 472 474 486 463 452 446 426 456 453 466 447 453 470 463 433 435 461 462 457 487 484 476 492 503 487 473 455 458 418 465 465 469 463 444 455 479 443 407 402 416 435 456 478 483 485 468 424 408 417 430 476 476 452 465 475 455 465 457 456 453 425 434 450 475 468 460 440 471 470 459 461 459 466 475 459 475 464 459 477 499 448 435 439 464 458 472 430 437 438 445 420 409 408 441 463 460 426 410 403 404 440 414 441 445 421 435 421 407 441 434 451 426 403 413 441 438 428 472 456 431 454 456 440 462 461 464 459 463 477 465 450 447 478 460 434 422 444 424 430 438 449 468 461 453 466 464 444 
vem trace:

stid: 333
spdistance: 894.555
radio trace:
464 446 400 400 452 438 410 458 497 490 445 426 436 418 424 448 425 416 445 439 422 394 394 431 457 438 402 397 380 373 391 413 413 447 404 427 406 422 447 453 438 421 452 468 458 473 441 437 450 420 447 413 414 454 462 463 474 441 415 409 428 444 407 402 404 417 445 477 450 458 434 446 440 478 471 473 463 426 462 450 414 440 474 486 458 450 479 471 471 476 484 486 453 463 472 459 489 460 440 415 409 358 396 455 462 434 460 462 461 501 487 481 464 477 478 458 424 392 411 447 481 438 388 411 427 444 468 458 476 458 491 483 433 420 424 423 384 401 422 420 429 412 407 406 400 421 410 443 462 452 442 425 441 452 440 418 434 491 480 439 430 401 410 436 430 457 444 441 455 481 478 468 457 455 412 439 441 450 455 445 459 439 443 433 420 430 432 442 424 409 452 422 431 491 452 455 468 443 448 456 469 500 479 471 452 451 427 404 415 415 405 435 444 438 410 408 415 433 434 460 448 429 436 414 412 425 436 448 425 464 432 404 367 392 395 444 437 435 456 478 452 410 379 381 428 477 482 466 448 437 428 442 431 405 398 450 475 463 438 456 448 456 449 436 460 468 449 449 484 487 464 426 445 486 489 458 407 431 459 455 473 460 476 455 473 478 455 433 445 439 435 434 451 484 486 452 443 401 451 453 437 395 401 450 429 440 487 518 481 473 465 455 492 494 485 496 459 414 432 448 425 450 462 479 499 458 435 459 468 470 462 474 428 434 455 429 467 470 464 425 421 428 423 404 418 450 462 480 434 455 447 439 412 469 458 461 415 405 422 461 457 486 480 449 434 453 455 440 432 438 451 449 485 496 456 424 425 460 485 447 445 416 453 468 420 422 415 467 468 435 442 456 446 418 416 435 467 463 465 443 444 458 437 432 415 412 432 447 437 452 418 412 433 440 441 433 443 431 466 454 435 416 408 457 472 456 453 439 446 449 440 456 432 424 426 443 424 426 428 464 452 449 455 434 445 446 453 466 484 475 481 434 442 427 429 441 445 438 436 465 474 465 423 446 492 499 472 462 481 453 429 435 413 390 418 427 464 441 437 434 438 462 490 472 449 451 422 451 481 517 489 436 461 444 413 432 436 450 451 456 453 445 463 474 411 447 464 474 440 444 438 419 426 434 418 428 450 429 402 425 446 432 472 457 455 430 438 451 479 478 442 424 413 427 403 442 453 451 460 451 446 444 461 432 454 437 420 430 450 488 483 459 432 445 479 503 481 442 388 399 390 348 386 408 429 449 423 409 433 431 473 495 449 468 478 426 440 440 457 438 477 462 463 437 447 463 442 443 422 420 406 418 398 409 451 437 465 478 443 417 441 428 433 472 452 486 469 445 411 411 430 452 449 453 466 468 452 453 489 460 456 437 420 456 464 435 414 431 424 451 462 427 447 468 496 478 452 427 388 371 401 397 398 399 412 435 461 491 444 425 461 432 386 431 443 408 424 414 447 436 423 429 443 416 439 450 507 492 457 421 400 463 458 416 427 461 459 476 501 468 451 451 430 455 420 380 417 446 423 434 461 415 434 404 415 433 444 449 466 463 471 450 432 453 458 454 425 410 436 451 456 451 457 465 477 454 433 416 383 395 404 393 385 422 476 459 490 448 444 439 401 413 471 453 448 412 397 453 451 465 471 466 466 470 445 436 428 401 420 414 456 434 412 414 441 444 466 456 459 447 460 463 440 451 411 431 440 450 
vem trace:

stid: 419
spdistance: 1148.23
radio trace:
542 554 517 522 528 518 480 444 517 476 512 506 503 500 478 505 453 476 517 501 503 542 568 550 506 436 426 437 436 469 484 482 475 461 442 431 456 467 509 494 485 507 516 533 506 489 474 444 453 490 460 453 441 448 454 481 476 502 476 476 472 470 479 497 488 522 528 496 475 497 458 470 467 464 513 514 492 524 500 514 520 508 475 479 442 414 450 475 464 476 547 570 514 449 468 442 434 474 487 466 474 492 491 508 513 478 488 513 520 525 484 523 468 453 469 485 480 459 449 471 488 475 468 413 415 454 479 439 464 463 431 461 468 463 471 434 416 430 463 514 526 472 482 503 445 441 518 489 491 503 504 514 538 547 550 517 478 466 465 468 448 435 476 509 469 487 516 506 493 459 505 514 539 499 506 515 477 461 447 469 455 506 521 516 498 478 471 467 460 453 466 437 439 463 505 495 463 507 493 478 469 459 479 394 425 442 429 463 466 501 482 439 480 471 508 498 485 495 497 488 485 477 501 505 535 537 522 507 472 472 453 482 474 460 475 451 462 473 492 478 418 484 480 475 480 490 456 458 406 440 490 491 462 477 463 437 465 465 481 487 463 468 482 523 474 433 455 467 494 503 482 514 446 480 484 506 491 477 470 486 478 460 442 461 495 512 511 477 469 423 447 477 474 477 460 443 479 474 474 462 479 499 476 515 500 483 444 446 512 489 492 465 486 476 479 488 527 559 515 521 497 472 501 506 524 547 516 521 461 492 458 443 446 477 509 434 447 417 462 485 462 497 492 482 466 501 500 436 445 410 388 413 474 472 451 446 453 460 453 470 474 479 477 505 487 479 454 439 479 464 484 516 528 524 515 489 459 448 464 457 460 468 460 483 537 524 453 444 440 494 489 490 462 491 485 515 483 467 512 527 486 466 440 454 464 429 481 499 483 501 463 444 501 522 528 505 498 478 495 448 443 417 416 469 452 453 504 484 485 498 501 516 444 432 450 475 469 447 481 487 477 492 505 468 511 501 437 481 467 482 493 481 526 519 479 495 509 479 446 441 493 535 530 501 513 511 501 504 469 424 394 435 458 440 472 479 464 487 474 455 439 457 459 480 481 499 524 494 517 503 535 524 480 440 436 458 441 424 433 501 501 493 487 487 484 478 496 485 483 471 533 525 493 476 477 492 469 497 482 439 493 524 514 479 504 508 497 497 457 476 452 502 503 509 484 476 441 465 458 438 446 508 504 486 508 443 418 434 440 468 483 517 488 469 492 540 532 533 518 487 443 427 452 497 488 499 504 506 507 479 456 472 471 441 446 462 490 458 449 482 467 453 399 453 453 500 486 451 447 477 489 487 472 448 445 412 393 417 447 464 462 442 463 453 460 464 466 449 457 498 487 475 468 476 473 481 459 483 447 458 505 497 489 435 435 460 474 439 436 443 455 485 513 471 453 481 454 456 485 439 406 428 475 517 488 503 492 524 532 505 473 460 475 493 502 513 516 515 549 511 467 479 509 483 482 424 422 431 444 489 492 533 499 505 489 493 485 517 498 479 438 433 434 458 471 496 468 486 489 526 506 507 521 510 479 419 441 471 516 491 446 450 496 512 502 532 477 462 458 450 449 495 493 460 490 443 431 423 468 505 508 452 424 424 441 435 457 503 509 473 498 473 445 471 466 487 426 444 474 493 510 522 450 480 484 521 525 520 506 528 518 492 528 540 509 501 485 480 478 473 462 428 463 493 519 512 513 471 
vem trace:

stid: 332
spdistance: 1874.63
radio trace:
531 533 501 528 530 532 515 545 534 518 520 538 570 522 541 501 529 523 542 561 547 539 557 582 577 562 541 510 531 529 522 515 525 526 549 548 578 548 498 494 559 554 540 541 504 497 495 519 541 510 525 531 535 535 574 564 526 510 520 536 513 511 514 537 563 561 556 562 545 544 524 530 537 520 517 505 539 535 539 572 567 560 543 502 542 547 512 533 534 527 516 504 510 567 573 534 548 584 545 545 556 566 575 549 517 508 486 521 557 527 526 532 531 569 546 540 552 528 534 506 483 501 490 528 543 481 492 550 549 555 539 527 511 497 511 529 506 532 553 543 519 496 519 511 539 528 530 512 521 567 568 556 530 510 516 520 520 543 539 548 524 551 529 532 527 494 531 553 573 584 580 540 547 542 549 544 571 558 542 529 560 558 548 547 555 560 505 515 527 519 524 503 514 465 508 537 550 530 540 519 499 552 554 582 522 532 540 536 517 545 496 513 533 501 500 494 521 517 519 503 549 539 506 498 539 531 545 566 549 522 468 496 506 496 489 513 508 513 487 498 511 545 518 503 539 536 554 528 508 558 562 563 565 549 536 470 499 526 532 549 543 587 577 551 553 527 534 546 528 500 513 531 547 548 517 546 539 475 486 535 534 489 483 533 555 511 534 557 579 539 553 549 532 556 561 552 516 530 529 534 534 501 517 532 531 517 513 469 484 518 540 554 561 582 561 570 555 587 559 569 559 559 545 539 531 568 535 503 508 527 508 533 571 558 546 514 532 528 512 555 564 546 509 502 517 573 532 528 530 539 569 556 555 506 510 528 536 545 550 546 532 571 579 552 538 528 567 532 524 561 509 517 517 499 500 546 531 528 547 527 510 520 539 537 539 509 509 492 525 554 549 566 545 541 500 499 502 532 516 525 539 538 525 531 534 545 534 528 556 552 548 572 542 555 575 555 532 531 489 515 528 525 515 504 520 496 496 507 517 526 542 572 539 541 545 536 571 548 522 502 531 523 542 518 484 520 517 511 507 533 530 546 527 520 527 540 537 547 556 524 547 545 566 564 553 541 543 528 530 502 506 514 542 551 528 511 500 506 518 508 518 548 578 571 544 535 541 540 536 505 536 553 529 528 533 555 556 540 541 534 511 542 529 569 523 514 536 565 572 531 522 537 548 548 562 526 555 535 512 460 518 520 537 553 578 559 528 517 525 496 522 527 524 534 525 507 496 514 534 533 534 582 536 488 462 475 453 462 505 522 536 533 532 537 509 543 549 521 507 512 505 530 537 513 481 505 499 507 510 533 505 519 525 537 558 544 537 522 508 483 495 459 495 537 530 560 566 556 570 573 562 560 536 523 544 576 553 513 548 534 508 511 558 560 561 548 552 539 544 537 483 504 582 571 539 529 504 503 519 535 556 551 536 514 511 514 565 545 538 535 565 577 561 538 516 551 556 521 504 505 489 489 506 519 512 510 539 562 558 567 554 546 528 542 566 537 537 506 483 488 554 555 544 532 552 522 506 523 530 536 525 531 546 543 530 514 471 519 536 517 519 504 542 541 520 518 492 515 570 570 541 562 537 525 525 543 504 561 563 539 517 539 541 559 548 533 530 509 545 489 507 513 513 532 530 514 511 544 577 539 492 520 508 513 503 515 531 536 498 536 542 546 567 520 531 507 516 528 554 541 524 531 567 563 505 523 550 535 487 496 483 459 497 527 504 516 515 529 524 525 529 576 548 539 517 509 525 519 
vem trace:

stid: 343
spdistance: 1371.58
radio trace:
483 479 428 452 473 474 486 460 425 415 443 442 456 470 469 449 464 454 439 456 484 478 460 473 490 470 470 433 438 444 451 458 451 466 462 434 415 451 449 451 465 472 473 455 448 450 455 479 469 436 433 464 461 457 479 509 507 477 464 473 449 434 437 428 460 448 438 426 470 469 437 463 433 474 462 413 442 459 479 487 455 484 468 483 455 471 445 441 432 467 433 454 465 456 443 452 445 447 449 480 496 450 452 471 473 463 456 461 472 463 469 471 463 475 463 436 445 457 423 408 430 451 469 430 449 464 487 491 484 463 458 443 483 522 495 442 417 427 454 429 448 461 440 452 444 462 486 479 455 479 489 469 463 471 453 453 460 474 492 481 462 461 476 429 461 437 465 472 451 487 466 449 443 436 477 476 466 461 449 458 449 461 492 489 494 462 458 464 466 474 462 466 462 448 475 470 478 451 469 459 477 481 458 459 467 462 428 441 458 413 414 437 471 419 419 425 467 454 449 451 435 450 446 421 426 474 476 455 456 462 474 500 459 472 451 452 460 467 453 459 471 439 441 463 463 443 472 454 447 447 433 465 497 490 465 424 478 471 453 479 482 467 465 461 453 451 433 451 451 466 486 447 475 489 490 520 507 475 480 491 510 487 472 489 475 478 500 486 465 463 477 482 466 463 461 460 456 435 441 436 438 450 443 463 469 462 476 478 449 443 471 446 434 454 467 484 440 431 450 474 494 480 486 481 477 465 459 481 452 467 444 474 465 439 448 475 480 479 487 455 437 450 452 451 450 464 447 466 463 481 489 481 459 461 452 453 433 427 444 430 454 464 447 456 475 473 440 467 458 429 434 437 453 471 481 465 476 425 440 452 458 442 426 444 456 443 439 438 432 453 488 479 449 410 418 434 462 437 415 431 424 442 465 476 467 476 442 456 437 421 431 426 455 453 440 458 447 427 437 446 468 463 471 463 481 483 478 481 493 472 456 473 449 450 435 470 498 474 454 443 428 451 476 477 482 489 471 445 468 453 450 447 434 439 444 420 439 436 441 455 463 491 470 434 446 477 466 487 487 483 467 441 439 461 447 437 463 457 434 450 437 452 461 466 473 462 462 467 475 482 487 484 475 444 432 426 422 464 469 452 466 476 479 482 476 444 457 481 458 479 484 481 497 481 473 480 464 437 429 432 443 452 425 410 445 438 446 463 487 482 459 457 487 496 455 456 462 458 474 486 475 490 467 450 417 464 463 423 435 459 448 466 473 445 443 466 487 487 486 458 457 430 439 444 412 437 468 489 466 449 446 454 441 452 468 482 495 496 466 425 463 441 437 406 412 417 446 461 480 462 462 476 479 472 462 449 460 467 453 470 431 461 499 464 453 443 454 478 453 414 423 437 466 475 455 464 471 469 483 472 477 463 456 432 450 443 458 486 468 485 441 463 488 474 508 508 486 499 483 480 473 481 481 476 461 457 448 430 439 454 451 429 425 415 433 455 436 438 468 460 485 500 481 488 467 472 449 452 446 456 442 436 413 448 452 459 479 439 416 454 464 481 469 435 440 470 457 467 484 465 461 457 447 429 427 454 447 444 467 490 485 483 476 465 469 474 440 446 443 462 459 464 485 478 462 467 471 475 461 461 467 462 454 439 436 454 441 460 467 460 488 473 467 457 459 464 464 454 442 420 456 489 499 456 448 458 459 465 495 489 469 447 447 459 445 429 422 466 455 453 437 421 426 428 443 453 438 415 
vem trace:

