SDId: 34519044
energy: 5.13419e+17
zenith: 0.75416
azimuth: 4.27576
GPSSeconc: 1125371393
stid: 342
spdistance: 399.078
radio trace:
408 424 420 424 436 423 420 430 436 434 413 437 418 407 429 416 424 437 437 433 443 430 431 423 387 390 403 382 391 423 411 440 451 452 442 446 451 439 423 432 443 439 404 421 418 423 429 431 402 405 383 380 399 434 417 410 394 424 429 438 418 411 391 403 422 444 459 439 400 401 439 429 404 397 371 406 421 422 442 429 404 389 412 398 411 443 451 445 422 417 426 445 442 427 434 442 455 440 410 389 394 374 411 424 407 413 401 386 414 435 432 420 416 409 424 418 403 418 423 418 406 360 392 415 411 416 386 391 386 370 390 430 428 434 456 448 439 427 422 408 411 402 435 429 403 416 404 398 415 409 418 411 403 422 437 439 433 427 439 475 472 445 440 448 436 437 408 402 397 420 413 411 413 402 405 422 430 432 412 388 407 435 408 399 413 432 411 408 415 443 437 446 428 440 426 437 442 424 422 420 418 410 421 430 431 421 423 409 421 417 402 402 424 445 412 382 386 418 389 381 406 395 411 405 404 394 414 429 422 393 432 404 390 398 403 412 428 400 439 428 416 401 386 388 401 435 450 446 433 433 417 442 393 418 404 389 379 392 423 406 406 435 413 403 427 401 417 386 397 443 428 381 383 437 429 448 446 415 435 451 434 438 456 452 440 436 428 441 434 416 401 423 425 411 413 438 400 427 426 444 428 427 467 435 420 433 426 432 426 439 439 425 405 397 394 396 441 457 458 409 371 399 380 395 408 423 407 392 424 426 422 393 415 435 432 435 430 408 418 443 448 463 448 441 432 395 395 390 408 385 429 447 465 444 428 412 390 403 418 447 456 426 391 386 406 430 429 426 428 437 426 438 465 427 424 438 398 362 413 426 431 431 434 436 432 434 456 437 424 424 411 408 395 393 382 396 407 385 374 402 427 426 433 430 446 444 417 406 395 421 400 420 415 389 404 428 420 403 409 395 390 408 431 433 426 402 391 409 397 394 390 415 411 395 379 384 401 412 439 410 424 401 402 366 374 393 401 413 437 418 418 415 414 422 409 448 420 435 423 431 377 384 380 434 447 439 416 429 432 443 450 439 426 416 417 423 423 433 411 396 423 409 407 397 377 389 425 417 445 463 445 420 414 412 383 385 410 424 434 419 416 422 446 426 436 416 412 428 423 386 403 423 434 440 452 463 443 437 422 395 384 396 388 394 434 461 463 439 404 389 414 432 447 435 407 396 406 402 408 447 395 409 439 418 416 427 429 426 419 409 412 415 436 431 427 439 447 426 438 425 396 402 413 407 406 413 406 418 420 443 460 478 443 435 445 460 437 447 435 425 426 430 434 448 433 433 401 428 440 427 427 410 422 434 422 426 442 417 405 424 427 402 401 395 420 427 398 379 388 408 422 451 469 457 426 404 436 427 413 427 415 413 393 396 398 444 439 419 410 440 424 428 432 441 428 426 426 431 428 441 415 419 437 409 415 412 410 437 436 440 426 410 424 431 445 415 412 413 389 373 409 424 431 415 407 400 402 426 414 403 421 450 441 429 431 421 406 427 428 440 410 405 411 431 445 438 419 408 408 405 400 398 416 447 436 433 426 429 445 437 435 423 424 441 429 413 427 422 425 439 443 419 424 411 426 436 411 412 420 438 423 409 418 415 399 389 365 393 428 427 421 418 419 421 430 425 428 419 421 410 417 411 396 417 414 391 393 393 422 432 420 416 437 441 430 412 421 413 394 396 417 411 378 401 385 410 445 450 
vem trace:

stid: 341
spdistance: 1037.82
radio trace:
467 467 483 487 502 492 516 514 520 522 523 524 461 480 464 463 460 496 479 502 503 500 498 484 484 502 471 522 495 498 475 473 499 474 478 424 427 470 474 476 481 472 493 509 534 498 472 465 466 488 507 492 487 488 510 525 517 513 489 507 544 516 517 529 522 504 512 507 565 512 503 515 526 547 554 532 515 497 515 475 461 489 490 507 535 523 499 478 511 518 540 515 517 535 535 522 456 503 555 525 522 512 503 534 536 535 532 507 487 511 529 512 499 525 510 525 525 542 536 544 532 552 552 504 524 502 513 506 513 510 466 461 473 493 512 559 577 512 492 504 540 504 458 471 488 499 519 559 517 499 480 491 484 523 552 534 530 562 537 521 513 505 473 480 511 501 497 503 453 462 470 530 535 554 551 560 507 477 470 490 539 586 511 537 591 539 522 500 508 517 484 485 438 468 501 520 520 493 523 508 502 539 505 467 533 523 530 539 556 527 503 467 445 450 447 465 488 485 506 489 503 518 537 542 541 521 484 481 483 517 514 522 512 521 571 582 549 571 542 516 542 503 502 527 487 514 486 491 526 519 538 495 490 455 470 492 487 506 506 497 477 493 506 542 538 530 498 521 539 527 561 549 513 499 503 492 443 460 484 487 493 501 475 496 516 515 554 518 501 515 540 500 513 510 492 473 459 487 476 465 520 505 515 515 544 525 513 516 515 495 499 485 474 472 458 477 493 475 505 493 483 492 482 462 466 487 522 520 521 531 569 543 529 546 512 517 478 473 458 405 435 494 477 486 486 514 531 498 549 536 504 498 502 492 495 507 536 541 520 538 546 560 554 519 477 497 547 558 556 532 506 485 494 522 539 532 554 525 542 539 549 565 502 475 495 486 492 509 519 529 533 502 486 472 459 503 516 534 571 533 497 505 522 517 497 493 489 540 539 520 514 510 470 462 490 477 490 504 525 495 468 496 541 547 596 593 576 531 540 562 551 525 485 467 460 496 512 511 485 507 533 547 511 522 485 451 475 525 543 535 514 562 548 522 513 472 441 454 489 500 475 468 477 495 456 476 524 475 458 467 520 573 549 537 584 516 529 514 507 568 587 538 521 549 568 539 494 438 443 479 486 507 521 525 533 568 556 528 495 486 485 497 497 506 476 531 558 538 492 492 467 466 526 527 492 466 495 539 502 515 529 539 519 494 523 510 502 482 482 478 455 507 515 531 548 538 541 527 497 519 531 510 513 460 485 502 480 511 539 524 503 476 463 488 515 528 497 463 487 502 481 484 467 480 456 497 529 557 523 480 477 498 521 506 486 517 482 489 511 479 438 490 503 504 457 459 466 482 485 493 522 505 487 517 481 504 567 546 512 520 502 490 439 481 478 482 518 500 492 510 505 487 506 502 511 500 519 499 529 505 501 527 505 488 511 500 506 541 502 498 514 500 520 523 501 479 492 528 499 509 523 505 492 514 524 523 525 484 504 505 488 541 507 476 454 467 474 504 506 517 521 491 487 476 482 501 500 512 538 540 547 546 520 518 524 520 513 493 491 503 517 542 486 501 496 490 505 492 509 503 517 504 457 461 480 481 479 467 477 474 476 497 491 481 513 506 507 561 575 525 493 458 469 495 461 461 490 529 522 542 536 547 508 472 455 511 535 521 501 511 530 548 522 493 485 496 482 477 480 474 471 488 475 516 537 520 521 482 499 495 484 497 498 503 489 504 505 532 524 515 509 513 517 504 500 495 521 522 
vem trace:

stid: 341
spdistance: 1037.82
radio trace:
467 467 483 487 502 492 516 514 520 522 523 524 461 480 464 463 460 496 479 502 503 500 498 484 484 502 471 522 495 498 475 473 499 474 478 424 427 470 474 476 481 472 493 509 534 498 472 465 466 488 507 492 487 488 510 525 517 513 489 507 544 516 517 529 522 504 512 507 565 512 503 515 526 547 554 532 515 497 515 475 461 489 490 507 535 523 499 478 511 518 540 515 517 535 535 522 456 503 555 525 522 512 503 534 536 535 532 507 487 511 529 512 499 525 510 525 525 542 536 544 532 552 552 504 524 502 513 506 513 510 466 461 473 493 512 559 577 512 492 504 540 504 458 471 488 499 519 559 517 499 480 491 484 523 552 534 530 562 537 521 513 505 473 480 511 501 497 503 453 462 470 530 535 554 551 560 507 477 470 490 539 586 511 537 591 539 522 500 508 517 484 485 438 468 501 520 520 493 523 508 502 539 505 467 533 523 530 539 556 527 503 467 445 450 447 465 488 485 506 489 503 518 537 542 541 521 484 481 483 517 514 522 512 521 571 582 549 571 542 516 542 503 502 527 487 514 486 491 526 519 538 495 490 455 470 492 487 506 506 497 477 493 506 542 538 530 498 521 539 527 561 549 513 499 503 492 443 460 484 487 493 501 475 496 516 515 554 518 501 515 540 500 513 510 492 473 459 487 476 465 520 505 515 515 544 525 513 516 515 495 499 485 474 472 458 477 493 475 505 493 483 492 482 462 466 487 522 520 521 531 569 543 529 546 512 517 478 473 458 405 435 494 477 486 486 514 531 498 549 536 504 498 502 492 495 507 536 541 520 538 546 560 554 519 477 497 547 558 556 532 506 485 494 522 539 532 554 525 542 539 549 565 502 475 495 486 492 509 519 529 533 502 486 472 459 503 516 534 571 533 497 505 522 517 497 493 489 540 539 520 514 510 470 462 490 477 490 504 525 495 468 496 541 547 596 593 576 531 540 562 551 525 485 467 460 496 512 511 485 507 533 547 511 522 485 451 475 525 543 535 514 562 548 522 513 472 441 454 489 500 475 468 477 495 456 476 524 475 458 467 520 573 549 537 584 516 529 514 507 568 587 538 521 549 568 539 494 438 443 479 486 507 521 525 533 568 556 528 495 486 485 497 497 506 476 531 558 538 492 492 467 466 526 527 492 466 495 539 502 515 529 539 519 494 523 510 502 482 482 478 455 507 515 531 548 538 541 527 497 519 531 510 513 460 485 502 480 511 539 524 503 476 463 488 515 528 497 463 487 502 481 484 467 480 456 497 529 557 523 480 477 498 521 506 486 517 482 489 511 479 438 490 503 504 457 459 466 482 485 493 522 505 487 517 481 504 567 546 512 520 502 490 439 481 478 482 518 500 492 510 505 487 506 502 511 500 519 499 529 505 501 527 505 488 511 500 506 541 502 498 514 500 520 523 501 479 492 528 499 509 523 505 492 514 524 523 525 484 504 505 488 541 507 476 454 467 474 504 506 517 521 491 487 476 482 501 500 512 538 540 547 546 520 518 524 520 513 493 491 503 517 542 486 501 496 490 505 492 509 503 517 504 457 461 480 481 479 467 477 474 476 497 491 481 513 506 507 561 575 525 493 458 469 495 461 461 490 529 522 542 536 547 508 472 455 511 535 521 501 511 530 548 522 493 485 496 482 477 480 474 471 488 475 516 537 520 521 482 499 495 484 497 498 503 489 504 505 532 524 515 509 513 517 504 500 495 521 522 
vem trace:

stid: 343
spdistance: 1133.36
radio trace:
452 436 431 462 439 437 449 432 422 407 410 431 478 482 449 437 454 433 400 407 391 401 427 448 421 390 390 423 438 443 462 479 450 417 415 450 431 417 420 424 446 463 464 458 458 461 454 435 459 471 483 454 432 421 412 421 432 437 459 449 452 469 460 459 442 448 443 454 433 416 442 426 449 457 448 415 422 412 441 444 449 456 448 422 451 455 435 441 446 474 493 456 436 441 448 435 435 450 469 448 423 462 460 452 448 437 414 425 441 441 443 433 454 452 442 418 386 421 439 426 449 422 427 454 475 425 417 426 419 414 422 440 434 434 427 431 414 430 423 436 454 422 428 439 422 434 446 431 425 443 445 465 494 448 447 431 443 443 475 473 439 448 439 444 411 448 424 421 396 413 428 435 435 428 443 431 444 442 457 453 438 425 477 464 452 460 440 472 464 437 425 443 419 430 421 433 465 439 417 450 475 435 447 464 438 413 407 415 433 440 435 458 465 479 462 469 464 463 480 465 457 419 412 432 424 440 446 466 459 445 436 448 460 450 453 439 434 454 450 449 431 428 433 426 441 446 413 401 425 432 430 450 480 476 451 441 424 440 461 449 453 431 438 449 466 479 467 483 459 472 478 466 456 438 416 421 415 441 451 433 453 447 426 433 444 432 417 410 409 436 476 468 454 463 440 427 431 453 436 426 397 429 427 417 442 449 466 454 445 470 462 419 439 436 458 438 436 430 445 432 436 427 433 434 450 424 435 441 432 415 440 423 456 440 445 497 486 438 418 414 442 462 468 449 466 458 437 432 440 461 465 468 475 482 455 469 463 429 433 436 441 422 450 426 421 415 424 440 436 466 471 458 458 479 432 448 428 414 430 417 413 434 464 456 454 461 464 476 470 430 441 455 450 424 423 437 460 442 408 403 437 434 450 427 424 429 473 466 475 492 455 418 404 426 442 441 453 448 454 464 463 469 426 424 415 433 422 455 465 433 413 428 439 431 436 446 418 425 438 464 454 425 420 449 446 445 450 455 457 438 436 423 443 420 451 435 422 428 447 449 457 437 443 448 406 391 395 427 465 429 431 464 458 448 449 461 465 445 445 438 454 467 441 428 449 456 472 489 488 478 456 454 442 402 435 440 455 432 437 426 407 387 385 415 420 402 438 424 434 447 448 445 418 430 395 409 445 420 397 420 437 452 438 443 390 421 422 431 442 448 451 481 452 421 412 416 453 427 396 393 433 435 431 421 422 435 452 448 437 434 461 453 429 418 430 439 432 443 471 417 425 456 434 414 450 431 440 464 465 480 483 463 456 490 499 462 422 417 430 415 410 409 417 423 412 441 445 430 443 428 407 426 447 457 457 430 429 435 431 417 412 404 417 401 407 449 472 432 444 422 454 459 470 444 407 417 434 413 461 476 466 495 469 443 451 438 446 482 439 437 451 458 446 433 433 418 436 451 429 411 436 437 467 437 429 435 419 450 440 431 448 420 430 445 470 453 431 409 416 446 395 420 428 431 427 425 438 438 415 424 423 424 445 450 433 409 433 437 451 429 426 444 476 465 440 438 405 446 432 393 418 455 421 427 422 452 447 453 452 432 424 439 430 430 424 439 449 448 445 424 420 416 435 458 462 442 433 470 469 485 462 449 451 457 414 423 445 416 447 463 460 450 457 438 409 436 442 419 415 425 470 481 450 464 461 455 450 463 485 501 463 462 464 441 421 414 424 450 436 392 431 439 420 443 456 468 459 439 
vem trace:

