SDId: 34748611
energy: 3.29229e+17
zenith: 0.682172
azimuth: 2.8878
GPSSeconc: 1126761660
stid: 341
spdistance: 437.493
radio trace:
508 462 432 441 464 496 488 500 476 475 488 506 516 528 501 525 498 498 522 485 495 527 519 503 481 467 475 445 476 462 468 487 514 482 498 493 457 463 490 508 521 527 533 532 526 543 525 510 545 514 515 500 514 489 458 493 526 532 506 494 508 482 516 537 546 512 473 453 521 549 547 513 552 537 531 523 478 476 525 527 512 521 512 512 496 514 521 524 524 532 491 511 530 521 475 486 511 486 480 467 490 470 464 469 442 464 483 476 496 488 517 517 476 472 461 446 456 441 490 516 489 523 511 499 463 500 521 512 516 532 542 483 467 464 506 520 496 509 523 506 525 523 512 535 531 522 479 511 481 491 528 523 526 489 493 525 522 484 469 458 467 482 482 477 518 524 540 486 474 450 483 501 512 521 524 519 551 585 553 540 533 511 497 517 515 522 530 523 540 524 498 507 491 495 540 529 524 536 501 525 517 512 505 513 510 524 529 500 497 506 527 462 471 485 480 505 500 522 502 494 488 524 568 548 527 464 486 505 487 511 503 474 527 579 534 534 505 515 514 491 455 510 499 491 529 536 549 550 500 552 603 618 569 515 495 502 526 505 493 489 479 475 518 529 541 525 493 476 462 487 501 498 463 504 508 482 509 480 428 462 503 491 486 478 483 498 515 516 524 510 515 498 478 484 508 543 570 545 502 498 530 536 527 517 514 536 501 480 502 506 478 471 483 489 522 528 519 499 514 476 500 497 499 519 521 480 489 498 537 520 538 558 531 527 525 458 481 483 467 433 472 501 513 532 510 525 531 513 509 525 527 531 545 506 504 498 490 490 494 491 514 544 500 474 524 549 513 484 500 525 515 520 496 474 474 460 478 489 468 483 487 494 534 510 526 534 514 487 511 539 538 548 494 483 498 507 464 443 466 481 508 526 532 498 490 508 509 523 525 490 487 513 522 541 538 460 445 488 499 497 548 513 523 494 477 453 468 471 453 457 480 487 505 495 486 504 522 508 488 471 491 504 517 493 467 495 473 487 486 487 492 490 482 460 466 458 484 507 530 483 435 468 472 470 478 482 481 471 506 485 461 518 522 515 495 475 501 504 522 524 536 548 501 518 523 536 502 492 498 478 475 500 511 525 548 562 537 512 516 512 540 487 508 502 517 536 478 476 467 508 529 490 508 487 476 471 507 510 545 528 524 504 523 534 548 551 572 598 559 536 503 473 512 516 518 565 569 515 497 459 478 469 476 475 455 458 478 474 477 460 476 523 505 497 492 514 531 514 496 470 481 488 500 443 471 477 500 519 524 513 514 498 478 486 489 506 525 524 514 533 542 549 528 552 522 530 522 513 486 482 488 485 505 470 485 503 511 543 567 525 514 511 512 508 523 508 545 550 534 506 512 533 535 520 500 492 484 474 483 507 500 467 467 455 480 505 514 496 478 477 526 546 560 514 479 483 496 503 509 488 498 513 531 530 555 575 514 508 512 469 471 487 467 483 483 503 502 492 484 498 483 489 507 515 498 480 496 517 525 520 534 551 477 467 512 532 516 517 491 488 464 500 519 511 432 463 488 498 478 460 472 495 540 547 529 546 536 494 489 498 488 467 458 462 465 496 522 499 501 508 542 516 536 514 524 475 472 516 452 476 467 478 513 510 511 461 482 484 489 470 521 480 489 481 494 498 476 524 555 534 533 544 550 525 524 527 537 523 485 502 503 520 520 517 528 512 509 516 524 498 508 537 515 498 475 478 476 509 
vem trace:

stid: 341
spdistance: 437.493
radio trace:
508 462 432 441 464 496 488 500 476 475 488 506 516 528 501 525 498 498 522 485 495 527 519 503 481 467 475 445 476 462 468 487 514 482 498 493 457 463 490 508 521 527 533 532 526 543 525 510 545 514 515 500 514 489 458 493 526 532 506 494 508 482 516 537 546 512 473 453 521 549 547 513 552 537 531 523 478 476 525 527 512 521 512 512 496 514 521 524 524 532 491 511 530 521 475 486 511 486 480 467 490 470 464 469 442 464 483 476 496 488 517 517 476 472 461 446 456 441 490 516 489 523 511 499 463 500 521 512 516 532 542 483 467 464 506 520 496 509 523 506 525 523 512 535 531 522 479 511 481 491 528 523 526 489 493 525 522 484 469 458 467 482 482 477 518 524 540 486 474 450 483 501 512 521 524 519 551 585 553 540 533 511 497 517 515 522 530 523 540 524 498 507 491 495 540 529 524 536 501 525 517 512 505 513 510 524 529 500 497 506 527 462 471 485 480 505 500 522 502 494 488 524 568 548 527 464 486 505 487 511 503 474 527 579 534 534 505 515 514 491 455 510 499 491 529 536 549 550 500 552 603 618 569 515 495 502 526 505 493 489 479 475 518 529 541 525 493 476 462 487 501 498 463 504 508 482 509 480 428 462 503 491 486 478 483 498 515 516 524 510 515 498 478 484 508 543 570 545 502 498 530 536 527 517 514 536 501 480 502 506 478 471 483 489 522 528 519 499 514 476 500 497 499 519 521 480 489 498 537 520 538 558 531 527 525 458 481 483 467 433 472 501 513 532 510 525 531 513 509 525 527 531 545 506 504 498 490 490 494 491 514 544 500 474 524 549 513 484 500 525 515 520 496 474 474 460 478 489 468 483 487 494 534 510 526 534 514 487 511 539 538 548 494 483 498 507 464 443 466 481 508 526 532 498 490 508 509 523 525 490 487 513 522 541 538 460 445 488 499 497 548 513 523 494 477 453 468 471 453 457 480 487 505 495 486 504 522 508 488 471 491 504 517 493 467 495 473 487 486 487 492 490 482 460 466 458 484 507 530 483 435 468 472 470 478 482 481 471 506 485 461 518 522 515 495 475 501 504 522 524 536 548 501 518 523 536 502 492 498 478 475 500 511 525 548 562 537 512 516 512 540 487 508 502 517 536 478 476 467 508 529 490 508 487 476 471 507 510 545 528 524 504 523 534 548 551 572 598 559 536 503 473 512 516 518 565 569 515 497 459 478 469 476 475 455 458 478 474 477 460 476 523 505 497 492 514 531 514 496 470 481 488 500 443 471 477 500 519 524 513 514 498 478 486 489 506 525 524 514 533 542 549 528 552 522 530 522 513 486 482 488 485 505 470 485 503 511 543 567 525 514 511 512 508 523 508 545 550 534 506 512 533 535 520 500 492 484 474 483 507 500 467 467 455 480 505 514 496 478 477 526 546 560 514 479 483 496 503 509 488 498 513 531 530 555 575 514 508 512 469 471 487 467 483 483 503 502 492 484 498 483 489 507 515 498 480 496 517 525 520 534 551 477 467 512 532 516 517 491 488 464 500 519 511 432 463 488 498 478 460 472 495 540 547 529 546 536 494 489 498 488 467 458 462 465 496 522 499 501 508 542 516 536 514 524 475 472 516 452 476 467 478 513 510 511 461 482 484 489 470 521 480 489 481 494 498 476 524 555 534 533 544 550 525 524 527 537 523 485 502 503 520 520 517 528 512 509 516 524 498 508 537 515 498 475 478 476 509 
vem trace:

stid: 342
spdistance: 849.24
radio trace:
430 412 409 419 414 431 434 433 445 446 397 419 438 441 444 411 449 430 426 431 436 435 419 451 481 473 452 462 417 415 420 451 449 444 429 418 429 422 394 421 428 461 440 421 422 406 430 447 451 412 415 444 425 438 406 436 429 410 398 433 422 433 406 423 442 412 390 383 405 395 373 368 384 409 416 449 450 447 429 455 412 398 427 472 441 443 428 423 381 379 403 430 452 441 460 456 450 429 419 441 454 400 401 429 437 441 448 458 457 423 395 394 393 397 422 407 402 417 413 448 419 437 407 408 427 424 409 388 440 453 440 446 445 404 425 431 405 413 425 448 431 435 415 394 434 442 463 478 493 481 492 442 459 424 429 440 464 442 447 455 426 408 400 408 450 472 439 434 443 445 440 427 391 404 371 383 421 425 426 409 432 443 425 428 406 434 420 428 431 428 428 425 438 440 440 443 434 415 412 421 396 428 414 413 414 432 399 386 396 384 395 403 431 422 439 439 433 438 430 436 432 410 448 466 464 443 437 434 455 440 414 402 413 404 452 461 449 455 414 435 416 419 405 425 424 435 452 453 452 446 470 465 423 436 447 451 403 378 399 401 400 413 415 408 426 431 445 464 492 473 437 437 418 439 436 425 430 426 401 417 429 422 459 456 425 420 406 396 430 449 469 452 419 415 439 432 396 388 428 434 411 458 468 453 456 443 436 449 474 456 456 440 418 422 432 407 396 408 417 398 431 417 424 420 440 414 430 457 461 410 401 380 413 404 432 442 459 453 426 445 412 413 404 392 432 431 423 398 406 423 436 441 406 412 420 429 433 416 433 431 415 447 420 405 395 432 412 416 418 402 414 431 460 433 413 415 433 419 406 444 431 423 444 460 446 408 414 430 440 432 439 446 443 418 407 426 413 413 420 430 447 422 404 424 424 425 401 418 446 439 417 401 428 399 409 400 386 400 409 402 404 435 419 410 406 382 395 421 422 438 422 417 409 403 425 426 440 440 466 434 447 465 451 442 442 443 410 384 415 419 426 442 454 451 428 437 456 450 446 451 449 461 471 457 454 458 424 382 422 406 398 405 425 418 391 416 422 432 443 432 423 438 428 439 458 420 403 415 443 419 402 408 412 403 413 420 419 420 437 420 441 451 443 407 441 433 398 408 449 449 444 434 414 414 375 397 410 437 453 458 462 441 442 425 434 436 454 407 440 437 421 423 399 388 397 415 432 431 454 437 410 405 384 410 426 428 442 423 434 421 429 445 448 445 415 412 393 396 405 423 424 410 416 425 418 404 417 444 449 455 434 427 423 466 471 480 459 427 437 422 422 449 436 437 445 439 472 464 431 433 441 435 427 420 453 467 466 427 419 420 416 415 399 429 426 428 423 419 431 444 443 455 448 433 451 452 419 429 439 426 421 422 453 461 449 439 452 433 445 439 441 425 418 438 439 442 413 412 403 411 410 389 402 418 428 423 439 431 443 454 454 423 430 423 435 447 470 468 456 419 404 425 422 430 465 447 461 439 420 413 385 386 410 398 438 446 430 418 412 422 436 463 455 437 427 403 408 413 392 404 443 451 447 429 438 415 408 422 429 411 430 430 449 455 422 419 411 389 423 426 429 444 446 453 479 465 422 442 433 432 434 424 430 438 448 433 409 399 415 425 408 424 425 430 437 422 410 419 430 451 445 432 396 419 434 442 433 432 469 460 451 421 415 441 421 439 422 422 448 447 452 425 429 422 444 466 436 442 
vem trace:

stid: 343
spdistance: 1112.76
radio trace:
450 439 437 451 461 465 448 413 432 467 453 456 467 450 478 461 438 459 450 445 411 428 448 449 466 485 460 462 460 475 493 465 441 436 443 425 427 472 483 465 450 443 448 472 441 424 430 446 429 425 454 424 411 422 439 466 441 447 457 465 442 432 441 478 487 477 419 429 411 417 452 446 468 444 453 441 437 424 440 457 463 448 441 446 470 447 444 439 445 450 449 466 468 446 448 435 430 433 475 478 487 466 461 468 466 455 453 445 445 491 490 478 438 451 485 478 484 470 483 463 459 445 475 483 490 493 464 490 500 458 411 446 462 393 413 417 401 404 432 434 433 470 462 456 466 468 468 491 488 456 438 461 448 441 444 438 446 472 491 462 449 471 467 465 474 472 473 451 468 442 452 428 430 443 439 443 457 480 475 475 460 443 440 447 458 469 462 437 444 451 484 464 454 457 448 416 416 400 407 437 456 439 431 426 436 414 394 393 400 425 444 447 443 446 455 462 437 450 437 437 415 445 444 470 463 436 459 450 441 443 449 461 450 441 450 438 449 436 434 468 482 447 446 471 465 470 465 480 482 475 455 449 445 461 482 473 471 482 469 462 486 481 461 414 399 440 458 442 446 438 473 471 481 485 459 450 448 435 475 479 444 446 479 491 470 443 442 440 424 451 462 466 445 436 418 456 457 472 495 478 432 411 423 453 472 480 479 482 454 457 436 425 405 451 473 442 444 442 441 432 459 465 458 411 448 460 447 449 425 432 442 437 432 452 449 447 410 437 433 411 431 414 453 426 422 414 448 487 465 444 453 421 410 440 445 450 447 446 464 460 435 431 422 424 452 460 439 445 460 452 485 478 488 478 476 452 445 462 459 459 449 437 438 451 464 465 442 439 450 475 487 491 459 446 434 438 435 419 453 449 452 454 475 438 456 487 465 472 468 461 442 460 474 491 482 446 429 440 436 418 461 469 455 410 426 475 467 442 430 409 432 433 420 446 433 425 442 437 439 447 454 453 448 457 436 451 454 444 439 452 447 447 433 439 450 444 437 436 462 435 420 383 391 442 467 471 467 471 453 467 472 432 428 414 433 422 420 416 464 457 434 426 434 440 447 441 450 451 447 469 491 469 464 473 444 469 480 502 505 496 465 455 462 399 412 452 422 431 432 439 441 436 473 491 474 448 433 413 412 409 423 433 447 419 447 434 424 432 451 426 462 452 468 476 473 441 451 454 453 406 416 443 443 428 441 445 442 447 456 471 473 441 467 474 439 451 451 439 456 479 466 465 423 432 445 443 446 454 444 439 456 489 455 440 416 427 453 444 407 388 390 414 435 473 467 413 405 431 440 458 461 424 412 415 424 431 449 448 430 472 498 473 465 441 461 464 473 464 452 437 456 438 448 446 428 441 440 438 454 473 490 469 459 477 476 462 449 457 474 483 472 456 456 432 416 432 442 464 456 451 461 482 458 444 452 475 475 460 471 458 448 466 435 442 466 491 453 426 408 406 418 443 443 449 458 482 480 458 439 424 434 473 467 463 463 455 405 391 422 412 415 424 441 427 447 444 421 426 403 435 454 424 440 487 477 445 461 465 441 454 465 462 437 455 470 452 442 471 454 456 454 415 421 423 422 456 466 441 448 473 461 466 448 440 457 472 449 455 452 431 409 429 453 452 460 453 434 437 449 457 466 465 407 425 426 412 421 437 447 465 460 474 478 474 462 454 442 441 443 418 419 404 417 422 453 437 454 422 
vem trace:

