SDId: 34782419
energy: 7.30421e+17
zenith: 0.505313
azimuth: 1.01171
GPSSeconc: 1126967405
stid: 343
spdistance: 812.931
radio trace:
461 422 432 449 449 442 474 472 449 449 467 440 452 469 477 473 472 443 416 448 463 455 468 442 437 449 450 470 450 464 477 479 459 467 462 460 464 491 487 476 464 441 424 447 449 428 419 448 476 448 442 412 407 425 452 451 448 433 469 461 458 442 442 471 467 461 481 463 465 445 450 452 434 442 454 473 462 435 439 447 445 434 430 452 469 466 480 490 476 468 475 463 434 441 470 461 480 475 450 445 449 449 473 490 481 476 484 469 461 462 474 472 476 481 468 489 463 483 491 449 423 452 422 436 449 466 460 442 450 438 428 427 440 474 460 456 480 472 449 449 453 401 403 411 454 476 461 474 455 431 430 446 443 436 442 443 453 465 469 455 458 456 475 447 418 430 458 492 469 492 488 499 483 450 473 489 434 431 458 449 475 464 451 441 432 439 442 451 472 497 497 471 467 460 461 477 457 437 435 438 468 463 460 417 415 429 449 463 462 439 417 457 464 455 455 454 453 459 459 463 439 442 449 463 434 445 421 430 408 405 436 438 450 460 479 485 480 446 430 462 459 461 436 458 488 469 462 448 455 445 455 435 464 460 449 435 421 420 439 410 411 410 420 471 495 457 463 468 443 448 448 462 460 415 431 445 435 416 436 449 447 457 450 444 458 461 473 490 480 442 424 417 430 425 450 456 441 426 453 456 461 491 477 476 476 494 455 433 438 416 448 471 465 436 444 484 493 469 470 472 470 468 456 454 472 464 462 453 430 413 412 410 441 432 409 401 410 441 473 489 486 481 449 445 439 451 459 476 461 436 441 464 484 463 467 474 474 452 450 444 437 446 420 428 441 425 418 406 408 443 458 451 424 450 401 417 438 462 446 461 469 456 433 449 436 437 448 431 422 460 484 443 428 427 437 428 418 446 464 470 457 494 470 452 442 416 437 457 442 451 447 457 470 462 465 470 415 445 460 481 442 450 444 454 454 431 411 403 417 426 411 419 435 433 444 404 435 448 435 416 436 441 436 445 462 461 457 433 471 474 468 465 443 425 441 440 452 480 454 453 438 399 407 423 432 444 470 456 441 456 448 432 446 465 442 449 471 442 455 443 439 434 427 433 434 439 450 441 431 458 461 437 435 461 446 427 436 438 474 470 478 442 444 424 447 432 454 472 466 468 441 437 451 476 467 454 430 471 478 458 454 424 460 457 426 474 451 420 428 459 454 435 423 438 446 473 503 511 471 468 428 437 426 445 475 472 485 471 452 449 415 423 452 461 449 465 459 446 433 456 472 442 452 440 433 477 455 444 454 449 467 463 479 474 467 487 474 448 427 411 429 455 451 452 450 444 430 436 454 439 453 454 457 450 454 410 394 440 454 472 442 443 438 450 442 438 421 451 421 447 431 421 416 438 474 477 460 449 433 442 433 417 449 438 425 420 398 428 459 453 455 444 426 461 465 493 455 473 485 458 428 398 421 450 444 453 450 436 454 437 459 484 482 487 493 486 476 470 447 431 458 458 432 410 428 432 451 454 459 481 459 429 465 488 447 432 414 447 458 472 455 437 452 429 416 425 453 471 468 468 467 478 491 465 455 477 460 453 471 480 474 456 445 454 446 452 476 476 477 501 481 501 474 459 441 448 473 454 449 422 463 453 422 416 440 442 433 430 439 423 430 443 428 422 435 446 457 446 461 466 486 462 420 428 425 428 438 465 444 470 456 456 456 465 448 451 437 436 458 424 451 451 478 465 468 472 451 478 
vem trace:

stid: 341
spdistance: 972.751
radio trace:
511 476 480 507 504 491 491 491 466 505 491 463 509 513 516 524 511 493 529 531 522 502 511 498 472 463 503 526 517 516 501 509 478 509 503 515 542 505 502 474 501 495 517 514 509 482 507 531 522 528 511 534 514 500 502 495 512 524 495 472 489 485 482 499 483 510 532 525 496 506 523 492 486 485 525 512 505 526 531 535 520 523 498 528 514 479 451 478 490 486 506 535 501 483 488 452 492 537 531 541 503 485 494 466 463 518 521 530 487 442 428 449 480 478 529 508 469 493 511 521 508 529 532 524 540 534 515 498 517 519 493 515 499 501 498 528 533 533 529 528 515 480 477 509 515 513 509 522 456 440 478 497 505 479 503 511 498 474 469 500 478 496 544 540 492 478 468 480 473 476 532 568 586 571 529 492 496 523 503 494 513 500 509 531 522 510 506 503 488 531 552 556 531 506 493 520 514 490 466 490 501 507 520 490 492 481 484 487 517 502 494 493 522 506 510 518 531 515 519 527 570 578 544 523 500 496 518 485 496 530 474 457 463 482 487 478 491 477 483 475 529 542 565 511 522 500 493 489 495 487 513 489 501 553 501 450 462 432 437 488 485 444 463 487 503 536 517 472 509 540 510 482 512 503 541 570 533 520 519 519 519 502 532 506 528 503 513 508 511 518 506 495 521 481 490 437 441 444 510 499 523 517 474 451 477 475 461 495 531 517 522 493 486 484 466 480 530 503 455 490 519 515 520 489 495 476 473 502 481 475 496 503 506 489 518 521 521 501 534 541 568 551 569 564 518 517 500 488 462 463 452 489 463 497 491 488 500 496 492 492 475 483 504 470 521 543 530 486 497 513 513 549 513 510 522 524 523 531 501 526 522 525 541 531 554 570 533 516 563 531 510 513 484 491 545 587 561 511 498 509 526 531 534 556 532 536 549 536 508 513 539 517 477 435 440 455 476 508 555 505 480 510 510 572 556 530 531 481 420 436 479 481 440 464 457 460 465 460 463 512 489 493 501 528 517 490 467 483 507 544 538 558 595 575 535 478 493 501 534 556 553 509 508 487 510 543 540 493 481 472 490 540 526 535 495 500 496 470 498 497 535 501 491 452 492 530 506 491 504 520 524 577 548 498 505 458 459 468 484 489 489 482 482 492 506 463 461 501 503 512 468 445 469 499 542 546 543 552 541 519 533 528 539 501 507 557 528 494 491 525 514 544 530 530 531 511 509 528 492 518 482 485 519 456 473 482 515 500 531 540 536 508 504 499 484 517 535 526 514 484 456 463 484 488 460 488 506 544 523 510 487 476 488 501 528 559 552 521 500 506 519 487 471 498 435 463 477 489 484 516 478 454 479 534 535 587 568 496 497 473 445 492 517 483 502 517 518 468 487 480 455 468 448 444 486 476 493 476 502 514 526 506 531 513 471 459 462 457 512 514 524 505 532 489 439 463 523 559 560 532 497 513 502 533 546 520 500 488 492 507 480 513 527 510 479 476 516 493 480 504 504 483 467 475 478 495 510 491 488 480 492 524 511 506 490 490 497 498 526 521 529 483 476 461 472 518 503 488 497 508 474 453 476 476 468 520 463 465 515 488 522 556 509 497 487 467 479 465 454 517 510 495 487 520 484 505 489 468 466 517 500 506 504 473 500 476 504 531 495 509 473 478 476 452 487 486 521 554 577 565 581 557 514 518 493 486 490 482 477 480 474 507 507 486 483 472 485 509 533 531 537 525 546 596 553 541 555 558 
vem trace:

stid: 341
spdistance: 972.751
radio trace:
511 476 480 507 504 491 491 491 466 505 491 463 509 513 516 524 511 493 529 531 522 502 511 498 472 463 503 526 517 516 501 509 478 509 503 515 542 505 502 474 501 495 517 514 509 482 507 531 522 528 511 534 514 500 502 495 512 524 495 472 489 485 482 499 483 510 532 525 496 506 523 492 486 485 525 512 505 526 531 535 520 523 498 528 514 479 451 478 490 486 506 535 501 483 488 452 492 537 531 541 503 485 494 466 463 518 521 530 487 442 428 449 480 478 529 508 469 493 511 521 508 529 532 524 540 534 515 498 517 519 493 515 499 501 498 528 533 533 529 528 515 480 477 509 515 513 509 522 456 440 478 497 505 479 503 511 498 474 469 500 478 496 544 540 492 478 468 480 473 476 532 568 586 571 529 492 496 523 503 494 513 500 509 531 522 510 506 503 488 531 552 556 531 506 493 520 514 490 466 490 501 507 520 490 492 481 484 487 517 502 494 493 522 506 510 518 531 515 519 527 570 578 544 523 500 496 518 485 496 530 474 457 463 482 487 478 491 477 483 475 529 542 565 511 522 500 493 489 495 487 513 489 501 553 501 450 462 432 437 488 485 444 463 487 503 536 517 472 509 540 510 482 512 503 541 570 533 520 519 519 519 502 532 506 528 503 513 508 511 518 506 495 521 481 490 437 441 444 510 499 523 517 474 451 477 475 461 495 531 517 522 493 486 484 466 480 530 503 455 490 519 515 520 489 495 476 473 502 481 475 496 503 506 489 518 521 521 501 534 541 568 551 569 564 518 517 500 488 462 463 452 489 463 497 491 488 500 496 492 492 475 483 504 470 521 543 530 486 497 513 513 549 513 510 522 524 523 531 501 526 522 525 541 531 554 570 533 516 563 531 510 513 484 491 545 587 561 511 498 509 526 531 534 556 532 536 549 536 508 513 539 517 477 435 440 455 476 508 555 505 480 510 510 572 556 530 531 481 420 436 479 481 440 464 457 460 465 460 463 512 489 493 501 528 517 490 467 483 507 544 538 558 595 575 535 478 493 501 534 556 553 509 508 487 510 543 540 493 481 472 490 540 526 535 495 500 496 470 498 497 535 501 491 452 492 530 506 491 504 520 524 577 548 498 505 458 459 468 484 489 489 482 482 492 506 463 461 501 503 512 468 445 469 499 542 546 543 552 541 519 533 528 539 501 507 557 528 494 491 525 514 544 530 530 531 511 509 528 492 518 482 485 519 456 473 482 515 500 531 540 536 508 504 499 484 517 535 526 514 484 456 463 484 488 460 488 506 544 523 510 487 476 488 501 528 559 552 521 500 506 519 487 471 498 435 463 477 489 484 516 478 454 479 534 535 587 568 496 497 473 445 492 517 483 502 517 518 468 487 480 455 468 448 444 486 476 493 476 502 514 526 506 531 513 471 459 462 457 512 514 524 505 532 489 439 463 523 559 560 532 497 513 502 533 546 520 500 488 492 507 480 513 527 510 479 476 516 493 480 504 504 483 467 475 478 495 510 491 488 480 492 524 511 506 490 490 497 498 526 521 529 483 476 461 472 518 503 488 497 508 474 453 476 476 468 520 463 465 515 488 522 556 509 497 487 467 479 465 454 517 510 495 487 520 484 505 489 468 466 517 500 506 504 473 500 476 504 531 495 509 473 478 476 452 487 486 521 554 577 565 581 557 514 518 493 486 490 482 477 480 474 507 507 486 483 472 485 509 533 531 537 525 546 596 553 541 555 558 
vem trace:

