SDId: 34890945
energy: 2.71715e+17
zenith: 0.334102
azimuth: 2.45306
GPSSeconc: 1127658923
stid: 342
spdistance: 613.142
radio trace:
493 497 486 497 484 497 461 446 473 484 472 446 421 445 443 478 477 449 470 466 464 474 468 495 482 466 463 465 474 462 476 491 498 474 486 456 472 495 491 506 489 481 465 463 479 475 460 499 525 529 509 480 492 483 474 444 442 425 429 462 453 414 434 472 479 464 448 464 476 460 444 441 462 454 462 477 471 471 483 489 473 489 476 462 448 461 489 497 480 507 505 474 469 471 511 472 454 464 451 452 484 473 446 484 483 466 465 464 448 477 479 509 534 515 460 467 505 496 464 454 452 476 480 483 470 470 493 471 470 454 457 466 478 445 445 465 471 425 454 455 476 496 506 489 499 450 451 460 479 504 503 501 518 500 478 458 461 448 489 499 500 490 518 493 473 480 497 486 521 489 497 480 482 474 473 459 456 458 451 474 498 497 523 477 479 474 490 457 473 466 494 454 458 507 512 526 485 488 471 476 492 488 463 459 477 475 462 465 453 466 476 492 472 490 498 488 476 473 460 461 486 492 483 471 475 475 459 479 476 499 499 505 507 468 474 483 503 493 486 472 454 468 491 477 496 510 475 484 495 481 470 476 482 500 519 491 464 464 469 472 462 493 496 478 497 444 460 493 458 455 439 467 482 480 472 476 487 478 500 515 505 494 463 440 421 446 475 443 427 453 476 487 517 536 485 476 462 503 490 463 465 481 504 501 462 461 465 468 464 469 501 499 496 480 489 472 456 498 491 492 504 427 417 424 454 460 469 485 497 483 510 476 472 501 463 493 519 534 498 480 464 453 445 449 465 490 535 538 525 508 500 469 454 442 473 471 453 477 432 442 496 484 472 434 419 432 456 468 454 456 459 484 465 471 477 490 491 465 489 507 482 465 466 475 483 456 445 433 424 430 472 504 459 463 461 486 469 459 451 484 483 459 443 464 481 475 458 471 464 459 487 467 462 462 480 466 465 478 482 486 482 427 453 472 468 459 468 488 502 474 475 461 485 456 482 514 484 454 432 451 473 464 465 469 452 459 467 474 457 457 461 480 480 480 472 464 482 501 463 445 433 473 480 472 424 414 419 435 462 508 483 478 472 473 487 506 501 506 497 488 467 439 478 496 469 452 462 469 464 474 467 450 457 470 475 462 464 492 487 488 484 471 462 427 452 487 480 482 489 469 463 473 471 471 474 490 498 499 461 481 496 499 517 533 499 502 493 499 500 514 509 519 529 483 481 477 491 502 517 505 505 468 479 488 511 500 477 479 497 486 490 488 463 488 491 477 504 487 446 436 463 487 499 492 459 475 480 456 462 471 480 480 497 465 482 477 459 459 465 474 505 490 473 467 470 487 482 488 501 464 456 431 443 497 491 483 512 494 445 461 468 484 509 492 483 476 471 476 470 490 478 494 453 433 436 467 489 489 483 476 451 492 483 489 511 465 482 471 517 501 513 494 520 500 476 475 481 471 486 491 501 492 479 469 460 468 457 447 492 497 488 497 500 452 469 482 485 446 444 482 513 519 499 488 475 528 520 488 474 465 489 500 502 495 504 466 452 448 480 501 484 490 518 522 519 464 457 466 441 495 546 507 473 495 470 465 452 412 480 499 455 453 466 488 500 516 500 459 483 479 470 462 479 508 509 474 489 502 479 468 449 453 466 471 439 425 448 465 518 497 500 475 449 453 474 447 434 450 444 430 438 445 411 430 455 479 450 462 513 502 495 464 459 456 466 486 506 510 501 512 479 460 462 489 511 495 512 483 
vem trace:

stid: 341
spdistance: 2049.97
radio trace:
570 541 571 548 567 599 597 594 562 546 535 511 510 493 526 565 563 562 559 504 566 577 612 545 524 510 505 533 527 546 566 526 524 520 534 533 576 613 618 611 584 589 562 561 545 503 534 560 541 490 526 539 505 508 485 545 563 547 528 539 555 540 506 493 482 479 467 479 507 529 512 519 525 493 475 517 533 573 547 530 507 506 529 542 569 592 602 584 552 547 560 568 567 544 595 572 599 534 534 494 529 547 552 529 548 543 557 526 526 529 552 569 578 535 511 526 549 569 548 539 522 494 510 508 520 514 525 516 551 561 536 519 472 524 530 544 543 545 542 540 538 533 553 525 515 496 517 498 503 535 549 535 555 545 543 533 521 569 544 539 548 535 546 541 581 583 578 567 565 541 537 519 503 533 527 514 520 516 508 511 551 557 541 521 549 535 564 505 526 500 539 549 488 502 508 554 529 499 528 542 541 527 566 577 571 572 564 566 572 599 548 518 529 544 561 550 553 547 516 486 513 550 554 570 520 540 554 548 576 573 525 534 556 533 496 546 543 527 522 526 506 544 522 533 513 536 576 562 588 556 548 524 517 490 502 548 489 517 523 519 525 551 529 530 495 466 509 518 497 502 504 516 516 543 521 522 538 525 542 554 544 523 517 542 493 539 523 487 476 499 514 500 517 525 485 518 530 513 530 509 506 519 494 506 513 518 519 536 559 553 549 484 464 501 466 473 520 548 533 498 489 524 561 533 509 525 540 505 535 515 540 538 534 525 514 500 518 507 476 519 504 518 529 509 494 440 462 558 546 530 495 510 516 513 536 514 514 476 501 540 540 519 514 547 562 528 538 541 544 539 516 545 535 486 541 576 550 529 542 553 562 553 535 567 576 550 552 546 557 540 520 511 569 567 537 570 551 567 567 571 524 545 522 511 504 500 526 580 559 565 539 525 539 546 560 508 477 479 499 507 529 480 470 517 474 503 534 543 536 570 543 581 597 564 546 542 555 550 532 533 523 550 561 564 577 550 557 508 485 487 484 475 485 494 501 546 547 539 569 519 523 518 555 539 564 540 557 587 579 520 470 496 502 549 534 536 491 511 524 487 510 543 533 568 543 504 523 539 541 502 469 526 552 508 497 522 512 503 552 557 519 510 544 526 513 494 456 495 542 579 549 508 477 501 501 483 555 589 616 617 602 572 574 594 579 554 551 509 515 563 579 534 512 509 466 501 519 520 536 523 503 497 505 523 551 528 567 516 513 525 525 542 548 529 522 544 540 554 528 565 566 545 536 536 549 558 548 539 498 494 479 521 548 531 499 522 528 529 522 493 497 546 581 588 566 532 541 548 584 566 506 517 538 540 552 613 611 572 538 511 475 510 532 531 528 520 552 592 580 564 538 506 529 554 535 537 541 546 524 518 535 540 535 533 619 609 574 549 553 545 539 536 552 578 560 512 481 481 464 473 517 529 526 535 537 523 505 517 530 555 525 511 511 528 529 519 520 530 558 535 502 495 526 526 527 528 511 554 529 506 531 520 537 536 554 553 564 628 617 593 558 541 530 560 551 589 569 567 566 585 546 551 526 544 583 557 550 530 511 543 528 541 531 531 560 576 558 568 532 531 504 495 542 541 556 528 522 522 500 485 518 490 548 522 549 524 491 471 477 462 485 508 542 542 541 549 586 569 511 499 486 490 503 513 539 563 519 565 562 543 535 540 506 530 530 522 523 531 529 557 543 559 568 557 534 550 566 518 
vem trace:

stid: 341
spdistance: 2049.97
radio trace:
570 541 571 548 567 599 597 594 562 546 535 511 510 493 526 565 563 562 559 504 566 577 612 545 524 510 505 533 527 546 566 526 524 520 534 533 576 613 618 611 584 589 562 561 545 503 534 560 541 490 526 539 505 508 485 545 563 547 528 539 555 540 506 493 482 479 467 479 507 529 512 519 525 493 475 517 533 573 547 530 507 506 529 542 569 592 602 584 552 547 560 568 567 544 595 572 599 534 534 494 529 547 552 529 548 543 557 526 526 529 552 569 578 535 511 526 549 569 548 539 522 494 510 508 520 514 525 516 551 561 536 519 472 524 530 544 543 545 542 540 538 533 553 525 515 496 517 498 503 535 549 535 555 545 543 533 521 569 544 539 548 535 546 541 581 583 578 567 565 541 537 519 503 533 527 514 520 516 508 511 551 557 541 521 549 535 564 505 526 500 539 549 488 502 508 554 529 499 528 542 541 527 566 577 571 572 564 566 572 599 548 518 529 544 561 550 553 547 516 486 513 550 554 570 520 540 554 548 576 573 525 534 556 533 496 546 543 527 522 526 506 544 522 533 513 536 576 562 588 556 548 524 517 490 502 548 489 517 523 519 525 551 529 530 495 466 509 518 497 502 504 516 516 543 521 522 538 525 542 554 544 523 517 542 493 539 523 487 476 499 514 500 517 525 485 518 530 513 530 509 506 519 494 506 513 518 519 536 559 553 549 484 464 501 466 473 520 548 533 498 489 524 561 533 509 525 540 505 535 515 540 538 534 525 514 500 518 507 476 519 504 518 529 509 494 440 462 558 546 530 495 510 516 513 536 514 514 476 501 540 540 519 514 547 562 528 538 541 544 539 516 545 535 486 541 576 550 529 542 553 562 553 535 567 576 550 552 546 557 540 520 511 569 567 537 570 551 567 567 571 524 545 522 511 504 500 526 580 559 565 539 525 539 546 560 508 477 479 499 507 529 480 470 517 474 503 534 543 536 570 543 581 597 564 546 542 555 550 532 533 523 550 561 564 577 550 557 508 485 487 484 475 485 494 501 546 547 539 569 519 523 518 555 539 564 540 557 587 579 520 470 496 502 549 534 536 491 511 524 487 510 543 533 568 543 504 523 539 541 502 469 526 552 508 497 522 512 503 552 557 519 510 544 526 513 494 456 495 542 579 549 508 477 501 501 483 555 589 616 617 602 572 574 594 579 554 551 509 515 563 579 534 512 509 466 501 519 520 536 523 503 497 505 523 551 528 567 516 513 525 525 542 548 529 522 544 540 554 528 565 566 545 536 536 549 558 548 539 498 494 479 521 548 531 499 522 528 529 522 493 497 546 581 588 566 532 541 548 584 566 506 517 538 540 552 613 611 572 538 511 475 510 532 531 528 520 552 592 580 564 538 506 529 554 535 537 541 546 524 518 535 540 535 533 619 609 574 549 553 545 539 536 552 578 560 512 481 481 464 473 517 529 526 535 537 523 505 517 530 555 525 511 511 528 529 519 520 530 558 535 502 495 526 526 527 528 511 554 529 506 531 520 537 536 554 553 564 628 617 593 558 541 530 560 551 589 569 567 566 585 546 551 526 544 583 557 550 530 511 543 528 541 531 531 560 576 558 568 532 531 504 495 542 541 556 528 522 522 500 485 518 490 548 522 549 524 491 471 477 462 485 508 542 542 541 549 586 569 511 499 486 490 503 513 539 563 519 565 562 543 535 540 506 530 530 522 523 531 529 557 543 559 568 557 534 550 566 518 
vem trace:

stid: 333
spdistance: 1123.11
radio trace:
471 463 468 444 474 474 448 481 456 456 455 444 438 447 462 451 456 495 483 493 479 524 472 493 462 465 444 442 473 464 455 479 486 473 452 485 512 507 465 470 439 450 434 415 423 439 456 469 451 474 468 470 508 470 444 449 420 463 474 495 429 401 448 486 493 497 486 475 453 432 454 470 491 498 444 465 481 464 474 464 459 459 456 438 427 423 459 463 424 435 452 442 455 472 478 515 507 473 471 485 448 396 431 450 466 452 439 443 455 416 414 470 489 509 503 481 480 469 507 502 523 484 469 478 490 490 483 510 511 478 468 459 485 466 452 457 456 451 477 470 459 465 445 454 475 477 506 541 526 529 502 454 437 422 434 472 492 500 480 492 500 480 502 501 476 443 474 473 429 456 464 442 424 450 456 480 481 442 430 442 426 460 461 448 456 446 454 468 447 428 463 501 522 485 490 470 487 487 460 457 471 484 455 457 457 481 499 476 401 396 445 496 516 530 490 457 468 451 391 431 434 425 444 497 471 456 412 407 433 438 444 461 454 443 451 451 449 469 490 484 481 485 514 446 431 436 440 411 391 457 489 467 472 479 481 473 466 480 431 455 446 482 462 461 434 467 503 507 502 460 501 508 526 520 485 475 483 485 494 468 488 504 459 446 433 415 409 446 434 449 450 491 499 519 502 460 454 449 432 467 489 515 484 496 481 500 478 482 468 475 494 466 461 447 442 466 444 433 436 434 458 463 452 443 465 460 486 499 468 428 433 427 461 475 446 446 467 469 460 433 442 443 471 491 450 441 446 477 467 473 475 496 496 492 480 425 441 475 465 462 466 446 443 482 478 498 476 461 458 468 486 498 486 512 499 485 466 490 443 449 476 489 481 495 503 522 472 473 468 476 499 489 436 427 450 484 511 488 487 465 506 485 484 509 505 470 507 462 480 480 479 467 463 476 498 472 456 460 499 514 474 457 466 477 485 483 454 447 472 499 500 474 462 469 475 492 425 431 485 475 497 508 474 442 445 472 474 470 463 488 492 502 478 440 412 457 447 422 475 508 512 532 493 477 487 474 457 434 450 508 505 485 486 458 424 453 486 443 451 451 454 465 453 463 469 489 485 504 498 486 506 516 515 494 460 448 439 436 444 443 440 460 456 465 447 467 456 479 505 499 506 472 477 479 463 458 492 440 483 493 531 525 492 471 490 450 437 424 492 513 469 475 510 503 496 504 475 465 464 479 459 468 459 444 424 449 458 476 518 487 463 463 456 414 449 473 470 492 463 461 475 467 428 457 473 501 462 465 500 492 517 483 461 439 447 485 478 488 485 476 495 477 469 468 471 457 438 447 465 473 485 478 487 476 492 514 506 458 480 498 491 478 447 475 476 477 446 484 467 439 422 424 473 509 529 501 469 459 468 456 457 468 451 444 448 425 457 478 449 431 443 478 498 494 480 507 453 417 463 482 490 450 449 462 472 454 476 461 440 481 499 488 450 444 458 433 400 424 459 454 439 447 443 488 502 479 464 491 490 527 499 447 445 469 476 451 460 448 460 495 491 433 466 462 442 468 449 425 412 417 418 422 425 450 463 476 488 466 469 478 483 501 490 445 416 426 422 424 446 449 422 450 453 461 482 484 476 480 474 457 475 474 449 469 451 438 478 473 443 450 461 483 485 490 470 477 522 550 540 529 495 495 499 488 469 461 465 459 464 476 466 449 454 471 461 478 482 476 475 496 509 494 476 459 470 438 433 447 
vem trace:

