SDId: 34665156
energy: 3.65549e+17
zenith: 0.395365
azimuth: 3.38753
GPSSeconc: 1126316949
stid: 332
spdistance: 806.252
radio trace:
544 551 552 556 533 549 567 566 535 525 515 498 553 527 527 534 545 516 568 575 527 528 552 544 557 570 573 533 534 537 562 515 558 559 527 533 588 611 604 571 539 540 540 556 534 531 552 586 593 610 553 527 542 565 589 582 611 586 577 594 614 595 552 530 567 558 542 528 498 529 514 521 537 548 524 560 546 568 547 553 550 589 536 521 546 515 527 538 507 530 526 518 530 536 539 551 537 515 519 517 523 533 533 526 521 524 516 544 553 507 546 544 511 543 553 541 548 548 514 520 557 573 571 565 567 539 544 555 564 556 578 590 587 569 566 593 566 544 539 527 537 540 577 550 557 550 554 528 555 566 572 564 542 525 541 532 543 548 575 574 543 548 536 561 539 555 580 608 571 536 521 518 526 549 521 554 553 554 520 485 518 545 569 572 569 551 549 569 540 533 525 520 549 564 567 528 530 553 525 547 519 483 549 553 509 535 535 553 546 547 547 552 546 527 555 556 541 543 513 530 551 542 565 543 531 542 516 511 545 559 527 549 569 576 591 552 548 550 576 530 539 496 553 569 538 558 531 537 516 546 559 569 562 543 518 553 540 553 542 512 509 566 555 561 552 572 582 557 562 553 522 482 506 519 504 522 596 546 529 529 552 588 609 563 544 539 516 501 551 562 545 580 603 547 511 533 533 555 558 555 567 569 587 561 534 532 555 596 580 558 549 566 550 528 545 560 565 604 574 517 545 597 619 601 553 544 517 512 558 595 578 565 605 606 595 561 559 551 507 506 508 537 570 592 588 594 553 537 544 540 526 542 552 574 574 533 512 521 567 610 631 594 585 541 567 561 565 550 566 537 499 528 553 568 545 560 559 546 526 534 536 550 544 557 526 538 542 568 551 549 546 536 550 559 557 539 550 559 543 565 516 533 540 571 518 527 570 581 563 547 528 523 527 515 525 511 548 566 550 563 546 555 555 524 558 568 566 567 545 517 559 548 524 545 548 542 537 542 549 551 561 564 525 528 542 533 529 537 530 509 508 551 554 565 545 536 538 518 530 535 557 529 549 528 543 539 522 535 553 534 529 527 526 545 553 561 526 508 538 556 550 589 578 521 570 550 559 577 560 572 545 567 552 522 518 525 566 574 517 570 558 522 535 547 535 529 545 562 557 543 543 537 530 539 556 566 547 545 552 564 537 534 542 550 560 521 506 503 524 532 554 543 529 556 525 512 508 532 509 544 563 571 556 539 573 567 548 534 537 523 539 531 512 535 549 569 541 540 560 575 550 542 569 562 545 547 561 574 575 571 562 570 555 570 586 563 571 526 541 565 563 563 600 588 553 540 563 546 525 540 557 593 576 552 535 543 543 556 547 539 566 583 572 546 554 556 577 579 566 565 550 572 579 576 565 565 565 563 556 558 577 558 570 599 581 559 535 523 525 548 534 493 491 502 514 522 547 573 563 534 520 557 538 519 548 546 541 513 514 525 516 489 525 514 517 540 530 534 552 593 557 496 533 577 572 563 555 566 546 552 552 573 557 539 531 527 559 532 515 560 575 556 570 544 523 543 516 532 519 531 540 557 534 567 614 575 547 544 545 542 502 516 517 535 533 552 556 567 548 577 569 550 556 551 572 559 532 545 549 532 527 552 558 568 608 576 534 514 497 515 520 549 535 520 525 553 578 565 557 543 520 545 567 531 553 545 539 566 553 530 534 509 546 569 550 570 589 549 510 509 547 556 501 482 530 556 571 579 
vem trace:

stid: 333
spdistance: 958.783
radio trace:
459 461 460 468 461 436 438 439 453 421 454 484 447 446 455 441 426 392 391 391 394 435 444 437 446 443 419 415 400 435 462 443 448 450 433 420 435 442 449 446 427 432 429 455 485 487 482 479 467 413 431 419 429 432 451 435 426 437 405 404 357 417 447 471 465 446 461 450 428 440 442 440 435 449 471 503 491 461 442 408 410 435 430 419 447 482 453 436 390 401 452 441 436 459 453 439 449 418 413 412 428 384 405 426 452 473 437 448 446 423 442 462 457 424 446 435 453 463 460 464 465 458 405 405 409 442 474 440 427 416 434 425 435 462 478 448 444 430 451 446 427 457 474 473 464 495 506 505 500 439 418 413 430 444 449 427 418 426 461 484 475 455 485 483 420 434 449 439 421 442 463 461 447 443 443 438 423 428 398 413 433 491 463 402 417 442 422 420 436 438 477 466 449 446 450 455 428 428 436 464 445 432 451 459 458 438 449 454 419 434 424 410 430 449 409 392 409 441 441 423 374 402 416 398 415 426 440 443 425 423 469 453 481 486 451 436 444 451 442 436 456 465 448 419 428 435 427 475 465 477 505 461 458 450 416 416 399 401 413 416 412 436 441 435 431 403 418 422 421 447 425 431 412 431 439 431 425 446 445 478 429 431 469 458 458 466 478 488 502 458 418 436 424 449 451 447 423 424 439 463 446 424 430 433 467 431 431 423 434 436 424 427 425 429 448 460 446 446 428 425 427 445 461 454 428 420 420 424 429 462 453 447 443 416 445 421 440 463 443 425 476 508 496 474 456 428 434 446 429 434 454 455 437 430 437 441 461 433 430 442 451 456 437 401 417 453 423 436 424 434 442 436 429 456 477 475 478 437 450 445 443 459 454 448 473 472 444 430 413 435 447 418 417 453 443 464 443 408 420 415 435 417 384 363 382 417 409 407 401 439 463 469 466 448 460 470 479 461 435 434 448 464 444 441 423 435 425 448 423 425 457 436 449 435 440 443 464 447 433 422 439 438 426 420 438 440 428 467 469 492 433 413 393 418 459 462 468 449 447 457 441 463 439 416 446 475 464 460 458 434 464 480 460 431 405 471 487 477 463 426 420 426 441 445 453 432 439 395 419 451 474 464 440 420 412 451 476 456 450 450 443 425 423 476 481 461 451 438 458 457 447 456 450 400 392 417 412 467 440 455 441 457 435 470 483 479 453 447 425 460 445 437 466 484 460 469 508 487 468 467 456 459 434 443 446 442 454 472 463 463 418 420 407 420 415 427 440 420 463 465 469 443 444 422 439 472 436 415 406 429 448 418 455 497 487 495 468 465 430 432 445 431 445 428 441 454 465 461 446 440 459 470 464 457 454 475 483 454 453 442 431 456 457 453 474 451 460 439 426 442 444 429 420 446 469 453 438 435 425 443 438 452 485 461 412 399 396 436 437 438 464 458 445 437 447 476 493 506 490 485 439 442 458 442 422 410 417 434 429 432 438 427 445 442 445 437 450 448 419 462 469 444 465 468 483 466 460 445 446 434 452 464 475 465 442 443 431 430 472 478 488 489 422 450 439 447 437 425 426 453 498 474 447 430 453 457 466 461 484 471 465 482 471 452 466 455 445 438 454 442 428 441 469 459 421 434 463 475 441 416 434 438 474 437 441 457 452 416 420 458 488 468 429 432 431 454 455 457 422 413 443 446 465 483 472 473 460 428 406 427 436 457 457 455 471 458 493 480 453 461 456 465 465 454 465 442 422 431 
vem trace:

