SDId: 34897937
energy: 8.49742e+17
zenith: 0.233531
azimuth: 4.59603
GPSSeconc: 1127701255
stid: 342
spdistance: 1160.17
radio trace:
490 474 439 432 434 418 451 466 481 479 436 416 414 417 429 464 431 438 437 431 449 461 456 433 439 464 466 455 465 447 423 410 438 445 437 447 476 428 404 412 427 432 443 461 459 475 456 460 463 449 445 432 435 455 467 430 436 452 452 452 468 493 492 465 456 446 447 437 421 426 428 422 413 413 449 431 412 401 419 425 439 441 420 436 407 448 448 447 458 459 454 469 440 411 429 444 439 454 468 479 467 444 441 437 464 479 484 461 470 483 457 454 453 469 483 468 461 435 388 418 468 448 423 434 456 458 451 433 442 465 459 460 425 466 482 474 452 452 467 477 487 464 446 465 430 443 443 465 435 429 434 455 455 491 472 463 452 456 440 464 472 444 426 443 472 474 440 457 443 445 443 441 462 451 422 438 455 441 436 437 431 424 418 426 446 470 449 459 455 473 452 463 459 449 422 444 464 468 451 449 448 437 467 463 473 468 420 419 434 434 434 460 454 428 442 448 427 440 464 449 468 451 459 451 417 423 470 452 415 395 414 400 415 416 444 425 461 448 408 398 415 425 410 400 421 440 425 424 446 462 465 499 477 453 475 468 486 482 487 481 460 487 483 495 474 459 503 500 486 453 470 459 488 486 452 451 445 472 507 504 453 468 475 474 450 455 450 448 455 498 471 434 460 453 458 457 456 470 435 438 453 454 462 489 441 440 448 454 456 458 470 477 467 447 440 455 481 465 447 451 437 446 446 463 458 459 437 426 416 421 428 423 444 460 425 435 424 420 468 483 492 480 445 423 420 407 447 446 465 450 449 426 423 447 494 483 468 470 486 464 469 437 455 487 469 477 466 443 464 497 478 437 463 493 448 433 446 457 453 457 454 446 463 451 450 447 454 451 443 458 434 420 422 460 435 439 453 468 456 451 436 474 464 471 438 450 454 439 433 438 419 446 483 468 466 472 461 475 449 471 462 427 452 449 451 475 494 482 472 443 423 439 467 461 478 470 433 453 444 454 465 456 454 472 436 451 474 468 446 447 440 444 435 430 455 441 455 461 449 433 448 443 429 399 424 424 428 454 452 435 428 418 405 426 425 462 437 453 459 429 437 445 434 430 425 451 441 475 460 458 461 437 419 440 446 436 446 458 475 472 461 441 431 446 461 469 463 427 453 420 422 437 444 452 479 443 438 478 457 453 440 443 455 479 431 424 440 448 422 461 489 439 433 429 444 430 437 415 426 430 452 446 474 479 472 477 453 466 433 432 395 408 416 416 421 453 480 452 429 407 422 450 463 436 459 440 450 448 449 440 419 448 436 460 487 504 480 481 481 453 470 472 469 479 475 425 435 438 424 428 457 456 473 431 419 418 441 426 415 425 432 402 398 407 404 412 444 442 450 445 431 423 451 457 439 447 440 423 415 420 416 456 463 452 469 455 461 457 477 452 458 455 420 397 419 449 434 458 468 451 473 477 459 446 452 454 444 414 396 385 421 441 421 420 430 424 430 450 471 479 476 497 487 477 442 444 422 432 432 434 404 418 437 439 447 460 446 428 458 443 434 451 453 456 396 404 407 427 426 461 473 458 450 463 426 440 468 453 438 449 435 484 500 460 419 428 429 409 447 447 467 439 448 465 447 466 470 448 433 429 445 434 451 439 427 455 457 429 460 460 413 422 442 474 467 448 459 471 459 458 420 404 414 421 454 453 455 430 431 426 424 445 454 462 426 417 411 444 451 473 464 455 468 429 421 437 498 475 
vem trace:

stid: 333
spdistance: 1226.96
radio trace:
455 462 452 463 450 457 445 410 431 447 443 440 445 468 445 418 395 391 404 391 407 441 464 442 445 444 463 446 399 428 442 444 442 475 460 458 461 465 450 409 447 443 443 450 466 455 469 456 467 465 463 461 456 427 438 441 441 420 455 424 425 442 414 429 404 395 427 474 459 454 455 452 432 444 485 483 450 464 423 397 411 434 445 448 469 448 448 454 440 450 475 491 469 415 449 441 458 466 475 447 433 446 450 433 381 390 448 461 427 424 452 496 507 498 496 468 455 431 400 446 454 428 450 469 459 465 499 510 488 447 448 444 456 482 451 439 424 410 405 436 458 471 468 457 470 464 469 440 466 506 458 448 458 455 449 473 488 480 473 433 456 467 464 501 477 446 432 410 398 408 414 435 459 443 441 467 455 430 421 446 417 397 438 438 453 457 432 464 475 472 448 465 477 446 423 473 452 417 419 422 409 408 453 440 446 449 453 401 424 455 471 489 454 447 396 418 456 453 459 447 458 437 451 450 435 394 424 460 477 455 419 419 445 480 471 427 425 488 506 466 441 398 432 419 428 419 400 381 433 471 485 479 451 423 446 456 465 445 458 479 498 499 473 451 450 462 391 377 428 448 446 449 425 429 406 430 475 508 495 505 483 438 413 450 486 465 470 436 397 429 467 450 471 448 430 429 440 453 461 444 442 492 463 457 455 456 464 428 432 451 458 417 442 463 486 423 436 435 421 422 446 478 472 490 450 395 434 436 444 456 472 436 448 444 435 423 440 456 474 452 456 458 439 456 468 466 478 479 453 446 469 485 487 459 435 426 407 436 423 436 448 462 454 452 471 437 412 397 428 461 427 430 451 453 483 490 506 494 448 431 413 431 421 422 411 432 450 462 444 435 437 436 456 436 442 430 424 440 444 451 464 466 449 437 438 439 453 430 431 448 454 431 418 436 424 445 449 445 442 467 458 460 479 474 453 408 400 406 415 449 514 512 489 463 449 434 483 485 480 466 483 496 479 474 459 490 482 476 460 478 472 452 436 422 407 455 498 484 463 449 439 436 454 471 452 435 426 444 404 444 447 485 470 477 456 409 433 454 448 442 439 409 456 442 445 447 457 410 410 453 455 466 439 451 429 441 434 461 457 474 453 454 448 409 410 428 436 435 463 456 452 448 463 445 432 389 412 431 416 461 418 428 433 444 448 445 453 451 452 458 456 441 450 434 441 446 427 415 446 466 447 450 424 414 403 408 446 481 454 426 442 435 411 396 420 430 434 443 449 446 487 459 455 458 449 441 477 467 440 475 462 426 426 422 432 419 426 417 433 405 429 442 442 409 431 409 411 427 447 426 425 443 448 438 435 436 431 441 463 435 438 445 431 427 437 429 445 431 412 428 416 436 398 406 427 439 461 462 439 423 438 445 419 443 450 418 417 421 419 446 443 443 453 455 434 471 454 436 443 462 441 432 430 423 418 420 405 403 426 440 434 462 452 467 485 475 461 457 456 449 454 455 468 443 457 443 414 439 446 438 457 440 465 472 466 457 419 402 430 456 413 418 409 426 447 442 429 444 450 463 440 459 444 461 473 469 431 431 437 420 406 423 472 449 420 397 421 444 417 443 479 449 435 456 478 491 453 430 415 402 413 432 467 508 465 469 476 469 504 478 472 474 444 462 470 451 445 457 465 462 476 450 433 439 440 431 437 473 453 461 461 462 442 437 476 476 440 431 411 420 459 514 465 453 451 439 433 432 
vem trace:

