SDId: 34844390
energy: 1.57986e+17
zenith: 0.47878
azimuth: 1.38659
GPSSeconc: 1127366985
stid: 341
spdistance: 6672.1
radio trace:
540 541 520 501 507 515 478 500 497 525 537 515 516 525 514 515 506 474 517 542 538 505 537 526 523 513 553 569 538 530 517 501 464 487 530 543 538 513 512 514 519 503 502 530 541 509 484 492 514 490 508 521 528 523 525 506 510 483 513 535 517 514 490 496 512 481 476 470 485 482 502 519 521 505 480 501 523 565 562 567 596 560 510 485 457 486 475 455 461 488 458 446 445 465 498 487 530 480 499 501 502 513 520 510 479 493 526 537 492 504 505 504 531 508 535 555 544 524 508 510 496 450 507 478 493 491 495 491 498 482 480 439 447 495 527 495 478 467 473 469 504 491 531 509 536 517 518 467 457 486 535 538 506 527 503 510 557 507 500 508 490 458 493 504 510 500 505 504 523 507 478 511 536 529 525 494 523 526 512 491 484 479 448 483 508 526 525 518 517 513 535 508 529 494 509 540 531 547 541 501 467 474 465 473 468 481 497 527 494 503 503 523 535 517 474 465 469 454 501 518 520 532 475 476 501 495 504 506 488 507 514 478 499 468 461 501 535 538 544 546 538 539 569 577 564 532 483 473 471 470 512 554 544 537 515 545 498 481 476 498 467 483 504 523 553 535 544 538 525 489 498 513 482 474 456 471 491 498 470 480 497 451 500 525 546 534 482 517 518 524 500 487 460 468 491 503 468 478 513 500 490 495 482 454 492 538 524 528 504 496 471 508 505 515 516 519 488 502 492 477 487 486 491 462 495 515 512 479 459 471 503 504 521 470 418 426 497 530 520 516 511 508 504 531 536 512 541 546 540 527 511 515 467 473 488 504 496 494 499 499 524 547 530 482 469 504 552 551 538 533 500 500 502 488 486 458 488 521 537 510 540 523 495 524 507 521 518 497 509 523 515 485 465 490 473 467 449 474 477 498 535 541 501 522 528 493 444 452 515 525 483 431 457 479 505 529 534 506 484 530 529 519 494 519 522 506 511 550 532 507 506 511 491 508 486 507 501 457 478 494 466 494 474 489 473 492 510 534 544 518 495 539 504 480 505 527 546 528 513 515 523 527 516 476 449 478 503 523 481 491 463 467 474 505 501 494 485 494 464 454 480 482 505 553 546 538 528 521 482 488 509 538 492 480 496 468 446 463 459 513 575 542 512 505 504 485 453 496 495 477 504 498 512 493 516 510 537 516 531 510 470 498 470 494 518 481 479 518 501 474 458 429 450 502 495 543 493 473 485 482 524 496 489 478 480 529 549 527 533 503 470 471 485 518 507 498 489 458 504 510 465 463 470 474 503 510 535 519 529 509 493 480 502 522 515 470 442 459 476 513 538 566 527 504 533 529 555 544 521 530 527 489 483 504 495 465 484 472 476 504 527 521 536 535 540 507 503 496 455 502 495 464 490 508 496 516 528 456 464 452 475 448 488 504 487 488 478 450 454 495 479 436 460 456 444 448 492 525 548 513 481 515 541 512 518 498 496 510 541 551 528 511 516 505 516 510 529 532 529 473 482 486 502 525 515 500 539 516 496 504 537 508 539 513 552 537 477 480 465 503 505 491 489 483 477 490 502 509 511 524 571 541 521 523 518 506 510 528 535 511 518 494 549 571 528 496 479 501 496 505 501 513 529 541 591 575 517 498 466 458 507 558 540 506 490 502 515 507 506 483 475 505 524 533 542 530 540 575 584 547 538 551 488 491 486 502 534 498 488 511 485 504 510 491 516 533 515 495 481 483 465 492 533 530 536 540 512 496 
vem trace:

stid: 341
spdistance: 6672.1
radio trace:
540 541 520 501 507 515 478 500 497 525 537 515 516 525 514 515 506 474 517 542 538 505 537 526 523 513 553 569 538 530 517 501 464 487 530 543 538 513 512 514 519 503 502 530 541 509 484 492 514 490 508 521 528 523 525 506 510 483 513 535 517 514 490 496 512 481 476 470 485 482 502 519 521 505 480 501 523 565 562 567 596 560 510 485 457 486 475 455 461 488 458 446 445 465 498 487 530 480 499 501 502 513 520 510 479 493 526 537 492 504 505 504 531 508 535 555 544 524 508 510 496 450 507 478 493 491 495 491 498 482 480 439 447 495 527 495 478 467 473 469 504 491 531 509 536 517 518 467 457 486 535 538 506 527 503 510 557 507 500 508 490 458 493 504 510 500 505 504 523 507 478 511 536 529 525 494 523 526 512 491 484 479 448 483 508 526 525 518 517 513 535 508 529 494 509 540 531 547 541 501 467 474 465 473 468 481 497 527 494 503 503 523 535 517 474 465 469 454 501 518 520 532 475 476 501 495 504 506 488 507 514 478 499 468 461 501 535 538 544 546 538 539 569 577 564 532 483 473 471 470 512 554 544 537 515 545 498 481 476 498 467 483 504 523 553 535 544 538 525 489 498 513 482 474 456 471 491 498 470 480 497 451 500 525 546 534 482 517 518 524 500 487 460 468 491 503 468 478 513 500 490 495 482 454 492 538 524 528 504 496 471 508 505 515 516 519 488 502 492 477 487 486 491 462 495 515 512 479 459 471 503 504 521 470 418 426 497 530 520 516 511 508 504 531 536 512 541 546 540 527 511 515 467 473 488 504 496 494 499 499 524 547 530 482 469 504 552 551 538 533 500 500 502 488 486 458 488 521 537 510 540 523 495 524 507 521 518 497 509 523 515 485 465 490 473 467 449 474 477 498 535 541 501 522 528 493 444 452 515 525 483 431 457 479 505 529 534 506 484 530 529 519 494 519 522 506 511 550 532 507 506 511 491 508 486 507 501 457 478 494 466 494 474 489 473 492 510 534 544 518 495 539 504 480 505 527 546 528 513 515 523 527 516 476 449 478 503 523 481 491 463 467 474 505 501 494 485 494 464 454 480 482 505 553 546 538 528 521 482 488 509 538 492 480 496 468 446 463 459 513 575 542 512 505 504 485 453 496 495 477 504 498 512 493 516 510 537 516 531 510 470 498 470 494 518 481 479 518 501 474 458 429 450 502 495 543 493 473 485 482 524 496 489 478 480 529 549 527 533 503 470 471 485 518 507 498 489 458 504 510 465 463 470 474 503 510 535 519 529 509 493 480 502 522 515 470 442 459 476 513 538 566 527 504 533 529 555 544 521 530 527 489 483 504 495 465 484 472 476 504 527 521 536 535 540 507 503 496 455 502 495 464 490 508 496 516 528 456 464 452 475 448 488 504 487 488 478 450 454 495 479 436 460 456 444 448 492 525 548 513 481 515 541 512 518 498 496 510 541 551 528 511 516 505 516 510 529 532 529 473 482 486 502 525 515 500 539 516 496 504 537 508 539 513 552 537 477 480 465 503 505 491 489 483 477 490 502 509 511 524 571 541 521 523 518 506 510 528 535 511 518 494 549 571 528 496 479 501 496 505 501 513 529 541 591 575 517 498 466 458 507 558 540 506 490 502 515 507 506 483 475 505 524 533 542 530 540 575 584 547 538 551 488 491 486 502 534 498 488 511 485 504 510 491 516 533 515 495 481 483 465 492 533 530 536 540 512 496 
vem trace:

