SDId: 34793775
energy: 3.73648e+17
zenith: 0.16243
azimuth: 2.50759
GPSSeconc: 1127042667
stid: 341
spdistance: 7332.06
radio trace:
561 539 518 508 522 516 530 536 519 520 513 493 462 449 465 467 472 482 472 489 509 515 523 524 511 500 552 555 522 529 478 481 469 450 432 442 485 476 469 500 499 496 466 503 485 462 427 450 497 536 498 479 507 495 511 509 488 499 487 505 476 472 487 486 493 519 528 512 482 453 482 446 477 494 520 487 505 501 499 486 468 478 475 457 453 476 517 516 545 541 518 514 459 505 530 528 507 493 501 511 512 499 510 489 502 495 490 459 498 504 509 551 540 502 486 491 528 500 512 535 547 520 511 537 560 552 551 533 518 516 485 502 524 516 464 438 459 493 529 509 502 529 511 463 480 534 513 508 493 558 562 511 522 537 515 486 485 509 557 562 532 502 501 509 523 525 501 528 534 506 477 501 532 467 454 442 488 524 517 517 472 462 459 497 467 467 511 484 477 462 487 519 531 508 515 495 496 492 500 488 511 505 496 491 510 549 532 490 513 504 489 503 511 527 486 484 544 549 542 538 537 543 543 515 498 502 495 511 532 530 532 530 531 515 506 512 523 554 551 546 511 499 532 496 478 485 463 488 484 457 437 478 508 485 521 505 499 491 476 486 522 583 562 571 586 546 534 538 534 491 487 475 475 457 444 424 464 476 497 453 492 521 547 518 489 501 528 517 510 504 485 467 472 467 496 534 531 538 503 493 472 474 525 519 481 505 481 501 509 536 533 504 494 490 555 541 551 513 487 463 470 468 512 528 534 514 545 546 586 587 533 508 525 530 501 529 494 498 512 532 541 503 497 513 500 498 487 559 595 529 494 459 437 467 505 517 497 506 494 523 567 525 502 480 437 441 510 547 550 500 487 504 469 471 489 496 512 505 537 496 495 480 491 513 495 503 537 527 516 506 519 491 506 501 531 506 538 532 516 491 522 481 486 501 496 521 551 502 521 532 532 527 511 513 500 528 534 561 563 492 455 498 517 491 463 476 478 495 518 542 566 530 554 520 497 523 525 489 443 471 487 490 489 499 464 466 474 445 458 476 500 476 457 454 456 442 454 468 466 472 514 511 505 496 524 538 520 491 521 521 500 491 546 519 505 518 486 525 519 528 551 554 521 489 486 473 481 514 516 514 515 527 481 448 458 445 497 495 511 540 497 525 520 478 457 483 507 480 482 488 527 523 526 521 508 495 475 469 548 567 567 553 547 533 496 496 534 526 515 498 494 547 565 544 531 520 506 505 509 526 489 471 504 535 502 479 460 459 504 521 555 547 538 521 475 455 519 505 495 488 467 491 492 518 501 507 500 525 528 517 534 530 495 479 510 508 514 546 559 540 571 537 490 457 510 508 515 469 462 499 530 494 437 461 435 431 451 467 462 477 488 532 548 547 531 536 564 564 559 522 508 505 472 469 515 525 512 478 499 496 481 472 458 467 489 510 528 495 485 464 459 500 510 505 510 533 507 507 492 481 510 492 487 488 496 550 541 517 556 523 488 473 488 495 446 473 499 512 490 497 508 504 499 473 528 533 518 509 524 544 520 534 547 519 507 505 477 493 473 456 491 502 482 496 463 503 503 460 486 500 477 464 513 527 511 490 509 540 526 505 495 548 544 521 528 526 470 494 515 513 546 541 524 504 494 482 467 464 458 495 501 501 488 463 485 471 466 495 502 486 488 481 451 483 472 484 485 475 482 515 511 505 539 470 498 512 531 513 475 475 467 482 478 497 514 488 509 513 517 532 510 524 517 506 523 522 533 512 
vem trace:

stid: 341
spdistance: 7332.06
radio trace:
561 539 518 508 522 516 530 536 519 520 513 493 462 449 465 467 472 482 472 489 509 515 523 524 511 500 552 555 522 529 478 481 469 450 432 442 485 476 469 500 499 496 466 503 485 462 427 450 497 536 498 479 507 495 511 509 488 499 487 505 476 472 487 486 493 519 528 512 482 453 482 446 477 494 520 487 505 501 499 486 468 478 475 457 453 476 517 516 545 541 518 514 459 505 530 528 507 493 501 511 512 499 510 489 502 495 490 459 498 504 509 551 540 502 486 491 528 500 512 535 547 520 511 537 560 552 551 533 518 516 485 502 524 516 464 438 459 493 529 509 502 529 511 463 480 534 513 508 493 558 562 511 522 537 515 486 485 509 557 562 532 502 501 509 523 525 501 528 534 506 477 501 532 467 454 442 488 524 517 517 472 462 459 497 467 467 511 484 477 462 487 519 531 508 515 495 496 492 500 488 511 505 496 491 510 549 532 490 513 504 489 503 511 527 486 484 544 549 542 538 537 543 543 515 498 502 495 511 532 530 532 530 531 515 506 512 523 554 551 546 511 499 532 496 478 485 463 488 484 457 437 478 508 485 521 505 499 491 476 486 522 583 562 571 586 546 534 538 534 491 487 475 475 457 444 424 464 476 497 453 492 521 547 518 489 501 528 517 510 504 485 467 472 467 496 534 531 538 503 493 472 474 525 519 481 505 481 501 509 536 533 504 494 490 555 541 551 513 487 463 470 468 512 528 534 514 545 546 586 587 533 508 525 530 501 529 494 498 512 532 541 503 497 513 500 498 487 559 595 529 494 459 437 467 505 517 497 506 494 523 567 525 502 480 437 441 510 547 550 500 487 504 469 471 489 496 512 505 537 496 495 480 491 513 495 503 537 527 516 506 519 491 506 501 531 506 538 532 516 491 522 481 486 501 496 521 551 502 521 532 532 527 511 513 500 528 534 561 563 492 455 498 517 491 463 476 478 495 518 542 566 530 554 520 497 523 525 489 443 471 487 490 489 499 464 466 474 445 458 476 500 476 457 454 456 442 454 468 466 472 514 511 505 496 524 538 520 491 521 521 500 491 546 519 505 518 486 525 519 528 551 554 521 489 486 473 481 514 516 514 515 527 481 448 458 445 497 495 511 540 497 525 520 478 457 483 507 480 482 488 527 523 526 521 508 495 475 469 548 567 567 553 547 533 496 496 534 526 515 498 494 547 565 544 531 520 506 505 509 526 489 471 504 535 502 479 460 459 504 521 555 547 538 521 475 455 519 505 495 488 467 491 492 518 501 507 500 525 528 517 534 530 495 479 510 508 514 546 559 540 571 537 490 457 510 508 515 469 462 499 530 494 437 461 435 431 451 467 462 477 488 532 548 547 531 536 564 564 559 522 508 505 472 469 515 525 512 478 499 496 481 472 458 467 489 510 528 495 485 464 459 500 510 505 510 533 507 507 492 481 510 492 487 488 496 550 541 517 556 523 488 473 488 495 446 473 499 512 490 497 508 504 499 473 528 533 518 509 524 544 520 534 547 519 507 505 477 493 473 456 491 502 482 496 463 503 503 460 486 500 477 464 513 527 511 490 509 540 526 505 495 548 544 521 528 526 470 494 515 513 546 541 524 504 494 482 467 464 458 495 501 501 488 463 485 471 466 495 502 486 488 481 451 483 472 484 485 475 482 515 511 505 539 470 498 512 531 513 475 475 467 482 478 497 514 488 509 513 517 532 510 524 517 506 523 522 533 512 
vem trace:

