SDId: 34690258
energy: 6.4342e+17
zenith: 0.389523
azimuth: 1.24911
GPSSeconc: 1126439922
stid: 333
spdistance: 695.506
radio trace:
435 396 406 437 436 444 461 469 461 458 421 398 398 421 407 419 453 456 451 418 406 404 446 463 468 454 400 410 427 416 420 392 424 402 410 393 440 444 454 451 441 436 435 444 429 433 399 409 412 401 415 432 419 428 440 435 457 435 420 410 425 441 457 469 452 429 441 478 452 435 428 441 415 423 427 467 408 404 411 430 411 414 434 447 449 442 436 443 408 424 459 476 409 401 439 441 452 469 462 443 441 399 402 407 411 424 433 412 453 478 443 454 418 395 443 452 421 407 416 417 398 417 418 391 396 378 437 465 465 462 448 427 429 449 427 426 448 443 443 453 483 446 453 426 416 387 403 452 429 439 449 422 452 438 433 417 418 411 421 440 437 410 411 393 406 413 418 430 447 439 436 450 433 422 439 418 411 357 398 398 377 430 435 411 372 407 437 441 463 473 466 476 475 448 446 430 413 428 438 462 458 486 465 455 440 462 465 440 433 420 402 428 421 431 440 409 426 399 408 470 462 431 417 443 455 451 471 429 440 416 395 403 418 433 460 425 422 424 452 447 435 436 398 410 432 413 399 428 444 404 400 430 436 412 425 423 451 435 431 449 483 457 453 466 425 395 432 430 414 444 417 410 412 408 403 400 369 412 417 452 476 469 448 439 461 469 451 460 462 425 420 448 438 456 456 475 445 444 465 452 439 396 402 435 430 452 442 438 390 395 415 404 428 450 454 441 445 414 430 423 413 452 482 473 443 440 448 445 418 435 428 376 370 401 427 463 453 457 435 406 443 430 417 447 436 451 442 462 455 445 437 429 426 431 413 403 406 392 417 414 418 434 398 427 431 451 455 416 430 433 437 430 425 433 422 410 396 443 410 395 456 473 466 460 465 450 462 445 456 466 426 424 404 438 433 443 431 393 409 424 419 417 425 463 459 432 417 447 444 445 464 450 399 406 387 387 398 428 439 448 461 459 422 429 481 468 447 448 420 430 456 415 400 420 449 425 417 462 474 441 423 428 416 427 455 457 461 438 422 468 457 429 447 447 449 432 387 391 408 414 413 435 432 456 425 430 427 432 447 436 429 422 405 458 414 419 411 419 435 430 479 476 515 482 467 424 426 431 419 400 391 410 462 464 431 400 389 414 421 477 462 397 465 454 420 429 421 441 434 434 440 458 442 419 388 374 356 398 413 416 428 409 419 399 416 429 419 425 441 425 402 394 415 400 397 396 439 442 462 456 401 408 449 425 427 400 411 401 392 423 390 408 443 421 451 466 452 394 417 453 463 468 424 450 477 450 432 414 407 400 436 445 430 430 422 387 360 387 395 432 460 461 463 466 442 425 448 451 428 440 452 413 436 451 435 446 454 437 436 438 448 486 481 444 422 474 454 444 438 417 426 416 412 405 429 434 442 429 422 418 436 403 390 416 441 453 450 471 459 432 429 425 426 449 452 445 445 450 410 404 384 432 438 452 455 466 432 424 425 400 420 427 460 436 421 418 427 433 455 468 435 446 451 426 430 434 429 452 443 456 509 476 464 450 476 462 472 441 429 430 446 429 418 379 378 424 452 476 454 460 421 411 407 412 452 451 458 454 466 451 446 444 437 451 426 431 406 423 400 405 408 395 382 414 425 440 436 441 387 383 406 406 426 444 431 440 441 478 446 406 426 397 421 420 424 394 422 430 452 449 411 386 391 425 452 456 427 426 411 390 402 449 473 420 444 441 443 451 480 446 433 435 417 416 443 442 441 429 
vem trace:

stid: 332
spdistance: 796.764
radio trace:
535 527 542 520 517 522 518 518 522 540 499 494 534 549 572 582 528 537 542 553 554 594 579 540 560 530 535 527 534 537 518 551 539 554 566 536 547 524 513 528 545 537 560 538 533 549 548 533 523 515 531 514 472 489 497 513 557 546 511 558 551 531 538 531 536 494 516 542 541 544 534 558 557 546 527 509 537 551 531 532 486 494 478 519 513 513 530 543 571 553 568 544 545 522 575 556 540 518 488 477 501 495 496 491 510 564 561 541 522 521 543 549 534 545 487 521 536 522 510 515 521 532 543 540 545 562 552 565 569 554 551 548 538 551 555 548 519 486 469 500 482 520 520 511 534 488 500 492 489 500 483 542 565 525 496 498 481 486 469 478 492 506 536 552 519 517 534 497 505 524 546 529 515 463 507 511 504 525 497 536 543 549 556 513 514 508 524 502 508 460 494 499 490 484 511 498 518 528 498 527 514 521 535 547 526 540 544 538 536 533 506 503 522 564 555 533 540 563 549 548 541 537 529 505 507 511 518 542 548 557 524 533 522 546 535 531 544 533 542 537 542 513 525 495 506 532 558 582 537 523 485 508 512 508 509 502 506 551 567 530 567 538 557 529 530 507 496 507 507 558 577 545 563 507 503 512 496 517 484 480 500 502 502 507 533 524 537 539 547 550 512 561 568 525 498 518 525 523 544 586 544 553 538 524 542 506 517 528 544 568 539 536 539 509 510 511 527 478 475 480 480 499 546 532 522 496 523 542 497 516 523 531 538 530 538 534 522 526 494 513 518 527 495 500 496 494 477 509 560 549 555 553 547 556 517 517 518 502 484 490 530 555 553 533 531 537 548 517 495 521 573 554 514 512 521 521 504 495 495 524 510 482 501 529 551 532 545 561 563 544 551 526 535 546 526 551 554 550 505 479 525 544 562 532 540 534 507 523 556 574 577 526 507 490 480 484 517 543 557 527 541 552 576 548 463 442 517 566 585 581 539 521 511 543 528 478 501 530 556 537 538 531 493 527 512 515 515 546 558 557 561 561 534 503 492 516 523 519 532 545 552 530 522 510 487 471 493 513 547 553 526 517 537 525 514 503 528 548 556 554 532 530 530 552 536 491 515 541 531 491 476 496 520 526 583 539 528 517 493 505 530 577 590 552 526 528 549 558 585 576 572 560 562 536 496 499 521 546 551 565 552 546 558 543 560 561 507 489 524 499 510 499 480 529 534 570 546 537 553 536 553 546 552 540 545 549 547 564 530 522 546 539 537 546 575 593 583 530 530 547 580 578 586 586 571 524 497 496 505 492 548 583 580 543 512 521 521 548 543 524 512 527 534 510 494 531 526 562 513 515 532 576 571 512 517 528 528 538 529 533 564 556 490 516 530 552 548 529 499 509 534 539 574 562 500 508 501 496 541 541 503 519 500 508 502 534 585 573 543 544 548 574 541 545 539 541 529 537 563 530 547 551 548 545 542 565 522 504 527 552 543 556 543 553 559 551 564 567 573 550 575 539 522 544 533 565 552 541 550 527 516 527 536 557 559 547 516 556 565 526 508 498 513 518 519 556 485 508 549 493 477 530 554 531 515 528 517 525 549 548 532 547 591 585 597 565 564 533 533 544 562 550 556 511 505 525 525 538 533 554 562 500 540 540 529 536 527 482 525 521 490 469 486 485 540 548 518 536 548 510 490 523 529 534 513 509 536 552 527 533 518 532 520 505 485 528 541 551 552 519 512 540 516 554 567 546 550 536 
vem trace:

