SDId: 34584106
energy: 7.9405e+17
zenith: 0.632606
azimuth: 6.06229
GPSSeconc: 1125903746
stid: 419
spdistance: 525.277
radio trace:
421 453 409 448 408 422 404 428 444 451 499 458 423 370 421 459 458 408 399 401 420 419 434 429 401 425 402 400 388 346 407 444 467 505 489 465 475 447 467 475 462 448 419 431 453 478 462 452 461 485 417 428 417 404 415 428 457 468 461 415 433 443 454 452 415 413 438 428 456 470 470 479 460 467 450 470 425 451 461 456 408 396 473 503 461 470 408 470 448 402 403 423 452 454 452 445 436 443 499 499 433 460 467 483 472 452 443 437 447 395 432 451 454 434 442 413 419 410 386 424 448 404 438 436 433 504 505 497 509 471 498 490 472 441 428 460 406 443 424 410 432 426 443 457 473 469 497 420 442 451 466 458 398 374 426 460 480 492 483 402 434 494 474 521 483 437 451 428 419 393 402 429 458 454 470 444 461 456 474 475 479 430 455 463 444 453 455 425 463 459 456 422 424 392 407 429 485 459 465 478 465 465 485 463 471 459 460 445 418 418 456 455 426 467 528 481 501 468 463 479 509 500 521 460 486 495 486 451 440 412 472 467 460 499 495 464 459 446 413 441 464 455 455 489 526 473 469 474 443 431 450 448 439 454 477 488 468 490 479 471 415 470 499 478 460 472 489 494 446 442 424 426 404 426 468 492 485 466 447 412 430 451 428 439 427 456 460 483 460 429 388 441 429 462 488 501 510 485 464 457 475 489 444 403 380 400 454 476 466 468 455 446 490 509 528 527 500 484 467 471 481 461 489 492 460 438 454 500 469 466 472 453 398 369 421 428 446 494 442 414 405 402 417 426 437 449 440 408 445 475 457 443 415 435 350 374 375 420 430 431 480 461 516 456 467 448 401 439 421 420 452 444 469 428 430 436 434 397 364 407 460 456 460 454 476 479 430 439 447 492 456 468 466 442 467 427 446 403 414 444 470 484 478 448 449 472 485 468 463 434 450 392 372 371 437 406 384 406 460 440 429 476 426 400 390 428 469 464 463 481 458 427 447 435 438 451 498 510 457 478 449 449 418 397 403 444 411 431 460 476 480 483 447 458 470 465 455 413 415 380 440 451 436 422 419 429 454 462 454 421 439 426 438 437 435 431 450 423 407 426 468 473 470 461 457 481 477 469 460 461 447 420 456 400 438 438 441 468 487 443 438 451 460 446 451 476 484 461 503 471 452 439 451 430 429 416 443 441 467 491 510 478 462 415 410 429 454 504 536 517 472 430 433 391 449 530 493 461 502 486 449 449 443 447 440 429 455 474 458 451 433 439 454 454 457 477 449 447 442 461 405 484 446 420 453 467 475 455 437 444 475 496 480 431 451 474 465 424 450 454 442 458 480 478 447 454 476 430 424 426 482 470 477 442 450 490 483 487 475 503 472 494 487 465 447 437 427 467 471 479 452 434 451 416 442 430 406 430 411 447 434 434 432 457 454 458 441 437 447 475 501 484 439 457 457 437 407 413 423 466 491 447 480 454 438 425 454 399 446 412 352 402 394 415 468 465 426 456 464 503 457 424 426 414 426 439 390 369 443 431 426 416 445 444 449 430 470 505 482 467 463 490 417 427 433 459 438 416 431 431 425 463 436 475 491 474 496 536 515 438 461 482 485 429 435 451 442 434 472 472 468 415 421 394 440 440 477 498 511 460 399 419 379 453 427 389 432 458 471 469 472 459 424 431 410 461 441 428 464 469 453 437 411 381 411 453 448 482 488 469 490 483 488 450 417 424 443 427 405 420 442 426 446 471 435 437 418 474 
vem trace:

stid: 343
spdistance: 824.247
radio trace:
445 458 460 462 437 437 446 461 477 452 423 452 455 440 422 458 458 483 454 446 429 411 411 430 462 443 447 447 454 442 429 420 407 433 457 476 478 449 439 441 451 428 443 454 465 454 447 467 451 451 482 487 453 461 466 448 414 424 424 422 429 434 434 432 432 448 467 456 464 470 468 440 421 449 421 473 470 449 458 442 473 458 433 395 376 390 452 431 445 442 434 426 417 395 441 459 444 434 439 443 445 442 434 431 442 451 456 462 418 424 402 433 446 460 459 485 477 445 432 440 431 407 439 492 488 449 445 472 459 450 455 472 470 461 455 435 450 435 459 476 439 458 474 475 452 459 444 447 453 436 417 429 438 429 433 434 411 416 422 455 485 463 466 462 467 467 442 441 457 434 459 484 471 464 449 420 420 435 448 443 449 452 444 450 469 480 458 465 465 440 431 425 430 445 451 458 442 426 449 456 462 483 470 463 438 432 434 450 432 432 401 418 452 421 407 422 403 412 429 438 432 435 417 448 436 412 428 440 457 445 457 450 453 430 431 421 423 442 433 490 497 479 478 450 434 434 447 463 444 450 467 470 472 476 438 431 450 419 429 420 415 457 445 441 437 433 463 446 405 401 427 451 441 454 469 451 412 421 428 436 462 444 437 423 443 463 491 481 476 463 438 441 430 450 447 470 446 434 451 446 414 393 412 419 444 414 412 407 419 430 471 469 481 451 434 438 446 434 433 418 428 455 461 461 477 486 476 434 473 463 442 453 470 461 464 502 477 468 459 476 448 460 448 444 443 432 450 426 416 429 453 438 441 458 454 432 445 447 467 475 474 467 462 402 411 415 433 430 441 447 461 460 472 475 479 463 468 478 482 458 471 478 448 427 446 454 453 473 458 469 452 452 463 449 458 432 424 417 448 469 453 436 446 472 466 477 470 425 450 430 448 475 487 495 498 452 452 425 431 421 458 453 468 466 480 472 460 453 466 466 501 473 458 454 450 446 441 456 463 434 428 430 417 437 457 429 418 420 432 455 458 428 443 461 470 434 422 449 425 459 465 433 446 460 480 449 387 394 437 421 430 456 456 448 422 432 451 473 479 471 433 469 464 434 451 488 488 508 503 463 474 475 465 429 432 458 452 435 431 417 418 434 468 450 467 446 412 420 448 428 438 437 445 390 416 460 462 471 434 439 399 422 425 446 439 451 463 462 456 419 456 453 429 436 436 453 467 452 430 448 436 450 448 456 462 467 477 440 447 445 451 452 475 445 438 435 430 439 421 437 456 477 427 413 398 446 461 443 404 463 474 430 430 427 445 460 477 451 449 442 430 457 437 433 450 442 455 457 446 459 430 422 430 461 444 433 422 432 435 472 450 443 449 446 442 413 415 408 428 434 442 427 411 418 437 474 474 465 418 433 447 422 473 442 478 491 472 428 421 438 469 482 470 467 470 456 434 409 426 437 423 423 446 422 420 413 416 448 442 392 384 400 450 439 439 437 494 490 473 466 475 471 469 445 447 451 453 471 438 438 441 419 412 422 465 436 404 434 461 472 485 469 450 431 467 442 409 414 432 435 429 423 424 426 441 436 440 438 431 428 409 434 426 393 416 470 451 453 445 464 454 421 427 442 438 436 425 443 452 462 460 448 418 421 410 435 407 436 451 438 453 456 467 434 460 471 470 451 438 444 492 484 470 434 400 418 424 435 415 421 412 441 448 465 455 463 450 445 430 465 461 478 449 436 428 462 428 430 
vem trace:

