SDId: 34574575
energy: 2.12098e+18
zenith: 0.859819
azimuth: 4.61286
GPSSeconc: 1125851187
stid: 419
spdistance: 932.237
radio trace:
492 483 482 470 482 487 463 487 477 482 495 484 479 431 461 478 483 498 479 461 475 474 459 449 493 487 489 490 453 467 434 469 470 501 511 480 407 436 474 466 474 437 444 486 461 449 430 446 425 441 441 467 479 484 479 420 437 460 491 491 478 533 527 523 494 502 507 510 492 461 443 480 532 491 471 517 504 468 460 487 513 456 440 449 448 475 473 442 470 499 520 460 482 482 485 464 490 434 446 424 434 398 419 446 444 421 434 481 486 488 471 463 467 459 455 468 481 444 402 463 494 526 465 476 455 450 462 485 471 436 438 449 501 458 442 489 476 464 463 472 462 476 476 474 486 476 478 438 480 472 435 455 444 446 441 445 446 467 496 473 426 475 463 471 484 495 514 495 492 479 470 447 474 444 453 456 485 470 465 468 479 507 497 473 489 457 432 481 475 463 463 467 453 461 470 470 448 463 518 510 471 433 435 431 444 499 484 469 500 478 497 495 502 470 473 491 515 459 463 449 420 412 427 424 482 501 480 461 483 477 457 470 493 455 444 469 440 452 479 483 505 498 494 496 505 494 511 488 485 471 493 490 448 488 498 485 530 494 504 476 461 448 472 474 454 471 431 453 488 465 505 496 494 490 486 466 442 449 456 463 455 492 510 482 442 443 463 468 413 384 406 443 443 462 443 484 495 479 461 500 484 466 482 467 485 496 495 464 469 438 487 484 454 424 434 464 423 405 434 425 422 471 439 441 462 440 475 443 483 478 461 452 490 514 448 465 472 478 450 437 430 418 400 436 431 437 450 484 462 415 387 391 368 425 433 455 435 500 508 529 491 466 479 501 504 482 507 466 447 462 446 473 507 481 444 413 435 425 464 450 458 453 455 460 495 503 480 447 471 467 440 437 400 362 399 442 470 439 461 497 479 467 460 457 451 451 475 451 462 489 486 483 493 473 496 464 461 475 487 467 481 424 434 453 441 419 436 498 473 431 471 452 486 462 455 462 451 419 452 474 473 464 492 471 490 485 501 493 484 444 441 453 453 400 417 441 439 475 477 469 455 453 435 455 458 489 462 463 459 434 441 467 484 483 457 451 460 448 453 454 483 484 480 441 440 448 475 471 429 451 463 504 493 418 444 479 498 516 508 440 439 417 412 420 452 468 445 415 449 427 431 464 489 464 422 453 464 478 451 413 428 434 449 484 467 473 483 483 453 468 413 478 479 492 496 452 411 465 508 487 460 459 465 443 446 442 425 432 452 457 465 459 478 454 473 466 472 442 445 456 474 455 459 455 466 490 466 440 457 438 443 389 420 451 469 481 484 500 432 441 485 479 473 452 507 443 448 490 470 461 464 450 465 461 448 468 490 487 467 487 475 506 527 496 499 498 508 505 474 450 465 484 496 491 474 494 441 420 443 482 489 474 500 547 499 469 494 478 472 452 457 465 463 477 473 466 475 501 480 509 515 503 496 520 431 510 496 501 506 473 430 476 465 449 517 510 466 453 450 443 466 457 435 478 504 490 460 455 436 481 476 494 496 460 447 443 425 417 434 476 475 494 479 490 489 468 430 446 447 439 518 474 454 443 481 513 474 456 469 434 446 451 453 493 505 479 417 425 475 445 384 403 408 461 482 482 470 432 447 505 507 527 496 487 491 496 492 480 473 454 464 467 469 472 446 460 470 490 508 510 518 495 483 499 508 492 485 412 433 472 472 453 466 475 493 510 467 485 457 489 463 424 468 420 427 432 474 469 
vem trace:

stid: 343
spdistance: 1094.85
radio trace:
482 472 472 469 469 481 483 459 472 485 492 469 466 468 461 447 451 474 498 480 463 457 466 477 472 468 468 457 476 486 475 482 477 465 452 454 498 501 481 494 464 453 459 461 482 471 473 482 502 500 480 485 495 475 458 458 488 479 446 475 474 467 479 484 463 453 461 476 474 461 469 491 481 463 460 466 467 436 461 478 516 478 474 480 475 475 454 466 479 475 486 501 489 477 477 488 492 487 482 480 454 443 433 452 446 460 485 467 464 470 465 466 475 453 448 463 480 483 491 494 464 460 462 470 485 475 488 467 479 461 461 436 458 478 454 422 434 468 462 473 486 464 470 469 469 455 486 511 491 486 465 484 467 480 474 456 461 461 461 460 428 438 464 484 464 462 458 465 470 486 476 480 498 471 512 509 481 474 440 467 473 472 484 467 466 494 465 447 459 484 490 453 449 426 456 459 487 474 471 484 477 478 515 500 484 483 479 463 486 500 480 479 473 471 467 477 495 472 495 470 440 452 466 470 460 465 461 508 502 467 469 484 476 494 491 472 465 452 453 455 453 462 463 478 457 479 480 488 497 476 491 507 483 494 484 451 439 470 466 455 457 474 473 473 488 473 475 468 429 443 469 499 477 454 452 467 437 458 463 450 486 472 471 446 427 422 449 451 475 453 474 465 484 492 462 434 447 469 461 477 491 485 470 473 476 468 464 471 488 457 453 446 479 481 507 503 511 497 492 472 474 493 478 468 468 483 474 477 505 480 458 462 473 462 470 488 459 479 476 482 476 484 483 525 509 497 483 464 452 454 474 462 475 477 496 481 479 470 465 460 467 467 477 434 446 465 458 478 475 478 466 462 478 506 463 463 446 448 470 462 457 444 442 474 463 469 464 470 473 504 528 508 459 472 423 439 479 477 471 430 454 451 493 467 492 500 474 482 495 494 502 495 475 472 485 475 466 470 492 471 490 499 479 471 452 454 452 470 462 472 483 478 489 488 519 501 496 469 441 438 451 461 495 506 497 497 488 448 452 470 492 513 472 477 484 448 462 454 464 471 461 489 474 454 426 440 447 448 436 466 468 464 497 486 492 482 470 462 467 500 497 488 479 489 500 492 505 489 467 448 465 482 483 480 492 490 476 480 481 485 489 483 501 501 479 440 458 455 444 464 437 457 460 435 448 453 455 488 494 452 439 443 456 480 480 470 466 481 485 454 462 483 489 427 439 449 469 487 487 489 483 469 456 461 454 445 462 479 468 489 444 459 489 498 471 448 464 484 495 503 461 473 480 498 478 464 468 484 466 468 499 489 476 471 453 469 454 449 459 448 450 450 444 464 479 481 459 445 443 418 470 459 439 462 482 504 500 505 503 479 462 443 452 469 465 467 460 467 479 497 489 477 502 486 488 496 492 474 477 479 479 478 500 497 500 509 480 485 481 471 465 452 434 442 459 472 495 511 502 473 453 443 424 435 480 473 502 494 484 468 452 454 430 465 479 471 430 412 429 495 479 481 490 469 477 464 457 472 473 478 491 486 469 464 467 468 480 470 468 437 466 453 460 481 455 453 443 458 467 462 481 483 478 468 473 478 512 513 466 479 465 476 445 435 440 450 451 471 483 480 454 462 442 456 491 459 457 464 452 494 502 466 454 457 451 469 485 501 469 449 425 460 485 477 469 496 498 485 454 460 450 490 464 464 461 451 433 446 449 473 498 483 487 459 449 469 488 494 468 450 468 482 459 478 471 482 478 474 
vem trace:

stid: 342
spdistance: 1533.45
radio trace:
409 432 396 399 416 450 449 440 443 439 416 407 415 445 461 456 480 431 445 446 410 420 422 457 440 455 497 456 466 445 435 446 425 431 420 434 454 440 416 423 421 417 423 435 467 448 446 451 443 426 427 434 412 398 415 428 442 395 433 439 459 453 461 446 437 458 448 473 459 445 465 497 471 452 423 412 402 416 439 474 466 449 434 443 434 432 441 427 436 403 409 420 445 449 446 445 473 439 442 425 387 386 399 400 415 435 417 399 422 404 376 413 447 448 424 434 424 412 434 425 410 420 463 450 454 448 427 429 429 435 421 426 440 468 432 429 450 444 423 391 390 416 419 400 410 411 414 429 445 441 431 414 421 391 411 435 455 459 470 461 458 471 485 460 475 445 407 398 402 396 424 428 461 467 460 457 469 470 435 445 467 472 452 428 431 444 407 423 438 435 442 432 421 424 459 475 479 462 439 406 444 435 422 417 419 427 420 444 462 447 450 440 441 478 452 429 428 400 412 415 415 425 428 412 442 429 431 414 431 443 445 458 455 455 464 460 441 427 422 420 402 413 454 417 401 441 407 452 437 423 413 413 420 449 426 430 447 450 450 448 445 466 456 427 398 394 438 455 456 410 428 431 473 440 418 400 402 412 434 433 399 427 426 425 448 454 454 446 432 419 431 424 430 430 449 443 444 447 430 440 431 420 424 449 447 455 436 415 412 434 440 437 449 415 415 435 435 438 401 417 421 438 431 434 449 450 468 472 444 421 431 427 428 412 428 430 417 414 385 374 404 408 436 436 471 494 479 484 482 477 472 436 418 424 392 381 391 377 370 367 369 374 414 412 416 423 430 442 430 461 455 466 431 461 447 436 396 429 432 432 391 421 435 428 389 427 436 432 429 447 470 468 439 467 454 452 440 437 436 451 445 442 431 435 454 446 438 418 387 418 442 417 388 404 421 445 422 430 457 440 399 410 408 444 456 431 441 443 436 435 468 477 457 455 434 451 420 442 429 411 432 422 430 411 434 408 414 422 438 457 463 438 442 403 402 436 452 463 485 466 468 461 448 438 459 440 425 436 425 421 429 410 417 426 423 384 430 436 421 447 458 437 440 461 453 446 439 429 413 405 432 460 450 457 435 447 471 475 455 470 457 440 437 422 414 443 444 438 425 428 462 451 415 448 421 435 444 411 440 442 424 455 442 400 425 385 401 430 462 472 495 469 464 445 415 434 461 465 438 455 465 443 422 426 424 415 424 423 457 461 450 422 395 398 426 437 423 431 437 439 440 414 427 419 415 429 407 419 439 415 425 443 443 430 437 431 418 414 423 374 410 408 430 468 446 444 427 425 444 448 439 429 443 438 464 458 444 454 457 449 435 423 450 448 434 448 459 453 422 418 439 452 449 454 432 432 434 416 429 461 453 419 420 406 423 432 418 425 427 437 431 455 443 418 442 452 459 450 428 403 388 412 430 426 416 428 420 388 414 407 434 440 422 428 419 413 417 407 414 411 406 397 403 401 438 469 474 508 460 443 431 423 444 443 410 400 432 434 448 459 450 453 460 470 439 429 405 416 427 446 449 469 472 470 429 412 429 443 445 449 433 445 439 433 437 433 480 436 436 403 413 425 397 415 387 419 445 410 393 394 443 454 453 448 449 433 420 439 418 434 458 447 464 468 473 465 425 392 405 443 448 428 415 443 453 427 389 403 399 392 420 425 433 434 430 423 443 442 443 439 440 424 430 413 434 456 462 488 
vem trace:

