SDId: 34689569
energy: 6.37961e+17
zenith: 0.52376
azimuth: 4.18764
GPSSeconc: 1126435480
stid: 419
spdistance: 912.022
radio trace:
479 469 471 505 490 456 470 467 454 467 452 435 420 456 464 474 491 490 445 446 464 443 464 455 434 398 447 454 451 417 429 451 448 476 470 474 459 471 461 485 475 471 460 490 489 457 463 508 487 454 441 467 483 485 411 420 378 426 455 477 475 486 454 463 486 449 421 406 427 446 472 419 444 418 424 440 484 484 446 443 456 435 427 446 489 456 451 433 498 463 466 464 445 517 523 481 477 456 476 494 474 449 463 494 454 462 476 438 414 443 476 467 419 416 407 454 460 486 467 419 436 442 451 454 457 500 508 543 481 504 512 491 423 440 449 448 456 448 462 484 495 477 476 402 401 448 495 463 461 506 501 501 495 469 471 440 407 434 420 419 413 453 474 477 437 452 484 466 415 412 414 448 464 476 483 502 481 420 437 425 465 487 510 526 500 417 439 419 440 477 433 445 439 457 472 450 458 489 476 462 491 467 464 408 383 391 425 462 423 428 437 447 438 405 377 409 444 429 484 499 519 501 508 523 494 484 469 432 478 462 475 489 477 490 477 494 439 440 451 445 477 494 466 458 468 434 434 410 451 492 533 530 525 483 460 454 468 472 448 441 466 457 462 462 438 477 499 482 448 403 394 386 469 449 401 432 429 451 449 461 420 436 411 409 396 402 464 494 462 455 486 500 450 414 398 411 417 441 414 410 415 478 469 413 444 496 467 481 497 480 487 480 475 449 418 384 403 448 507 482 412 439 467 392 426 421 435 474 487 488 488 474 464 443 499 521 514 488 462 481 488 534 527 467 425 455 497 487 456 448 419 442 471 463 456 457 453 447 427 449 414 468 460 460 479 416 427 399 396 413 441 448 433 453 484 479 492 430 417 468 484 458 469 463 452 403 418 471 453 411 436 470 448 446 475 480 493 462 415 409 436 446 428 472 455 456 434 416 416 429 423 392 455 456 482 431 478 471 474 439 468 478 498 449 497 476 440 456 467 474 454 467 480 475 489 419 459 401 417 443 443 420 463 461 447 408 398 432 437 441 474 478 512 522 509 478 445 465 438 511 446 414 425 398 448 483 483 466 453 430 424 420 397 439 454 458 486 448 434 385 457 417 402 375 405 449 466 421 385 440 459 457 404 442 410 455 411 430 415 437 426 421 449 461 476 484 500 461 419 432 455 470 457 451 467 465 454 425 415 427 442 460 464 454 424 455 415 424 450 466 412 439 434 489 496 474 501 498 489 433 431 453 415 446 443 409 472 458 457 491 507 490 465 465 426 437 440 452 477 441 449 446 463 441 430 467 425 419 447 467 450 437 475 509 470 466 410 401 425 426 416 452 473 470 397 465 443 440 460 466 436 437 427 422 452 437 428 466 424 468 469 449 454 427 422 461 474 438 468 463 463 486 468 459 457 447 475 457 443 439 475 465 528 518 515 481 421 437 500 448 445 468 433 445 416 462 502 507 494 440 409 412 478 465 465 425 443 434 454 463 456 463 447 454 435 428 449 459 479 500 505 488 459 406 437 443 419 408 394 418 449 475 504 492 463 472 449 487 493 492 518 490 483 490 443 409 449 456 471 452 464 479 493 489 473 438 436 433 460 469 414 450 407 419 435 416 445 436 428 431 433 448 487 485 475 486 469 445 469 453 437 440 434 461 428 477 482 485 484 470 448 494 480 452 444 460 481 490 478 452 470 452 439 449 452 461 475 504 528 500 504 518 470 450 456 463 459 474 476 452 471 492 522 523 502 502 458 449 
vem trace:

stid: 343
spdistance: 1216.88
radio trace:
402 428 422 446 442 459 429 404 434 415 435 424 429 421 440 483 467 453 443 440 419 439 426 401 427 440 450 447 421 422 437 435 440 432 413 413 415 445 443 435 445 463 465 475 434 411 448 456 447 454 439 433 428 447 460 470 477 438 440 439 439 416 425 429 447 439 463 459 452 477 447 427 435 432 440 462 469 489 491 452 479 461 427 443 449 456 433 425 413 429 415 440 441 429 441 399 416 420 420 423 418 421 444 444 442 444 451 433 409 433 452 460 449 466 471 435 430 439 465 454 472 459 440 427 410 404 395 417 434 428 429 437 428 428 400 387 372 401 415 448 445 439 448 449 426 416 432 463 460 443 427 426 430 452 436 443 444 429 430 425 465 442 452 439 406 408 395 420 433 438 459 470 446 466 449 450 445 415 425 432 410 414 405 440 479 458 425 432 400 375 415 426 470 463 484 451 439 441 441 449 437 432 432 424 436 434 435 430 397 395 446 451 460 450 423 455 448 447 439 425 417 455 454 464 486 445 445 445 475 477 460 454 464 455 451 479 466 485 440 442 430 448 430 423 418 458 466 428 417 421 422 422 450 449 429 445 442 447 444 449 451 449 430 435 463 440 431 461 453 434 436 412 429 451 451 463 457 438 438 432 391 416 390 415 423 415 418 425 423 396 439 440 436 428 441 478 445 449 426 410 427 406 430 452 475 460 411 401 422 431 434 427 423 408 422 430 414 438 445 431 421 422 432 423 407 402 426 412 428 437 436 419 424 399 425 463 455 473 452 436 410 413 438 424 443 469 442 442 477 465 453 428 436 442 442 454 438 465 478 450 457 479 480 469 446 445 433 430 429 439 454 430 426 440 434 443 420 431 454 469 453 455 461 445 443 449 474 431 453 446 468 443 405 407 454 435 414 445 456 468 466 464 455 457 451 449 428 432 434 447 457 460 472 456 453 451 439 421 460 422 419 403 414 454 454 439 446 420 438 453 459 439 457 462 454 445 448 435 417 404 436 483 468 462 419 434 460 441 418 393 434 444 444 454 486 480 465 461 458 430 418 416 441 466 455 413 396 389 414 461 437 436 429 421 430 419 420 442 429 438 457 469 481 487 462 433 432 418 446 460 439 435 456 474 467 438 440 438 458 454 457 447 445 463 483 472 433 447 442 460 462 457 454 481 470 461 464 459 450 432 462 478 449 468 460 460 443 440 441 432 436 433 415 424 445 415 422 439 441 440 453 458 447 458 464 450 444 465 458 460 475 445 407 412 430 431 456 433 450 448 461 449 424 397 444 447 435 420 423 427 414 421 430 435 433 444 398 416 409 448 454 471 483 481 456 464 482 470 459 429 414 420 414 471 456 441 439 479 474 472 449 424 411 448 445 434 444 421 415 442 422 410 400 430 441 474 467 451 455 464 459 431 383 400 412 431 429 440 465 485 435 424 430 444 445 450 462 462 437 440 441 394 408 448 462 433 426 422 452 457 445 430 458 436 410 424 438 450 459 446 408 422 434 398 431 442 467 457 438 423 400 427 462 462 414 401 394 432 461 465 465 452 454 469 452 448 450 476 443 442 455 447 444 415 443 430 433 426 411 465 458 457 452 475 492 473 459 428 458 473 445 436 419 422 446 442 432 421 443 444 460 434 451 438 417 414 469 442 444 423 419 442 447 445 456 472 446 448 460 446 450 445 416 429 429 407 401 429 427 428 439 456 429 434 451 418 431 459 441 424 410 435 439 461 466 490 450 437 
vem trace:

