SDId: 34558736
energy: 3.2458e+17
zenith: 0.834457
azimuth: 2.71004
GPSSeconc: 1125609736
stid: 343
spdistance: 512.46
radio trace:
460 475 480 493 478 461 465 461 467 462 450 434 447 462 464 449 467 469 457 454 445 447 452 431 462 462 484 491 467 434 443 460 481 486 463 472 485 465 450 472 462 463 471 458 439 455 481 485 487 501 454 460 465 477 480 467 451 467 466 446 451 432 455 472 443 466 461 469 471 475 475 494 482 467 477 485 475 483 485 467 449 467 476 441 437 456 454 462 481 491 480 495 513 521 507 487 489 479 479 474 451 476 478 486 501 490 468 502 508 494 463 461 459 444 430 446 441 444 454 456 475 498 480 498 486 485 468 477 482 502 513 482 491 491 481 498 482 452 424 443 440 448 456 485 477 473 486 486 454 457 443 438 450 457 442 459 448 474 459 469 460 445 448 467 471 470 475 477 474 474 462 452 466 435 448 465 494 481 464 486 491 481 476 485 446 466 467 505 491 500 489 510 500 463 465 467 446 449 460 477 470 443 425 441 455 472 441 463 437 418 462 502 492 482 482 486 478 464 454 447 454 459 439 462 449 438 447 468 474 480 473 474 489 487 470 462 481 453 439 475 487 499 502 476 454 451 418 430 466 448 453 456 470 479 490 493 469 474 480 494 494 462 445 429 450 453 454 451 444 452 447 468 449 447 473 494 449 450 484 485 508 483 467 457 452 407 441 425 452 450 472 455 460 489 480 460 449 464 464 435 467 456 472 474 484 495 498 487 460 446 466 475 453 456 454 437 467 459 427 424 468 493 467 446 453 443 468 455 462 461 468 476 498 489 503 496 491 494 485 501 478 464 498 481 489 480 474 482 481 488 475 464 473 467 462 470 455 455 483 489 449 442 459 503 484 478 464 453 477 469 482 499 502 443 442 444 450 459 473 467 451 450 433 443 451 464 452 474 479 454 482 484 489 514 521 493 474 430 430 431 435 464 448 451 450 425 430 458 477 469 480 497 473 465 458 458 482 496 496 477 500 498 479 483 460 455 457 485 494 493 433 438 428 456 459 436 439 445 412 448 466 459 448 473 461 468 469 474 479 470 448 469 451 475 475 462 446 483 484 495 476 459 452 466 472 463 494 489 450 426 450 427 470 502 468 486 478 476 485 455 461 468 464 462 463 497 463 436 440 441 472 457 484 435 440 439 445 449 474 453 448 439 474 475 470 442 459 474 470 456 443 445 465 460 465 437 456 491 503 489 457 427 467 454 463 450 450 489 493 476 442 469 466 454 450 450 445 465 463 483 456 463 472 473 469 471 459 459 476 470 467 465 499 500 473 470 457 447 441 460 461 476 468 459 480 466 471 463 461 483 462 490 499 480 443 434 463 483 465 494 456 452 454 449 450 493 489 490 494 479 483 503 475 478 487 439 436 484 449 468 470 478 471 457 426 455 463 460 445 453 479 491 492 476 487 485 452 447 462 452 461 470 478 501 504 482 491 493 509 502 482 491 493 484 453 499 473 490 481 443 408 444 476 488 478 486 492 469 465 457 469 474 461 460 441 448 463 470 446 443 431 449 481 473 452 425 436 447 439 449 464 469 469 458 477 484 464 481 470 463 461 462 458 439 461 468 433 469 472 469 459 438 459 476 492 460 469 449 481 479 460 440 451 455 450 472 479 464 471 474 456 462 509 482 467 454 465 466 471 469 494 502 502 492 464 475 479 467 482 485 463 480 462 472 484 463 479 478 499 515 502 449 460 483 497 490 443 424 448 464 454 437 423 465 465 459 475 460 454 450 457 474 481 464 480 472 484 463 
vem trace:

stid: 419
spdistance: 810.704
radio trace:
493 477 522 543 513 543 528 514 473 474 474 471 421 461 482 486 501 511 514 490 500 539 527 499 511 519 512 522 492 501 507 497 508 525 539 505 517 513 541 528 526 520 509 503 507 532 517 474 482 503 502 470 478 488 518 494 451 480 475 490 470 464 516 501 510 503 505 497 523 502 507 537 511 495 531 548 533 505 511 488 497 473 520 510 478 493 492 489 485 494 473 487 507 503 516 507 499 497 484 478 527 508 482 488 469 462 440 512 527 502 523 488 511 535 504 528 538 493 491 513 517 504 521 489 493 487 517 494 464 449 490 522 528 496 530 522 484 490 494 503 502 529 482 476 491 490 486 496 475 506 519 520 487 493 508 480 487 518 509 472 499 488 489 474 505 504 478 439 488 478 517 545 504 458 485 509 494 551 556 531 551 519 509 522 490 443 421 447 437 449 527 539 534 513 542 508 486 501 528 521 522 502 496 474 488 517 483 500 491 511 546 509 495 492 479 495 478 486 470 473 484 499 452 437 469 487 431 439 442 472 437 467 478 475 517 484 507 524 519 484 423 461 447 444 428 449 459 506 490 526 555 542 514 500 483 455 456 475 487 492 522 522 519 497 485 452 515 505 523 514 515 554 549 533 543 509 487 497 496 498 478 467 478 477 514 533 543 519 491 499 549 526 498 512 499 455 509 517 524 501 465 487 520 473 527 512 470 463 530 514 507 481 482 531 547 575 540 538 512 480 522 536 476 472 487 488 469 504 480 485 500 515 523 495 506 481 463 505 534 499 500 543 511 457 450 453 452 434 429 415 440 463 492 431 504 521 496 474 502 507 544 503 486 460 504 475 484 466 469 451 474 459 466 497 526 545 481 473 497 473 476 513 505 473 464 436 506 496 498 485 475 468 465 471 489 503 510 540 546 504 486 458 498 504 481 500 510 521 517 534 498 507 520 476 498 531 528 469 456 481 507 466 499 499 549 499 486 519 536 523 491 494 475 464 481 471 506 491 485 495 518 503 495 492 446 475 488 501 514 504 495 508 538 549 518 480 492 503 483 519 532 498 469 509 518 477 506 497 524 513 521 487 491 494 486 428 435 419 439 430 456 456 415 483 534 553 513 506 483 510 520 466 411 482 494 471 461 446 504 545 547 532 531 554 515 506 488 481 469 447 471 501 486 522 557 541 540 502 502 480 464 505 483 507 527 497 511 499 478 466 470 488 471 513 515 500 439 451 467 503 506 493 521 514 526 502 530 488 454 475 484 483 500 485 538 519 545 520 497 482 447 464 501 486 474 490 512 522 524 498 511 491 495 493 485 457 443 480 503 459 473 480 442 490 508 518 486 484 485 478 443 464 478 508 507 494 445 444 464 495 498 474 470 500 572 521 529 499 522 513 505 529 518 520 517 567 552 561 548 516 540 497 519 520 515 517 512 531 517 491 509 496 497 496 496 525 498 484 472 479 508 573 535 531 519 490 476 451 493 526 531 521 491 446 448 467 457 469 502 524 492 518 525 510 496 507 550 538 530 492 481 496 520 539 543 525 571 532 530 448 490 521 512 496 490 491 500 493 479 436 449 427 452 478 494 477 468 523 498 473 462 479 525 504 417 475 496 448 461 463 482 478 505 457 467 471 509 449 442 516 534 554 528 525 493 484 514 519 526 500 485 525 506 494 517 524 514 496 438 437 447 470 513 477 432 459 497 500 478 475 501 453 433 400 444 487 504 440 440 475 468 440 445 480 470 472 531 477 
vem trace:

