SDId: 34788259
energy: 6.23624e+17
zenith: 0.514399
azimuth: 3.05986
GPSSeconc: 1127006643
stid: 333
spdistance: 209.306
radio trace:
388 401 416 427 386 419 432 440 468 443 407 403 387 413 447 416 386 400 405 403 407 452 420 401 424 451 445 434 457 416 439 438 440 446 429 444 447 431 410 426 440 434 455 434 450 469 441 426 454 452 434 437 429 461 445 438 441 436 442 429 412 410 427 437 421 409 442 451 414 380 387 411 418 416 444 451 449 427 433 430 447 454 446 435 463 464 444 458 474 430 436 409 424 421 451 470 430 419 394 388 402 413 447 439 425 448 457 407 429 428 416 381 390 438 436 426 439 429 443 446 466 429 406 398 389 400 396 408 427 408 439 442 427 442 426 423 430 444 431 450 442 425 441 438 417 447 445 457 480 472 459 451 447 412 421 422 450 460 419 446 430 414 420 389 464 463 451 447 431 420 449 445 414 398 395 399 408 405 408 410 423 443 467 445 415 422 411 405 428 397 446 457 450 432 454 465 462 419 399 408 435 432 443 457 447 444 460 468 451 410 384 389 432 438 450 421 415 427 418 457 422 415 437 405 388 421 418 455 461 419 414 456 453 453 436 429 436 434 449 444 445 433 446 445 440 403 397 443 404 369 387 411 412 416 417 435 441 456 419 382 418 396 408 413 399 424 420 420 425 439 435 413 440 455 411 418 421 419 418 423 389 406 421 401 408 445 427 421 451 452 408 438 427 424 428 459 465 455 456 430 458 425 432 430 426 384 374 387 367 390 444 459 445 452 469 442 464 419 429 434 430 421 443 453 453 451 471 465 448 431 400 430 413 388 397 426 398 412 418 418 425 429 435 414 424 449 446 443 421 347 393 406 405 420 399 379 408 407 400 421 446 436 427 407 421 457 465 444 447 474 445 428 440 451 422 374 386 417 451 440 449 456 455 468 495 502 449 441 474 464 450 439 450 457 427 393 409 433 407 381 431 438 433 430 421 446 443 436 415 417 456 454 442 420 391 364 417 408 453 453 416 410 390 377 401 386 402 420 429 446 422 403 445 458 443 426 404 414 423 443 455 465 428 407 387 402 408 405 450 445 429 406 417 433 438 416 408 405 435 433 421 425 421 417 414 441 429 456 461 451 414 407 444 456 420 415 430 420 410 433 438 432 462 460 460 423 445 426 444 405 376 404 427 412 416 424 462 447 427 442 424 430 470 446 453 454 430 402 405 417 431 419 432 446 457 450 411 389 405 401 419 455 424 452 434 437 444 450 435 453 472 470 458 412 368 404 412 438 444 444 413 422 450 419 414 425 411 399 396 427 428 426 436 391 414 443 436 426 422 407 415 398 388 403 377 384 385 408 422 408 410 384 395 418 407 402 402 409 444 429 420 414 413 407 446 420 428 462 475 487 442 430 401 426 411 418 445 415 393 404 438 448 418 406 392 371 401 463 475 414 410 401 405 360 379 422 402 426 413 445 437 433 379 397 398 420 423 438 437 436 426 437 423 425 423 437 433 427 404 420 425 421 428 475 477 452 462 435 430 415 418 410 424 395 380 406 389 407 443 420 387 402 402 373 403 397 389 400 428 427 415 389 405 425 444 460 424 400 423 455 456 448 428 414 410 435 478 454 410 438 484 496 444 439 436 448 446 456 417 436 418 424 437 460 440 420 416 442 418 410 425 444 455 440 415 432 437 439 428 403 402 433 457 433 420 432 444 384 412 443 445 421 398 398 424 432 469 452 424 453 466 463 462 414 425 431 404 401 392 389 424 464 448 454 461 484 433 405 433 451 436 456 494 487 479 470 441 449 
vem trace:

stid: 342
spdistance: 1237.81
radio trace:
410 421 420 439 435 425 427 436 407 392 458 449 412 435 426 417 416 412 436 412 420 454 448 397 394 403 403 449 433 438 444 428 427 437 409 420 459 456 470 455 458 464 438 400 388 400 409 416 421 419 434 441 433 448 438 420 416 440 431 408 443 439 422 431 409 436 436 417 412 445 426 428 414 423 410 428 434 441 460 456 464 442 423 418 441 465 466 439 435 412 430 449 443 430 433 409 420 438 438 446 456 456 431 427 399 410 431 447 469 447 448 449 446 418 425 419 449 454 426 428 443 415 421 405 418 427 421 393 416 431 428 418 416 419 451 415 425 414 432 425 435 451 435 426 438 445 457 434 432 430 380 398 414 418 439 451 483 450 460 445 447 417 431 412 414 419 410 407 431 419 384 378 397 428 439 426 424 432 420 431 409 405 443 447 432 423 403 398 390 398 406 426 428 430 458 444 447 426 429 462 474 469 441 459 463 460 465 433 448 468 455 446 439 389 390 421 420 447 441 440 438 409 405 426 443 457 412 420 439 448 446 431 427 405 416 423 430 418 400 391 403 432 412 395 410 445 448 454 445 442 451 457 471 437 398 435 424 416 408 424 410 404 371 400 407 398 440 431 412 427 441 435 438 426 399 403 394 412 417 413 418 436 433 458 442 463 456 457 439 393 377 419 435 440 430 441 424 425 424 417 431 424 427 429 436 428 411 401 394 409 438 436 461 423 435 413 420 431 430 446 461 432 431 413 432 427 416 414 378 389 424 445 436 418 420 421 389 408 414 426 444 428 438 446 445 442 431 458 461 438 446 438 426 440 434 432 418 425 436 429 419 406 439 447 411 426 445 423 418 415 426 414 422 423 401 407 411 416 401 409 411 433 431 427 400 395 369 388 422 440 446 417 416 447 449 425 442 419 405 397 404 407 411 419 436 437 418 426 430 442 405 421 417 439 453 448 447 412 387 420 426 410 396 408 424 431 454 431 421 428 448 426 427 444 443 435 442 412 395 432 407 421 432 431 439 436 427 457 447 446 449 437 411 414 428 454 429 382 398 417 452 434 434 421 427 422 436 438 393 379 374 400 431 412 406 423 420 393 407 417 454 442 436 402 364 399 405 385 401 418 421 452 437 439 430 434 459 453 450 440 451 436 437 391 424 443 444 428 425 427 455 422 434 463 475 477 435 436 437 418 395 381 417 428 433 444 466 466 430 418 435 457 422 399 434 432 414 426 434 417 409 434 462 452 447 443 428 425 422 414 395 402 418 425 440 436 418 419 450 442 429 450 452 431 411 388 405 433 427 419 456 442 435 422 424 449 463 438 464 458 448 426 427 431 441 424 401 433 431 456 471 477 456 444 443 425 399 424 417 399 422 409 432 448 442 416 427 439 426 417 436 418 463 468 447 436 443 414 380 368 428 439 419 406 428 451 464 451 430 414 423 443 404 446 434 456 443 441 453 452 438 444 431 439 425 435 425 434 434 440 411 429 464 471 429 399 402 431 413 383 405 415 399 401 413 414 434 457 446 409 422 483 461 455 441 424 431 393 379 411 421 421 410 426 421 426 405 418 458 414 373 381 434 442 408 445 465 440 413 399 408 418 409 414 410 436 419 428 396 411 400 438 418 437 439 453 465 466 494 474 478 460 455 458 464 446 460 440 427 461 454 398 407 412 398 410 422 407 421 391 393 408 406 409 432 416 398 448 461 473 457 435 448 444 435 457 434 403 404 408 431 447 434 410 404 431 428 396 
vem trace:

