SDId: 34744523
energy: 3.46055e+17
zenith: 0.604547
azimuth: 0.305867
GPSSeconc: 1126738641
stid: 342
spdistance: 664.298
radio trace:
408 387 425 425 475 466 459 461 491 472 446 435 425 428 459 432 451 448 429 430 466 470 470 455 468 488 453 458 463 461 455 459 469 472 483 495 472 472 432 439 436 445 455 472 441 440 459 456 460 490 478 454 457 469 478 470 460 461 455 457 481 464 449 423 441 425 428 439 430 426 435 472 448 469 471 473 447 449 430 457 491 433 457 450 463 415 425 432 459 460 477 456 426 386 381 407 419 431 430 438 428 456 445 454 473 486 462 476 448 454 438 451 403 397 406 435 441 463 453 462 434 444 441 478 496 494 512 464 465 463 470 452 437 453 468 462 444 453 458 463 475 487 512 493 465 467 462 421 408 436 425 441 438 440 458 474 485 489 468 490 464 461 460 459 460 454 465 475 458 481 465 448 441 434 443 447 465 487 453 451 454 472 478 477 446 464 455 426 424 429 457 440 447 436 437 442 488 486 455 433 455 489 492 482 462 450 449 453 455 432 431 456 463 464 477 470 438 470 484 471 407 396 427 458 458 463 453 435 442 451 419 438 453 451 446 455 457 431 419 443 487 472 482 447 451 428 425 454 447 443 445 426 457 451 445 475 475 488 457 463 439 477 463 427 428 443 421 405 430 453 463 458 452 500 468 471 464 475 452 450 484 490 463 465 461 444 435 423 438 482 473 467 454 466 450 448 455 452 460 455 470 463 455 451 483 457 476 477 474 491 474 459 429 458 447 450 451 442 476 482 449 465 465 459 461 452 476 467 462 449 456 473 465 486 485 475 464 456 469 474 485 433 448 438 433 424 437 450 470 461 445 432 472 448 468 486 466 454 464 450 445 435 440 454 450 428 456 451 436 423 446 446 416 418 443 451 447 439 420 432 424 461 476 460 458 468 465 478 472 417 415 404 402 448 460 437 419 457 448 430 460 482 468 445 426 433 470 460 486 476 457 455 470 445 455 453 470 460 470 428 430 426 438 424 411 424 427 446 438 437 461 465 457 495 467 479 479 493 488 423 447 452 460 442 456 464 468 467 510 481 453 463 456 432 426 424 437 443 444 428 412 450 458 468 451 472 476 456 457 448 457 451 453 413 461 465 471 459 445 429 411 420 439 437 436 438 456 478 468 469 489 441 410 411 445 460 450 444 437 457 457 443 426 449 461 477 474 444 440 397 414 427 422 450 462 476 482 450 427 443 471 481 480 466 425 402 438 429 424 446 452 446 434 472 458 469 459 451 455 427 431 460 465 464 471 467 484 471 457 481 487 471 477 480 476 461 478 486 470 446 461 466 437 454 469 470 463 400 437 442 464 475 480 473 473 472 457 467 476 454 421 443 465 456 462 455 440 440 434 410 430 453 468 487 467 439 412 442 437 433 438 433 427 411 454 446 424 395 440 453 438 446 429 454 458 451 470 464 475 465 462 469 467 482 491 485 507 495 478 467 459 461 476 452 440 443 465 477 465 472 482 432 449 428 422 436 439 425 467 436 445 450 455 468 474 452 475 457 420 442 456 451 432 441 479 479 476 426 417 414 424 433 413 413 456 498 503 458 459 450 454 448 456 454 463 480 472 463 459 467 478 482 475 483 491 446 461 480 486 485 501 451 427 469 476 468 469 461 434 457 463 460 456 437 409 420 429 437 419 419 430 472 472 480 500 473 444 457 450 428 440 442 458 462 450 456 462 463 471 446 463 474 475 488 473 456 476 479 485 461 453 416 440 427 474 476 460 464 478 468 468 447 442 461 463 474 470 470 
vem trace:

stid: 341
spdistance: 840.535
radio trace:
536 517 549 548 558 553 528 511 484 529 511 494 492 522 520 488 523 505 516 485 503 533 511 509 504 517 515 465 491 528 520 505 479 480 482 510 532 495 487 467 478 522 536 503 488 503 518 521 497 470 509 534 576 537 522 515 487 511 547 572 545 544 543 526 490 441 418 477 480 501 533 511 495 528 541 500 501 527 477 480 467 520 521 507 519 491 483 481 519 519 480 508 474 461 483 501 497 513 516 514 540 551 524 517 489 498 514 510 515 486 517 506 520 518 517 516 519 511 536 548 561 554 532 501 513 531 539 574 565 536 526 516 524 502 502 508 476 501 516 517 511 533 566 558 501 517 502 506 485 505 545 534 535 525 491 498 507 563 561 523 531 520 504 498 536 511 495 492 510 470 473 517 525 566 586 578 550 536 510 563 551 565 572 558 500 515 528 526 504 507 510 491 470 514 534 494 527 501 487 444 464 480 491 493 511 506 522 509 505 511 501 501 515 506 506 518 508 511 524 524 523 503 511 516 513 511 526 491 490 511 487 491 486 505 520 510 547 489 491 556 527 534 538 517 513 511 508 504 549 573 551 523 503 528 573 531 537 536 549 520 485 441 502 541 523 506 498 516 511 518 493 527 558 549 549 508 535 536 501 486 533 543 558 535 541 495 458 472 469 480 514 520 514 539 537 542 550 543 525 515 532 586 557 540 495 502 504 486 493 523 529 538 571 557 562 527 545 537 502 499 527 510 553 578 538 526 517 517 499 531 546 565 519 486 490 515 535 518 515 499 539 531 489 450 478 497 512 533 526 504 541 586 612 566 528 525 520 520 513 486 496 503 489 492 485 550 518 531 552 525 488 506 528 488 500 508 482 500 504 508 509 498 465 467 470 467 501 511 543 538 467 478 483 508 489 503 509 520 503 509 539 523 542 521 535 532 512 540 550 522 480 477 485 523 522 535 550 531 468 491 543 503 503 509 498 549 555 532 542 526 582 526 516 498 497 534 552 545 504 520 542 553 551 526 515 515 511 520 554 578 542 527 507 517 536 546 547 520 511 522 509 516 502 516 575 584 546 531 534 536 521 487 469 497 525 565 545 491 464 452 454 503 497 517 517 543 510 521 537 540 563 530 501 561 576 563 541 542 562 553 499 519 496 483 498 490 495 453 494 519 556 526 531 497 501 508 551 555 517 537 540 555 544 514 498 498 515 561 541 569 527 495 528 513 540 525 516 545 534 507 497 521 510 527 493 488 478 510 469 493 501 518 472 495 498 504 516 520 533 605 590 564 555 531 541 574 555 519 535 581 533 526 524 482 505 516 502 511 467 451 488 499 475 490 497 512 591 588 571 553 513 531 536 496 479 496 532 554 572 538 523 542 516 513 495 504 498 566 556 561 528 499 521 536 505 526 530 513 488 502 495 499 513 518 519 523 504 512 504 494 502 532 544 557 541 517 517 498 463 472 507 521 543 570 525 564 518 574 564 535 535 530 568 553 549 508 487 518 531 520 502 512 539 540 506 515 519 519 532 539 529 585 555 514 545 510 531 517 515 505 509 474 464 479 522 512 496 535 562 548 476 476 507 491 501 517 498 532 533 524 474 479 487 472 489 530 566 561 533 515 502 514 540 488 504 531 518 501 509 470 485 489 494 513 505 547 520 555 572 529 514 497 547 520 485 491 507 519 533 533 525 516 533 498 486 512 524 521 528 566 577 549 522 521 535 541 528 524 555 499 503 500 507 506 481 499 500 527 
vem trace:

stid: 341
spdistance: 840.535
radio trace:
536 517 549 548 558 553 528 511 484 529 511 494 492 522 520 488 523 505 516 485 503 533 511 509 504 517 515 465 491 528 520 505 479 480 482 510 532 495 487 467 478 522 536 503 488 503 518 521 497 470 509 534 576 537 522 515 487 511 547 572 545 544 543 526 490 441 418 477 480 501 533 511 495 528 541 500 501 527 477 480 467 520 521 507 519 491 483 481 519 519 480 508 474 461 483 501 497 513 516 514 540 551 524 517 489 498 514 510 515 486 517 506 520 518 517 516 519 511 536 548 561 554 532 501 513 531 539 574 565 536 526 516 524 502 502 508 476 501 516 517 511 533 566 558 501 517 502 506 485 505 545 534 535 525 491 498 507 563 561 523 531 520 504 498 536 511 495 492 510 470 473 517 525 566 586 578 550 536 510 563 551 565 572 558 500 515 528 526 504 507 510 491 470 514 534 494 527 501 487 444 464 480 491 493 511 506 522 509 505 511 501 501 515 506 506 518 508 511 524 524 523 503 511 516 513 511 526 491 490 511 487 491 486 505 520 510 547 489 491 556 527 534 538 517 513 511 508 504 549 573 551 523 503 528 573 531 537 536 549 520 485 441 502 541 523 506 498 516 511 518 493 527 558 549 549 508 535 536 501 486 533 543 558 535 541 495 458 472 469 480 514 520 514 539 537 542 550 543 525 515 532 586 557 540 495 502 504 486 493 523 529 538 571 557 562 527 545 537 502 499 527 510 553 578 538 526 517 517 499 531 546 565 519 486 490 515 535 518 515 499 539 531 489 450 478 497 512 533 526 504 541 586 612 566 528 525 520 520 513 486 496 503 489 492 485 550 518 531 552 525 488 506 528 488 500 508 482 500 504 508 509 498 465 467 470 467 501 511 543 538 467 478 483 508 489 503 509 520 503 509 539 523 542 521 535 532 512 540 550 522 480 477 485 523 522 535 550 531 468 491 543 503 503 509 498 549 555 532 542 526 582 526 516 498 497 534 552 545 504 520 542 553 551 526 515 515 511 520 554 578 542 527 507 517 536 546 547 520 511 522 509 516 502 516 575 584 546 531 534 536 521 487 469 497 525 565 545 491 464 452 454 503 497 517 517 543 510 521 537 540 563 530 501 561 576 563 541 542 562 553 499 519 496 483 498 490 495 453 494 519 556 526 531 497 501 508 551 555 517 537 540 555 544 514 498 498 515 561 541 569 527 495 528 513 540 525 516 545 534 507 497 521 510 527 493 488 478 510 469 493 501 518 472 495 498 504 516 520 533 605 590 564 555 531 541 574 555 519 535 581 533 526 524 482 505 516 502 511 467 451 488 499 475 490 497 512 591 588 571 553 513 531 536 496 479 496 532 554 572 538 523 542 516 513 495 504 498 566 556 561 528 499 521 536 505 526 530 513 488 502 495 499 513 518 519 523 504 512 504 494 502 532 544 557 541 517 517 498 463 472 507 521 543 570 525 564 518 574 564 535 535 530 568 553 549 508 487 518 531 520 502 512 539 540 506 515 519 519 532 539 529 585 555 514 545 510 531 517 515 505 509 474 464 479 522 512 496 535 562 548 476 476 507 491 501 517 498 532 533 524 474 479 487 472 489 530 566 561 533 515 502 514 540 488 504 531 518 501 509 470 485 489 494 513 505 547 520 555 572 529 514 497 547 520 485 491 507 519 533 533 525 516 533 498 486 512 524 521 528 566 577 549 522 521 535 541 528 524 555 499 503 500 507 506 481 499 500 527 
vem trace:

stid: 332
spdistance: 870.807
radio trace:
303 245 285 303 368 348 337 320 325 319 326 304 281 281 276 267 302 336 263 288 291 308 307 344 277 265 304 297 297 340 289 339 356 316 323 289 285 351 305 282 302 322 324 310 295 288 294 274 267 313 277 245 224 287 287 298 337 353 294 319 340 313 319 342 317 298 336 373 336 316 307 281 275 290 310 329 337 355 324 299 297 302 281 313 301 300 316 334 291 306 346 312 278 304 293 269 253 295 287 272 275 367 331 316 263 266 273 314 316 278 266 289 328 316 322 342 306 282 284 314 300 332 332 302 270 282 247 271 276 229 293 309 276 316 343 350 345 291 268 257 277 319 334 301 348 342 310 281 317 294 301 310 334 307 294 224 278 275 224 289 298 265 300 287 269 289 295 231 252 285 290 310 312 295 298 254 247 233 275 275 285 285 277 293 351 349 281 244 277 260 266 289 304 319 341 367 383 327 246 237 290 286 297 267 284 296 266 288 285 291 326 304 302 260 261 281 273 341 348 324 349 350 355 339 312 317 343 319 291 315 334 309 312 270 269 260 242 238 249 249 220 234 251 231 275 275 286 337 349 306 293 307 277 271 329 323 311 328 231 230 251 272 308 315 313 296 261 282 289 347 322 313 339 340 305 315 331 326 335 318 314 278 267 274 318 317 302 323 325 342 324 277 274 300 287 322 264 254 226 265 285 280 287 280 278 279 266 254 279 290 273 253 258 262 231 263 328 349 333 331 299 300 277 325 314 306 258 264 296 302 314 335 346 337 315 278 251 256 266 235 251 247 259 267 332 299 252 295 311 333 361 340 328 284 260 283 277 309 278 266 317 308 320 310 324 299 274 280 309 330 314 321 344 319 287 288 282 290 298 333 330 330 284 248 276 305 314 318 251 239 236 274 269 278 298 259 298 289 274 300 312 311 268 302 302 333 336 282 267 242 270 297 259 244 236 257 291 283 279 267 276 283 281 289 310 310 329 293 301 292 291 310 304 310 294 305 318 322 323 322 255 270 347 316 321 280 304 301 302 274 229 241 290 334 263 257 319 318 352 333 300 305 268 314 324 327 343 356 336 311 288 312 305 339 318 289 295 276 301 292 252 296 296 324 250 282 306 301 326 297 313 300 295 317 295 254 255 245 271 258 254 252 314 351 342 261 270 265 238 216 229 267 253 267 305 283 332 333 322 366 381 328 315 292 288 271 261 306 304 330 306 337 303 280 304 289 313 295 267 311 296 289 294 306 274 287 337 327 303 306 307 323 276 302 341 311 288 294 354 387 368 376 313 301 268 234 249 255 246 264 340 307 302 266 289 313 291 277 307 311 266 268 299 329 314 333 308 333 349 328 307 309 329 329 313 323 250 275 322 300 313 277 280 292 296 284 252 226 243 293 316 304 302 274 240 242 263 209 243 280 317 295 265 253 268 285 279 286 264 279 273 236 278 293 294 279 244 289 322 299 294 302 280 300 324 339 354 311 291 304 299 307 276 286 263 255 244 272 226 252 272 297 331 354 308 310 290 285 334 312 349 318 308 331 341 331 318 340 358 309 325 317 288 316 317 317 328 293 292 320 293 287 311 346 319 340 329 326 303 285 282 266 294 263 230 269 307 311 303 318 299 307 331 330 282 303 277 305 329 320 290 269 262 246 302 354 356 307 313 312 302 256 228 276 290 320 306 292 328 342 291 289 259 274 259 297 341 323 315 323 324 337 315 302 356 341 273 284 270 284 290 274 347 365 368 352 296 285 
vem trace:

