SDId: 34868786
energy: 3.75815e+18
zenith: 0.285581
azimuth: 1.59519
GPSSeconc: 1127518240
stid: 332
spdistance: 741.016
radio trace:
524 561 572 546 551 522 529 521 551 571 548 537 542 553 584 600 576 535 519 533 558 550 541 566 554 529 537 516 507 523 549 544 570 569 600 574 564 503 513 522 575 575 557 541 565 573 549 566 558 546 555 534 527 527 593 598 587 583 580 569 527 569 586 542 565 558 503 513 521 530 520 555 574 567 579 594 558 574 563 562 586 580 578 570 586 579 584 568 554 534 497 540 537 553 589 577 594 591 575 566 568 599 596 570 577 569 585 533 563 598 574 568 551 549 552 562 546 525 519 553 561 573 572 565 570 611 605 556 522 541 546 581 585 551 558 556 543 557 535 533 544 548 526 546 559 555 528 525 569 585 557 579 566 548 567 529 543 519 516 546 565 569 573 542 558 572 543 543 555 540 540 558 585 564 561 570 566 606 615 577 545 562 556 565 553 582 559 576 564 578 538 555 582 616 622 604 612 568 574 561 577 566 551 562 555 562 579 569 542 560 573 562 549 506 508 520 596 571 569 562 563 597 559 540 536 570 580 563 562 580 558 569 557 554 539 575 582 569 563 544 554 586 557 579 575 562 546 540 550 544 520 528 514 534 544 594 618 588 572 560 542 541 569 518 558 565 582 558 543 551 574 566 575 553 552 573 567 555 570 586 571 577 604 561 565 570 562 575 589 591 582 579 557 546 538 554 533 543 535 530 536 563 536 552 562 555 551 574 551 534 578 554 522 513 502 500 533 528 530 530 537 539 551 547 536 533 559 597 598 605 592 563 537 568 553 536 546 560 574 569 580 545 557 529 509 531 552 548 531 540 553 573 551 593 600 595 572 563 567 584 536 566 561 569 556 573 583 570 574 560 542 557 555 549 529 519 529 549 562 560 548 561 571 544 559 536 542 534 526 523 500 525 559 545 531 536 586 584 556 557 522 549 563 546 527 555 583 549 509 532 559 573 571 583 556 550 534 538 550 566 566 553 524 547 526 562 540 539 555 535 545 570 542 531 552 558 570 572 573 554 518 537 533 521 524 520 530 535 561 557 583 567 606 575 567 550 538 550 557 556 535 518 536 532 538 518 526 567 585 551 557 569 563 601 611 596 563 573 577 547 545 576 574 547 531 557 555 571 574 559 553 543 535 565 541 551 561 586 579 568 534 558 525 528 553 579 556 510 520 545 561 554 552 540 562 581 563 577 580 569 565 566 581 575 563 571 561 531 532 564 540 559 573 587 567 532 551 535 519 533 538 560 559 563 542 533 552 542 546 525 547 536 521 530 513 533 537 577 537 553 585 578 524 547 542 565 577 596 571 543 534 540 515 490 536 555 562 593 549 537 536 556 564 569 549 547 533 561 581 564 538 525 535 553 573 541 582 591 567 537 537 557 550 592 578 595 606 596 571 572 559 544 564 539 554 544 533 535 539 560 575 580 560 567 553 570 553 562 553 548 566 604 581 539 502 520 543 541 557 542 561 577 569 563 545 539 538 513 551 536 511 501 508 513 500 552 562 545 535 561 564 549 551 529 547 549 535 556 530 538 530 543 584 556 526 490 501 545 557 543 550 535 530 515 528 547 528 531 544 572 539 514 523 534 534 532 512 515 549 564 554 557 559 548 548 543 601 576 536 534 574 583 570 540 511 560 571 530 543 560 580 575 559 545 570 573 566 551 552 554 565 580 555 525 552 563 574 589 579 550 561 579 581 557 558 563 571 586 583 554 569 543 561 547 542 530 540 571 555 568 569 542 516 533 532 534 549 554 
vem trace:

stid: 333
spdistance: 902.401
radio trace:
467 475 482 494 474 444 429 452 472 454 454 479 450 442 462 465 445 466 467 476 466 459 419 475 491 452 479 469 440 467 453 442 455 492 507 488 474 456 437 442 448 442 428 407 413 433 452 454 404 419 396 418 448 403 399 426 440 452 408 428 438 480 442 439 452 452 470 457 420 423 411 415 438 428 441 464 451 389 388 405 415 427 403 426 447 476 471 487 446 440 481 484 485 474 496 502 469 445 425 420 422 450 441 457 444 419 419 424 461 481 446 426 446 465 440 447 453 433 441 458 449 438 449 470 481 489 455 448 443 438 419 407 453 462 423 433 468 470 461 453 441 441 409 457 431 474 467 448 423 473 495 493 494 458 454 478 455 445 458 469 477 481 494 482 434 420 398 421 415 440 469 444 442 447 459 420 445 439 445 440 497 487 464 442 479 454 457 449 427 437 421 416 443 470 469 462 474 441 407 418 390 436 439 470 485 490 429 438 425 410 413 413 443 453 438 419 406 376 441 444 438 473 456 481 463 426 455 448 431 426 455 447 466 457 445 459 426 433 425 461 456 474 475 468 441 468 451 466 466 475 487 456 425 425 448 467 459 387 419 449 447 472 478 459 468 468 508 501 446 452 435 401 446 462 422 417 470 452 430 454 449 453 469 452 404 443 429 458 467 475 428 415 402 366 427 474 521 479 441 436 446 482 469 468 434 414 420 428 444 424 424 422 422 446 445 433 457 450 434 426 414 415 461 445 477 460 434 440 480 477 496 476 438 418 386 420 422 409 432 425 435 456 431 419 446 443 477 481 466 473 474 456 486 478 472 426 441 470 490 445 409 429 446 428 469 447 417 443 424 475 447 426 415 432 456 451 437 445 436 419 438 471 417 442 450 443 457 467 485 484 450 423 453 444 418 412 433 423 428 444 457 448 440 452 437 430 403 449 468 433 466 458 435 417 438 430 461 465 444 439 444 435 476 474 467 427 423 437 446 461 421 424 421 470 493 446 439 443 425 415 438 449 450 439 435 436 452 437 451 459 437 452 483 487 445 468 502 483 476 426 461 464 429 409 443 472 452 490 496 476 448 444 423 433 415 445 439 478 485 490 436 405 436 445 468 467 430 462 481 441 448 442 450 435 408 410 444 425 408 450 425 422 428 434 446 430 448 441 437 429 476 464 445 451 489 470 433 443 453 433 449 436 432 451 476 482 461 466 423 453 491 467 415 410 421 415 439 449 447 446 429 433 429 465 466 478 514 503 486 499 448 376 403 424 445 445 459 470 418 423 449 431 463 478 472 457 429 417 448 461 438 456 453 456 456 465 424 428 417 429 437 417 423 464 461 443 395 410 412 379 388 406 435 454 483 437 443 453 449 442 444 452 475 464 410 397 401 405 458 453 421 403 425 418 451 432 413 443 447 445 449 468 462 443 459 447 459 440 437 463 436 427 379 437 447 445 490 476 492 456 441 456 488 488 473 460 446 441 415 455 452 453 459 463 439 436 447 443 436 432 476 472 466 442 437 451 472 474 460 471 478 481 491 446 456 448 432 457 461 434 384 431 459 424 414 452 457 470 473 486 491 477 452 426 400 401 442 469 448 440 451 464 508 504 498 506 480 464 467 453 455 481 470 452 462 496 516 471 434 454 454 437 439 464 472 439 435 463 421 422 432 430 458 457 466 445 410 438 446 445 474 455 460 444 412 383 430 451 455 451 406 421 395 406 414 424 434 468 462 401 435 443 428 400 424 434 458 465 
vem trace:

stid: 342
spdistance: 1587.46
radio trace:
402 415 459 425 406 416 450 476 476 444 467 487 471 459 501 475 484 461 401 413 417 400 403 445 474 466 500 495 471 458 411 381 418 445 475 479 470 444 455 450 440 449 453 459 474 408 392 442 436 446 436 431 414 444 484 487 450 435 477 495 492 480 470 464 477 451 490 477 481 465 410 420 426 426 485 464 444 466 473 493 492 447 423 408 436 457 460 451 442 472 473 456 461 405 394 460 463 486 492 433 459 484 486 450 441 456 452 440 444 441 453 446 449 444 461 467 471 460 451 433 421 442 471 503 468 421 438 436 435 460 469 487 455 455 469 466 450 417 393 400 437 470 461 432 424 421 407 398 401 435 455 487 469 464 427 406 438 463 438 423 420 410 447 432 421 403 437 454 467 455 427 426 460 453 457 451 468 459 434 428 429 444 390 363 387 421 426 404 395 416 435 451 433 450 442 458 489 473 468 441 461 448 449 431 453 484 462 446 485 479 502 500 482 488 464 442 418 462 477 494 468 428 410 411 422 454 458 439 480 428 477 435 440 476 456 448 433 423 434 464 464 438 455 434 413 424 412 419 429 446 445 438 445 473 465 459 465 452 454 435 392 426 466 417 398 382 393 434 431 443 471 465 492 502 483 466 445 465 447 455 439 423 430 446 452 482 484 476 477 488 474 454 437 432 425 430 443 451 456 457 439 425 449 471 449 442 471 460 478 486 477 457 454 473 465 476 453 415 437 442 437 442 452 460 455 459 461 448 472 473 479 460 433 434 434 448 456 458 471 473 478 471 468 470 451 441 473 484 500 481 485 483 485 479 434 439 431 432 466 472 460 463 414 433 400 412 445 451 446 450 460 460 454 468 467 445 481 462 436 425 434 449 428 451 462 409 410 450 460 469 448 459 476 484 472 467 423 422 456 430 402 423 420 403 429 442 425 431 437 428 429 446 429 487 489 460 448 454 451 443 401 431 452 436 457 462 420 427 434 451 448 447 471 483 471 472 482 466 484 452 436 428 407 442 452 441 462 437 426 418 434 458 468 481 491 493 455 424 458 477 467 476 437 414 429 457 474 475 443 457 439 433 433 456 464 469 451 441 431 447 439 469 466 484 482 469 463 451 463 477 459 414 434 424 434 427 447 453 462 485 484 478 465 458 429 429 412 420 434 447 472 477 462 444 479 483 477 484 484 472 443 438 398 440 453 452 467 468 441 417 437 426 450 438 462 460 480 453 422 346 352 397 436 405 460 449 398 400 449 444 446 459 457 447 454 436 449 454 477 478 470 456 460 457 461 468 469 477 467 426 470 469 509 528 470 460 485 489 472 465 457 435 445 448 467 467 450 457 445 442 409 439 441 454 484 459 445 480 476 473 425 440 469 480 451 430 458 460 467 485 485 490 462 459 475 451 455 472 481 499 479 469 456 437 468 469 459 481 462 450 416 446 457 436 438 463 438 413 434 440 432 444 457 455 444 483 477 493 475 467 439 444 435 445 426 420 437 434 448 468 507 482 494 480 449 438 440 416 429 435 477 449 449 447 441 429 472 460 434 424 415 431 448 414 420 441 403 427 442 444 474 460 447 446 461 441 457 454 415 430 441 455 428 431 419 417 459 464 440 425 433 417 437 430 446 446 447 453 471 447 422 442 484 465 468 476 475 502 439 432 458 490 481 449 459 475 476 476 488 484 527 507 481 463 491 479 457 447 433 435 473 455 439 426 444 441 449 479 498 468 501 455 390 412 439 469 500 487 
vem trace:

