SDId: 34551076
energy: 9.2139e+17
zenith: 0.837246
azimuth: 1.76384
GPSSeconc: 1125563501
stid: 333
spdistance: 670.946
radio trace:
443 430 439 437 439 438 464 454 453 441 428 402 427 406 432 465 461 464 429 415 415 429 430 427 418 427 466 452 454 462 448 419 416 417 418 418 432 431 419 437 423 438 438 416 437 427 416 428 442 416 423 423 421 411 406 424 423 403 425 425 384 394 421 427 406 414 399 412 427 444 458 430 459 439 446 440 435 424 430 424 437 423 449 441 410 418 420 398 408 403 437 446 402 404 410 416 424 427 388 432 436 430 429 439 452 446 427 413 429 431 431 449 427 440 423 421 422 438 420 444 426 416 406 419 405 421 410 411 420 389 392 435 419 426 451 432 413 448 432 416 407 441 427 465 424 391 407 414 408 452 456 447 430 436 443 440 459 476 503 462 418 396 402 430 423 425 402 445 462 442 435 453 430 427 442 443 434 447 471 457 473 456 493 480 463 420 425 431 435 450 481 472 408 435 447 456 481 466 430 419 426 433 418 395 390 408 428 438 439 435 437 459 448 418 454 454 410 403 423 422 419 418 402 418 443 448 418 401 437 462 463 457 476 465 440 413 424 468 457 432 414 422 416 444 435 437 418 424 417 425 433 405 432 422 434 449 443 427 442 445 403 419 427 426 435 409 459 461 465 448 452 465 415 387 420 409 387 402 419 430 453 462 467 415 465 462 452 473 443 437 429 463 447 446 432 422 432 449 433 427 418 400 425 439 421 423 426 397 414 422 401 387 440 455 409 413 438 434 450 450 422 420 428 448 434 425 436 437 447 458 414 394 400 429 402 389 406 412 438 433 428 442 446 437 401 422 415 416 409 402 406 377 414 414 421 416 452 467 400 400 453 468 465 449 460 478 470 433 388 383 382 401 417 406 404 384 413 431 416 427 443 431 464 458 455 419 440 445 463 459 460 442 407 419 393 413 397 386 396 422 436 455 436 432 436 421 439 445 414 419 433 465 473 440 428 416 459 460 392 395 424 436 428 425 464 431 433 445 456 460 418 422 443 439 466 441 450 446 436 438 419 455 436 429 374 371 440 446 408 377 423 443 402 386 397 429 435 423 433 439 474 474 459 463 429 369 378 399 399 381 415 427 442 406 412 410 403 399 411 392 387 396 435 443 436 447 406 386 360 387 374 403 408 436 416 432 402 413 439 425 420 406 389 415 418 383 415 449 427 430 409 411 418 404 397 419 436 437 455 456 442 470 486 428 430 422 429 439 449 459 458 445 393 401 425 409 419 439 397 387 382 417 410 431 440 412 408 424 423 439 435 408 427 436 445 454 440 420 408 419 428 439 416 443 446 470 466 430 425 421 429 459 455 451 417 443 457 439 429 445 420 423 438 424 411 371 401 413 393 388 387 397 424 424 438 418 418 429 461 429 421 433 423 432 461 440 441 448 447 470 471 452 440 425 455 438 418 425 425 411 397 417 442 461 448 455 469 441 427 395 381 442 429 435 419 420 401 402 389 392 439 465 497 492 486 498 447 436 411 448 436 413 400 425 413 405 412 421 402 397 432 460 462 434 435 435 405 419 401 421 400 393 428 432 447 431 411 421 439 433 445 429 394 427 468 447 444 450 446 448 494 430 409 428 449 446 432 412 417 400 426 417 437 444 453 435 407 455 446 400 421 435 454 445 458 432 413 376 395 414 399 420 421 416 424 414 409 407 423 434 449 446 405 409 421 436 415 424 440 398 412 424 413 435 426 428 434 457 454 453 418 429 456 406 429 416 424 421 445 439 445 450 422 433 426 378 425 443 
vem trace:

stid: 342
spdistance: 955.715
radio trace:
381 422 407 402 415 441 442 433 415 414 397 412 407 415 431 451 419 426 426 427 441 445 418 426 414 420 420 377 412 399 377 391 400 373 407 430 445 418 399 426 439 441 426 429 405 411 437 441 434 433 412 415 417 397 391 411 438 447 446 443 431 400 388 401 402 430 415 432 435 426 422 379 398 388 396 421 433 449 414 365 368 377 391 435 410 397 413 429 436 448 417 435 409 404 441 396 401 410 436 445 431 435 427 414 423 415 418 428 415 388 378 412 403 391 436 421 416 423 415 390 375 399 386 409 438 409 381 398 402 422 446 441 437 428 421 427 424 439 467 457 438 410 419 423 435 419 424 417 440 454 443 401 415 438 426 416 408 407 392 415 439 431 413 399 413 396 409 433 438 442 424 426 411 418 445 447 431 415 411 391 398 387 403 392 404 413 423 415 396 399 385 388 364 402 434 429 445 429 428 421 417 400 397 430 421 398 421 443 434 410 443 455 422 415 419 410 413 393 389 412 435 432 418 404 392 395 422 400 396 386 386 408 438 423 426 432 413 377 393 398 393 397 403 412 428 406 421 400 419 412 402 396 411 433 432 449 394 395 408 420 415 408 411 390 397 415 424 442 423 420 438 434 428 415 381 386 388 412 415 415 408 428 423 396 423 448 447 445 405 410 398 395 415 395 369 374 413 411 424 381 374 380 422 420 412 388 399 409 414 381 367 408 426 422 428 426 469 458 434 408 401 374 388 389 390 435 463 427 403 403 412 414 431 421 411 411 406 425 417 417 389 407 446 433 415 435 443 416 391 394 399 398 381 400 421 413 401 406 400 385 367 355 391 401 404 398 405 406 404 401 407 426 400 423 427 436 413 410 394 405 417 413 420 432 409 424 396 400 430 458 436 450 415 420 443 438 435 418 398 399 384 400 433 408 403 420 406 396 373 390 412 422 418 403 416 410 416 440 415 397 404 410 428 455 436 409 418 427 416 398 409 423 385 410 408 413 374 394 412 404 412 412 417 399 407 413 416 444 455 455 442 416 406 380 389 399 421 407 375 390 402 391 402 423 421 411 405 390 394 413 392 404 429 428 422 407 433 443 432 387 404 429 408 397 415 407 439 411 400 398 406 414 425 425 410 395 404 401 403 394 404 438 448 418 444 436 439 436 408 390 418 434 417 414 434 424 428 444 448 419 432 428 404 381 378 387 442 432 427 419 427 420 440 446 429 417 381 394 425 436 427 390 407 433 427 456 438 437 440 422 395 389 387 435 421 416 398 402 404 384 404 416 420 417 393 404 414 403 419 417 423 415 413 423 395 404 404 431 415 434 407 387 380 411 396 386 390 406 399 421 435 418 423 398 402 390 404 437 427 404 409 433 393 376 396 383 391 392 410 407 389 417 421 407 406 425 420 428 427 388 409 441 407 393 395 406 388 433 410 405 408 400 381 380 398 396 397 425 414 415 421 428 445 433 395 405 433 436 431 412 411 387 416 402 419 412 374 376 387 409 400 393 385 413 426 393 380 389 403 399 388 392 369 382 404 419 410 415 410 384 383 411 404 416 420 389 391 424 428 424 405 369 413 435 445 464 440 429 451 432 422 401 399 424 406 428 443 448 442 426 411 392 383 401 415 403 402 414 393 416 414 411 429 437 418 422 419 420 413 424 428 448 444 440 405 419 427 403 406 411 437 441 430 410 426 429 418 420 442 441 454 432 433 433 429 436 425 431 441 441 436 409 411 396 410 440 435 442 
vem trace:

stid: 332
spdistance: 819.617
radio trace:
542 525 534 541 493 474 494 498 520 546 538 521 522 531 532 507 531 517 524 468 482 478 512 544 531 504 521 507 498 487 478 471 500 514 535 530 528 502 509 538 521 531 497 491 496 529 506 514 557 529 573 541 530 539 530 542 518 493 473 520 557 529 509 519 541 558 534 509 520 517 564 554 547 498 544 538 554 509 544 540 531 502 545 570 517 514 535 500 476 455 488 521 563 556 540 503 499 510 518 563 548 561 588 554 548 548 510 502 535 512 525 536 499 544 546 536 508 489 494 519 547 527 525 555 564 596 572 556 528 525 561 555 494 492 527 545 552 530 528 539 555 526 495 510 495 504 519 509 538 529 527 524 536 527 535 548 513 493 530 544 526 520 539 569 579 523 517 505 513 525 540 544 526 540 547 511 476 483 505 509 515 515 544 523 533 542 530 541 552 523 521 517 540 520 540 588 560 567 587 537 512 569 567 519 538 537 550 514 519 551 573 534 510 509 489 531 547 568 536 552 555 569 561 547 507 477 500 535 518 515 521 544 561 529 549 564 525 520 505 496 514 553 579 543 551 554 554 539 503 499 495 492 501 503 533 522 505 539 564 536 534 546 558 542 540 497 512 512 522 492 497 494 496 509 533 565 583 548 503 526 510 514 536 538 536 541 532 510 504 510 541 517 521 517 503 523 555 553 517 512 492 499 499 510 537 527 520 538 537 550 532 534 532 535 560 545 505 532 524 545 528 515 500 500 492 500 502 527 539 522 521 559 540 509 486 515 558 591 577 586 551 553 545 517 527 521 513 481 488 511 505 533 504 503 512 511 537 545 526 493 509 533 515 531 525 550 547 544 542 541 547 561 545 542 551 534 533 541 529 539 528 520 518 520 535 530 518 523 528 513 532 522 493 507 586 572 556 529 518 501 517 537 538 527 542 543 509 494 503 469 466 502 527 496 463 477 480 527 508 496 487 501 468 481 463 517 541 532 540 557 554 530 515 554 573 583 550 506 533 529 508 557 536 539 487 486 529 538 547 559 554 532 509 517 549 559 499 511 534 531 532 541 503 509 486 519 499 491 509 515 524 508 529 541 542 512 507 511 536 539 557 570 532 541 542 493 512 518 556 549 570 577 555 585 525 550 557 497 486 499 523 519 493 459 512 520 526 480 495 538 549 540 485 462 500 515 508 550 530 529 513 522 556 556 531 544 550 544 547 518 496 483 498 514 560 529 535 531 539 534 509 539 557 543 546 541 551 551 509 544 559 560 548 556 535 536 506 499 522 534 533 482 512 520 543 511 516 527 498 523 503 504 510 513 515 532 535 517 529 513 518 549 538 527 549 549 565 567 526 510 526 523 524 542 533 555 522 527 518 518 557 551 507 530 520 544 566 546 511 520 526 508 547 560 591 579 577 549 521 527 527 555 535 535 558 565 554 535 506 500 511 535 540 547 532 525 492 493 538 560 548 531 529 563 551 574 574 558 538 566 555 522 501 507 525 527 523 507 532 525 504 502 513 516 503 509 531 536 526 524 513 539 523 549 549 546 495 500 507 525 507 508 520 531 528 539 511 537 540 540 548 522 524 542 562 557 544 556 559 532 509 520 516 499 482 483 518 555 569 550 517 483 482 496 536 516 502 511 507 528 505 517 506 471 482 506 526 522 543 531 523 525 519 525 513 502 492 497 514 552 573 531 526 540 502 523 490 465 460 524 525 500 536 512 492 507 535 557 567 528 527 525 510 498 525 520 512 533 
vem trace:

