SDId: 34496168
energy: 1.82792e+18
zenith: 0.263243
azimuth: 3.31212
GPSSeconc: 1125226705
stid: 343
spdistance: 93.0551
radio trace:
381 377 448 466 459 433 438 407 409 399 393 419 429 459 451 439 463 440 457 429 433 445 440 445 409 410 434 429 431 453 432 399 438 413 431 452 464 442 439 431 431 430 458 454 440 428 411 438 450 460 423 440 426 442 447 443 407 401 434 431 388 396 401 443 445 463 431 442 445 428 454 445 436 438 447 394 405 404 403 422 431 410 464 464 453 423 422 438 456 444 413 409 389 424 402 399 419 409 398 403 421 455 457 446 421 430 471 466 459 430 424 435 410 441 451 447 439 433 424 440 451 445 445 406 414 434 424 432 455 438 439 450 468 424 413 409 425 412 420 413 424 411 432 434 444 454 424 430 450 461 454 464 450 440 464 458 435 425 427 433 439 431 390 410 407 428 437 440 421 414 441 467 416 455 432 435 460 476 462 432 435 424 431 447 426 407 429 428 415 412 434 433 442 449 451 454 450 451 406 387 408 431 415 425 421 419 414 440 442 464 456 440 435 451 426 444 462 440 452 468 483 461 460 430 431 453 465 453 432 408 400 410 429 426 434 424 429 423 403 405 348 370 400 441 435 411 385 412 416 444 457 428 390 371 418 480 487 461 423 414 462 442 426 437 435 419 431 412 418 418 457 423 428 412 438 409 420 402 424 404 405 408 433 429 446 436 425 454 477 456 444 444 429 425 444 410 408 404 421 436 480 481 456 431 406 413 439 477 471 459 439 426 449 439 414 410 408 406 452 439 437 423 457 484 453 449 460 446 418 441 467 451 463 454 431 410 408 402 407 434 440 439 444 459 444 435 424 429 446 454 468 420 429 427 457 457 439 448 462 459 437 461 438 410 419 448 404 438 431 433 427 461 444 437 416 413 414 411 399 407 435 449 428 422 404 408 421 434 425 417 403 410 456 446 447 446 422 456 427 406 422 418 398 442 446 428 422 456 482 472 477 475 469 462 419 415 421 429 449 440 403 401 426 431 414 414 437 450 423 408 408 434 435 415 431 423 414 406 415 434 431 415 411 435 429 445 414 414 442 443 436 418 425 435 444 430 439 446 443 447 448 446 456 475 470 447 432 422 430 465 474 445 424 444 453 456 429 463 458 439 413 418 451 485 483 452 422 433 429 407 406 420 402 424 438 453 449 422 439 446 437 409 446 437 444 447 417 427 405 378 405 381 388 400 413 420 417 426 438 462 459 463 469 450 438 473 449 458 405 431 438 430 432 418 415 424 427 455 472 431 418 396 406 420 411 412 470 442 429 463 400 414 425 434 401 412 427 433 465 483 479 444 447 448 442 449 443 466 475 479 449 406 381 415 431 420 427 430 417 441 423 433 416 432 423 442 428 450 427 454 449 437 453 446 453 451 475 439 416 407 404 416 388 420 445 473 502 471 450 419 425 436 402 386 435 461 471 437 426 446 449 440 423 425 405 430 415 417 455 464 451 446 438 442 457 446 414 415 436 448 436 423 431 419 435 435 439 429 397 378 442 445 458 429 440 439 407 413 442 473 474 478 485 462 461 423 452 455 423 433 446 434 418 437 433 444 422 429 452 418 427 451 441 440 467 462 446 449 456 426 459 438 395 417 436 437 461 436 438 420 445 465 467 434 412 433 444 433 447 453 443 435 410 419 401 411 414 401 420 423 445 441 462 436 434 437 473 456 435 424 453 444 433 459 428 459 466 441 435 427 446 466 461 458 478 448 477 433 424 409 419 435 441 472 468 437 425 423 431 441 422 428 416 395 415 426 432 415 
vem trace:

stid: 419
spdistance: 1358.37
radio trace:
389 372 356 415 463 490 442 397 423 429 404 436 465 457 460 401 428 416 397 416 401 393 425 427 404 432 430 440 437 419 413 410 422 413 415 375 362 389 428 430 431 423 419 464 465 406 408 461 488 505 481 457 400 385 410 373 407 431 406 446 454 450 406 429 413 400 406 423 432 454 458 440 388 314 364 447 468 492 496 448 423 420 442 440 447 405 382 408 421 418 399 380 439 418 343 393 391 392 393 421 451 441 403 404 415 395 389 413 433 451 426 424 438 439 444 462 417 362 377 348 387 391 434 435 474 444 412 393 414 472 477 499 474 449 431 463 467 482 474 504 468 379 390 394 393 431 420 456 469 432 406 369 425 464 419 387 335 348 378 402 388 383 368 346 355 391 403 417 385 382 362 406 432 435 424 451 470 463 455 439 438 427 457 466 428 434 402 389 401 418 417 409 443 436 419 447 471 463 460 409 435 447 422 451 452 470 482 464 448 498 459 450 423 447 464 440 429 444 468 420 401 374 390 420 404 387 402 406 383 391 413 407 394 446 416 394 424 436 407 412 372 407 445 426 416 436 421 416 404 394 384 419 392 407 355 372 408 401 422 410 386 382 406 418 471 447 452 399 384 416 445 385 419 371 376 396 420 450 476 514 480 431 400 411 436 438 469 468 431 440 445 411 420 435 461 447 387 393 409 379 428 386 385 384 402 400 346 353 392 449 464 437 442 479 462 406 412 417 403 419 423 425 413 392 409 432 434 391 379 375 407 453 434 402 429 401 411 364 407 465 438 434 435 411 440 440 444 384 393 387 397 390 402 428 416 431 461 418 373 371 412 453 414 441 425 407 422 454 498 488 479 435 354 418 431 425 396 451 466 468 464 433 453 437 423 416 452 459 478 486 436 434 378 412 466 422 435 407 377 373 388 388 389 406 398 411 463 465 449 407 417 393 403 422 433 437 443 366 365 417 425 476 451 468 425 442 467 466 450 436 432 419 441 459 436 436 466 432 426 392 375 371 355 370 381 411 421 388 326 356 378 373 391 411 440 407 409 440 385 403 410 403 406 401 428 426 408 388 376 391 373 399 454 440 432 464 426 437 444 451 467 448 455 465 464 403 346 386 406 465 472 452 473 444 462 473 453 431 457 443 448 453 442 418 401 415 403 447 408 420 411 437 435 420 417 442 427 425 394 418 422 446 403 406 397 401 416 433 443 419 468 497 463 401 409 369 375 430 390 394 391 436 424 429 378 338 450 450 417 399 436 398 445 448 458 430 428 414 412 401 398 385 427 423 447 456 454 435 417 366 404 398 397 460 459 435 399 425 411 437 397 424 360 358 386 388 416 425 454 442 435 420 440 430 427 452 431 421 418 416 420 397 414 439 458 400 385 424 430 428 415 434 449 435 434 423 403 385 403 410 424 432 423 425 410 412 446 445 436 404 379 381 403 413 437 431 424 432 425 423 412 427 411 383 404 397 422 453 426 397 406 462 434 440 482 424 456 398 427 424 451 445 452 445 381 363 380 400 399 458 472 477 420 361 409 394 387 418 430 426 428 460 432 410 364 419 478 485 471 434 443 410 433 432 465 409 377 415 402 423 424 439 432 435 476 469 487 428 413 456 427 388 419 464 487 446 415 436 366 422 456 389 364 394 430 418 392 394 358 402 440 425 453 489 471 430 425 447 455 446 399 392 385 401 448 447 487 490 474 431 427 441 398 387 388 411 444 417 397 415 441 479 445 460 442 408 435 396 
vem trace:

stid: 341
spdistance: 1511.09
radio trace:
511 499 479 480 438 423 430 462 502 483 459 469 527 536 507 478 470 518 525 504 472 487 485 523 497 473 445 447 499 451 499 463 455 484 452 496 508 504 488 483 456 459 475 475 494 482 481 471 455 471 495 498 498 505 503 502 503 439 477 447 420 446 470 425 454 474 506 508 491 459 427 440 476 502 484 503 490 482 458 452 447 431 471 460 476 510 488 480 477 451 411 393 433 480 492 465 516 506 470 493 495 468 442 509 519 495 466 460 456 483 481 528 522 544 548 546 532 511 496 450 440 473 478 474 475 448 443 490 500 547 542 503 506 478 486 504 509 501 503 511 516 462 467 474 484 475 453 467 445 456 477 484 494 523 540 512 445 404 445 455 508 507 477 477 469 442 454 466 494 534 528 481 496 509 533 516 470 496 480 472 448 456 447 460 418 420 443 452 462 461 491 456 474 496 500 508 469 451 430 478 493 466 474 490 508 442 468 478 463 506 515 483 499 465 447 445 476 505 511 497 485 519 511 508 529 471 482 517 539 508 485 495 476 496 504 504 494 500 480 510 534 518 505 493 501 540 515 533 469 475 512 514 554 499 515 526 531 521 502 524 489 479 499 513 513 496 460 455 457 453 478 446 431 409 473 490 506 524 524 510 467 456 463 491 492 510 478 465 478 491 436 488 485 485 513 472 512 487 476 461 497 478 498 487 465 445 472 537 546 524 494 520 484 476 462 450 456 470 455 474 494 476 482 472 487 484 465 460 482 493 486 516 481 485 457 445 473 495 495 505 511 478 463 493 466 456 484 501 539 550 547 551 506 482 433 439 426 459 488 513 496 493 475 485 529 467 490 467 456 477 477 487 488 509 509 509 487 469 468 478 486 449 474 439 459 473 459 440 488 476 482 504 502 464 425 481 457 454 426 453 455 464 478 457 471 481 480 489 471 444 468 476 480 460 445 441 454 463 447 470 498 486 476 468 479 471 462 459 431 414 455 480 456 441 444 474 515 495 458 433 470 438 473 451 470 480 496 489 448 447 514 492 510 507 506 507 530 494 463 453 430 442 467 470 477 476 503 513 520 501 513 514 496 506 519 490 481 486 478 481 518 523 517 524 503 492 474 463 478 487 475 458 411 417 447 497 510 502 513 493 522 470 498 489 466 418 436 411 427 453 418 423 409 411 431 443 451 445 473 481 518 489 523 507 483 488 475 494 482 452 407 426 458 466 509 499 445 447 503 518 498 524 521 529 506 500 516 498 519 496 473 494 484 460 451 460 470 475 498 494 495 466 466 458 450 458 528 513 530 515 513 490 483 488 517 508 500 486 502 486 442 484 482 426 428 476 510 498 497 500 490 496 487 457 449 458 473 467 475 496 476 482 493 494 525 506 482 475 472 444 409 431 499 498 529 542 514 474 489 490 478 444 444 460 483 514 556 505 472 475 476 506 506 503 489 491 485 540 519 478 493 482 489 500 497 495 459 462 487 465 468 490 514 463 453 459 453 508 493 473 427 471 476 453 456 500 478 438 461 442 427 450 465 449 454 477 485 489 534 522 485 491 525 498 513 507 490 497 483 477 463 503 493 475 467 445 465 521 537 521 504 483 474 467 442 456 453 461 486 457 460 497 523 505 491 479 496 505 496 485 473 490 484 469 537 527 498 486 494 483 495 515 492 482 437 495 500 479 507 502 493 450 455 480 498 471 489 489 518 483 483 477 533 502 456 479 482 468 466 486 461 429 393 398 434 446 460 469 
vem trace:

stid: 341
spdistance: 1511.09
radio trace:
511 499 479 480 438 423 430 462 502 483 459 469 527 536 507 478 470 518 525 504 472 487 485 523 497 473 445 447 499 451 499 463 455 484 452 496 508 504 488 483 456 459 475 475 494 482 481 471 455 471 495 498 498 505 503 502 503 439 477 447 420 446 470 425 454 474 506 508 491 459 427 440 476 502 484 503 490 482 458 452 447 431 471 460 476 510 488 480 477 451 411 393 433 480 492 465 516 506 470 493 495 468 442 509 519 495 466 460 456 483 481 528 522 544 548 546 532 511 496 450 440 473 478 474 475 448 443 490 500 547 542 503 506 478 486 504 509 501 503 511 516 462 467 474 484 475 453 467 445 456 477 484 494 523 540 512 445 404 445 455 508 507 477 477 469 442 454 466 494 534 528 481 496 509 533 516 470 496 480 472 448 456 447 460 418 420 443 452 462 461 491 456 474 496 500 508 469 451 430 478 493 466 474 490 508 442 468 478 463 506 515 483 499 465 447 445 476 505 511 497 485 519 511 508 529 471 482 517 539 508 485 495 476 496 504 504 494 500 480 510 534 518 505 493 501 540 515 533 469 475 512 514 554 499 515 526 531 521 502 524 489 479 499 513 513 496 460 455 457 453 478 446 431 409 473 490 506 524 524 510 467 456 463 491 492 510 478 465 478 491 436 488 485 485 513 472 512 487 476 461 497 478 498 487 465 445 472 537 546 524 494 520 484 476 462 450 456 470 455 474 494 476 482 472 487 484 465 460 482 493 486 516 481 485 457 445 473 495 495 505 511 478 463 493 466 456 484 501 539 550 547 551 506 482 433 439 426 459 488 513 496 493 475 485 529 467 490 467 456 477 477 487 488 509 509 509 487 469 468 478 486 449 474 439 459 473 459 440 488 476 482 504 502 464 425 481 457 454 426 453 455 464 478 457 471 481 480 489 471 444 468 476 480 460 445 441 454 463 447 470 498 486 476 468 479 471 462 459 431 414 455 480 456 441 444 474 515 495 458 433 470 438 473 451 470 480 496 489 448 447 514 492 510 507 506 507 530 494 463 453 430 442 467 470 477 476 503 513 520 501 513 514 496 506 519 490 481 486 478 481 518 523 517 524 503 492 474 463 478 487 475 458 411 417 447 497 510 502 513 493 522 470 498 489 466 418 436 411 427 453 418 423 409 411 431 443 451 445 473 481 518 489 523 507 483 488 475 494 482 452 407 426 458 466 509 499 445 447 503 518 498 524 521 529 506 500 516 498 519 496 473 494 484 460 451 460 470 475 498 494 495 466 466 458 450 458 528 513 530 515 513 490 483 488 517 508 500 486 502 486 442 484 482 426 428 476 510 498 497 500 490 496 487 457 449 458 473 467 475 496 476 482 493 494 525 506 482 475 472 444 409 431 499 498 529 542 514 474 489 490 478 444 444 460 483 514 556 505 472 475 476 506 506 503 489 491 485 540 519 478 493 482 489 500 497 495 459 462 487 465 468 490 514 463 453 459 453 508 493 473 427 471 476 453 456 500 478 438 461 442 427 450 465 449 454 477 485 489 534 522 485 491 525 498 513 507 490 497 483 477 463 503 493 475 467 445 465 521 537 521 504 483 474 467 442 456 453 461 486 457 460 497 523 505 491 479 496 505 496 485 473 490 484 469 537 527 498 486 494 483 495 515 492 482 437 495 500 479 507 502 493 450 455 480 498 471 489 489 518 483 483 477 533 502 456 479 482 468 466 486 461 429 393 398 434 446 460 469 
vem trace:

