SDId: 34857294
energy: 1.76584e+17
zenith: 0.397222
azimuth: 3.68137
GPSSeconc: 1127447531
stid: 341
spdistance: 566.597
radio trace:
487 485 510 524 521 493 482 497 520 528 513 529 522 517 472 454 445 470 480 495 458 492 479 490 523 486 456 450 466 475 502 519 508 493 500 532 544 501 523 496 495 490 469 478 496 511 574 535 554 539 540 537 482 434 463 507 509 502 486 458 453 476 495 507 500 488 478 485 507 511 486 475 486 507 492 492 487 500 558 573 571 558 557 545 538 526 445 463 451 480 467 484 494 488 463 455 516 496 524 519 495 472 487 482 455 494 546 558 511 482 499 529 539 498 486 502 508 508 509 528 532 574 531 540 538 496 467 472 489 498 519 513 488 467 451 454 432 432 498 498 479 538 564 549 526 531 509 537 546 511 465 483 490 519 513 510 494 473 500 490 514 495 497 481 476 506 529 505 497 546 580 546 524 512 509 504 540 491 499 507 472 482 481 477 461 494 493 500 517 570 586 584 560 550 531 486 502 483 507 520 533 485 471 494 509 482 498 493 508 495 546 525 548 539 536 510 531 563 545 527 506 518 506 495 505 501 537 530 516 495 468 476 497 508 501 492 495 482 536 504 471 519 535 531 496 512 556 523 502 493 497 506 547 543 542 511 517 502 487 473 479 505 532 555 546 508 490 493 509 500 528 508 487 480 481 507 505 520 499 486 480 449 494 490 456 455 469 538 494 514 559 537 536 536 519 527 526 536 555 539 521 522 485 509 490 475 473 522 515 502 545 581 579 545 573 577 538 554 508 493 500 488 484 507 516 527 515 490 496 483 527 500 479 511 524 528 501 561 545 541 524 485 503 549 513 529 544 512 477 510 552 555 534 534 536 518 521 495 513 509 519 495 509 491 506 541 516 525 551 494 509 560 564 558 562 550 510 524 512 501 475 497 532 548 525 554 546 554 509 512 488 522 512 536 498 524 523 501 476 519 540 526 514 512 497 524 514 508 515 484 479 499 495 518 505 496 498 514 488 515 501 475 505 487 501 478 511 522 507 486 503 571 523 502 488 511 490 489 494 517 474 465 446 498 557 574 552 550 543 483 475 504 477 482 522 489 498 527 503 503 531 523 517 535 516 506 489 522 542 513 490 525 567 537 581 602 542 541 529 508 543 496 487 509 524 507 521 513 494 523 557 549 561 515 452 474 492 538 581 518 513 529 542 516 514 533 493 500 508 537 539 529 475 524 489 483 563 578 496 478 475 480 520 532 521 557 542 500 502 503 537 528 536 528 576 573 612 594 565 547 523 513 513 524 536 539 527 520 508 493 536 530 562 546 527 508 541 529 518 502 506 523 509 509 494 504 506 506 497 470 460 468 492 534 559 528 515 507 481 499 460 469 490 522 503 488 477 489 498 482 482 495 484 474 461 493 477 454 452 470 507 520 510 512 495 488 513 488 499 493 486 489 534 529 512 528 510 503 458 484 529 560 594 564 529 504 506 556 517 497 484 504 511 469 486 481 456 461 480 465 435 452 471 496 494 457 529 537 510 535 505 487 485 451 521 538 510 542 533 517 530 501 493 489 503 517 491 480 475 512 524 515 541 508 524 503 490 504 515 469 461 475 518 543 539 479 496 495 516 523 498 500 472 512 491 508 524 499 454 439 489 513 546 562 555 522 501 524 541 531 533 549 520 490 490 477 498 501 509 502 495 471 498 526 540 536 543 564 524 519 555 529 502 522 518 518 505 474 472 508 500 503 521 512 492 487 479 505 527 526 517 553 557 556 514 478 477 513 542 481 500 532 541 555 517 539 508 490 
vem trace:

stid: 341
spdistance: 566.597
radio trace:
487 485 510 524 521 493 482 497 520 528 513 529 522 517 472 454 445 470 480 495 458 492 479 490 523 486 456 450 466 475 502 519 508 493 500 532 544 501 523 496 495 490 469 478 496 511 574 535 554 539 540 537 482 434 463 507 509 502 486 458 453 476 495 507 500 488 478 485 507 511 486 475 486 507 492 492 487 500 558 573 571 558 557 545 538 526 445 463 451 480 467 484 494 488 463 455 516 496 524 519 495 472 487 482 455 494 546 558 511 482 499 529 539 498 486 502 508 508 509 528 532 574 531 540 538 496 467 472 489 498 519 513 488 467 451 454 432 432 498 498 479 538 564 549 526 531 509 537 546 511 465 483 490 519 513 510 494 473 500 490 514 495 497 481 476 506 529 505 497 546 580 546 524 512 509 504 540 491 499 507 472 482 481 477 461 494 493 500 517 570 586 584 560 550 531 486 502 483 507 520 533 485 471 494 509 482 498 493 508 495 546 525 548 539 536 510 531 563 545 527 506 518 506 495 505 501 537 530 516 495 468 476 497 508 501 492 495 482 536 504 471 519 535 531 496 512 556 523 502 493 497 506 547 543 542 511 517 502 487 473 479 505 532 555 546 508 490 493 509 500 528 508 487 480 481 507 505 520 499 486 480 449 494 490 456 455 469 538 494 514 559 537 536 536 519 527 526 536 555 539 521 522 485 509 490 475 473 522 515 502 545 581 579 545 573 577 538 554 508 493 500 488 484 507 516 527 515 490 496 483 527 500 479 511 524 528 501 561 545 541 524 485 503 549 513 529 544 512 477 510 552 555 534 534 536 518 521 495 513 509 519 495 509 491 506 541 516 525 551 494 509 560 564 558 562 550 510 524 512 501 475 497 532 548 525 554 546 554 509 512 488 522 512 536 498 524 523 501 476 519 540 526 514 512 497 524 514 508 515 484 479 499 495 518 505 496 498 514 488 515 501 475 505 487 501 478 511 522 507 486 503 571 523 502 488 511 490 489 494 517 474 465 446 498 557 574 552 550 543 483 475 504 477 482 522 489 498 527 503 503 531 523 517 535 516 506 489 522 542 513 490 525 567 537 581 602 542 541 529 508 543 496 487 509 524 507 521 513 494 523 557 549 561 515 452 474 492 538 581 518 513 529 542 516 514 533 493 500 508 537 539 529 475 524 489 483 563 578 496 478 475 480 520 532 521 557 542 500 502 503 537 528 536 528 576 573 612 594 565 547 523 513 513 524 536 539 527 520 508 493 536 530 562 546 527 508 541 529 518 502 506 523 509 509 494 504 506 506 497 470 460 468 492 534 559 528 515 507 481 499 460 469 490 522 503 488 477 489 498 482 482 495 484 474 461 493 477 454 452 470 507 520 510 512 495 488 513 488 499 493 486 489 534 529 512 528 510 503 458 484 529 560 594 564 529 504 506 556 517 497 484 504 511 469 486 481 456 461 480 465 435 452 471 496 494 457 529 537 510 535 505 487 485 451 521 538 510 542 533 517 530 501 493 489 503 517 491 480 475 512 524 515 541 508 524 503 490 504 515 469 461 475 518 543 539 479 496 495 516 523 498 500 472 512 491 508 524 499 454 439 489 513 546 562 555 522 501 524 541 531 533 549 520 490 490 477 498 501 509 502 495 471 498 526 540 536 543 564 524 519 555 529 502 522 518 518 505 474 472 508 500 503 521 512 492 487 479 505 527 526 517 553 557 556 514 478 477 513 542 481 500 532 541 555 517 539 508 490 
vem trace:

stid: 332
spdistance: 1374.97
radio trace:
552 529 537 528 528 540 532 540 539 561 555 564 544 551 529 523 527 542 578 531 570 565 538 549 553 548 534 584 567 560 563 550 539 534 568 565 551 573 594 576 568 555 565 527 534 550 513 522 540 542 553 539 508 522 567 562 548 530 543 549 558 545 560 584 564 549 572 562 542 506 493 568 584 588 601 567 566 588 579 576 539 536 522 501 514 536 527 528 514 551 532 536 568 590 609 601 559 510 517 550 580 570 566 537 556 561 531 538 533 539 539 541 523 571 542 529 515 529 540 550 556 587 543 548 539 553 565 560 580 535 534 541 546 524 548 571 539 558 561 569 548 568 608 554 522 561 568 579 559 517 529 510 551 564 589 608 576 535 524 487 537 564 595 559 565 573 550 561 518 540 582 538 518 542 547 534 570 528 526 525 519 549 551 526 533 527 577 583 542 530 528 552 514 523 527 514 503 501 515 521 536 514 516 493 545 555 558 561 569 549 557 548 547 520 539 521 554 564 570 553 541 542 589 570 552 562 569 546 567 543 527 582 575 578 579 543 554 518 516 573 568 555 575 547 551 550 549 574 578 571 559 555 556 560 563 562 524 489 534 547 554 514 522 493 450 478 504 502 529 549 577 570 566 551 534 539 539 558 574 570 606 587 582 544 539 558 552 549 516 493 510 534 518 522 550 559 565 543 533 560 545 522 503 512 518 521 538 540 552 535 556 566 531 545 556 533 537 552 537 572 579 562 540 559 549 564 568 522 514 530 508 531 553 551 548 566 548 544 552 556 557 546 508 544 540 513 539 528 555 544 553 560 547 527 537 561 525 542 548 548 540 560 573 536 546 539 560 557 565 552 541 549 585 593 602 567 557 550 524 544 548 545 518 515 548 550 518 556 570 559 549 555 535 562 559 555 565 531 515 490 530 546 569 569 565 558 549 537 568 576 554 565 541 544 561 551 529 497 520 537 556 549 574 579 586 580 581 579 544 541 580 546 509 533 565 577 532 556 573 556 541 527 522 555 569 548 548 545 524 541 520 508 560 556 562 572 569 587 583 592 597 582 553 561 528 557 579 514 505 531 537 499 503 549 539 532 507 503 527 550 540 569 564 532 560 563 525 518 514 554 586 604 602 531 566 581 577 571 560 550 560 591 588 568 562 525 515 537 542 552 546 554 552 528 543 549 522 536 539 548 562 575 557 557 527 542 533 572 548 524 559 531 504 517 526 547 571 555 563 577 571 556 535 535 547 547 493 525 549 553 591 537 546 552 511 503 515 525 517 530 545 560 596 586 530 522 562 548 567 596 559 559 548 576 569 575 544 547 553 564 594 590 580 549 557 561 559 541 566 586 540 539 563 589 557 526 555 544 555 559 537 528 544 529 522 531 511 534 561 564 561 562 562 575 552 533 571 565 557 567 590 538 528 557 544 550 546 568 532 559 537 539 534 554 561 519 524 585 579 580 557 554 531 525 550 582 551 522 488 491 504 562 567 540 566 569 570 532 550 585 570 563 552 582 577 555 556 607 585 549 535 551 554 544 546 491 493 516 573 552 544 510 496 547 547 581 545 536 525 525 526 521 550 519 526 527 541 524 510 526 536 558 583 573 560 573 529 552 548 571 557 578 519 562 568 550 559 526 514 511 570 564 592 562 567 578 589 570 575 560 547 579 586 580 548 545 556 541 543 539 517 517 517 510 513 535 529 560 519 518 549 573 529 549 532 517 551 573 539 522 520 555 558 561 559 576 545 536 
vem trace:

