SDId: 34583838
energy: 2.38753e+17
zenith: 0.424475
azimuth: 3.96912
GPSSeconc: 1125902597
stid: 341
spdistance: 415.501
radio trace:
474 501 514 488 484 486 489 460 464 426 447 450 472 488 487 465 509 543 497 502 526 504 473 499 493 506 531 522 486 452 457 450 493 490 504 524 513 466 456 507 520 478 465 460 456 485 486 519 523 517 533 531 524 487 469 478 450 397 449 487 495 472 484 459 466 484 487 531 565 533 506 503 503 499 476 471 444 450 441 469 471 488 495 533 521 528 554 566 536 510 497 503 461 490 467 436 417 446 508 529 547 509 490 524 530 489 471 450 476 494 492 473 488 490 474 472 464 471 471 466 500 484 463 445 444 459 472 462 472 491 510 466 526 515 450 491 498 464 477 480 464 473 505 481 433 462 486 487 513 508 497 511 506 490 483 507 482 474 511 472 445 429 506 520 529 512 497 499 526 486 513 493 486 468 469 518 509 501 463 460 441 459 471 475 457 481 510 484 470 479 430 464 495 506 516 510 476 474 465 422 410 450 434 438 471 478 485 506 507 504 522 509 482 488 480 476 504 517 570 532 560 518 442 413 459 506 489 484 481 490 505 518 536 498 469 462 503 498 498 507 492 495 537 512 514 533 487 480 486 528 552 545 493 488 484 504 470 455 492 504 482 488 494 525 508 482 479 491 501 492 515 511 459 446 487 476 496 494 512 517 506 481 506 517 512 490 500 504 474 453 487 508 475 458 472 459 468 459 450 483 464 496 480 523 545 543 515 527 485 478 480 433 486 476 503 491 480 501 521 525 484 506 471 467 444 473 473 454 447 438 469 488 486 458 434 455 507 519 528 466 464 500 501 499 512 503 524 525 474 479 489 467 467 464 475 464 487 533 511 510 490 503 472 461 487 519 535 501 486 444 471 482 495 506 465 468 484 490 500 483 483 510 450 477 487 514 499 535 478 444 454 489 466 425 447 500 527 518 516 536 552 552 500 475 502 498 478 462 468 479 509 505 503 529 527 523 532 543 542 554 525 519 520 470 480 477 474 456 452 487 506 521 522 487 500 480 513 511 533 494 495 533 521 475 527 516 528 486 482 473 443 443 459 458 526 504 522 544 517 525 535 508 466 486 512 508 516 478 481 482 485 464 485 458 490 517 481 513 539 498 528 510 486 504 515 538 503 488 482 483 492 473 507 468 460 485 516 520 515 527 492 481 495 506 524 497 454 451 446 454 463 486 444 433 444 490 504 556 565 552 513 520 522 489 481 457 459 467 470 437 443 453 466 438 467 483 472 498 508 507 528 489 468 453 478 492 473 453 460 475 493 494 542 497 444 481 477 509 508 497 527 479 471 473 498 524 527 558 529 523 490 497 506 516 510 481 483 509 526 502 504 545 469 491 488 498 514 498 529 487 498 488 478 496 482 502 524 493 493 478 447 444 463 480 461 468 507 502 526 516 511 468 470 465 451 449 437 429 436 455 477 538 525 496 511 529 543 547 527 476 475 493 504 490 481 500 488 498 476 491 461 418 423 458 520 500 514 515 510 509 497 539 562 505 532 509 520 521 504 508 485 467 476 501 529 541 489 489 499 514 486 509 473 486 487 495 512 505 453 436 444 464 469 484 508 455 451 477 512 543 553 542 550 515 517 497 504 517 489 503 495 537 550 554 535 504 526 516 507 516 506 534 545 488 455 464 505 487 473 450 464 501 505 467 464 485 514 498 508 521 515 521 498 501 531 495 488 475 441 490 544 549 548 540 522 493 519 497 498 498 483 487 484 525 508 443 440 432 459 460 489 485 466 464 440 459 422 454 
vem trace:

stid: 341
spdistance: 415.501
radio trace:
474 501 514 488 484 486 489 460 464 426 447 450 472 488 487 465 509 543 497 502 526 504 473 499 493 506 531 522 486 452 457 450 493 490 504 524 513 466 456 507 520 478 465 460 456 485 486 519 523 517 533 531 524 487 469 478 450 397 449 487 495 472 484 459 466 484 487 531 565 533 506 503 503 499 476 471 444 450 441 469 471 488 495 533 521 528 554 566 536 510 497 503 461 490 467 436 417 446 508 529 547 509 490 524 530 489 471 450 476 494 492 473 488 490 474 472 464 471 471 466 500 484 463 445 444 459 472 462 472 491 510 466 526 515 450 491 498 464 477 480 464 473 505 481 433 462 486 487 513 508 497 511 506 490 483 507 482 474 511 472 445 429 506 520 529 512 497 499 526 486 513 493 486 468 469 518 509 501 463 460 441 459 471 475 457 481 510 484 470 479 430 464 495 506 516 510 476 474 465 422 410 450 434 438 471 478 485 506 507 504 522 509 482 488 480 476 504 517 570 532 560 518 442 413 459 506 489 484 481 490 505 518 536 498 469 462 503 498 498 507 492 495 537 512 514 533 487 480 486 528 552 545 493 488 484 504 470 455 492 504 482 488 494 525 508 482 479 491 501 492 515 511 459 446 487 476 496 494 512 517 506 481 506 517 512 490 500 504 474 453 487 508 475 458 472 459 468 459 450 483 464 496 480 523 545 543 515 527 485 478 480 433 486 476 503 491 480 501 521 525 484 506 471 467 444 473 473 454 447 438 469 488 486 458 434 455 507 519 528 466 464 500 501 499 512 503 524 525 474 479 489 467 467 464 475 464 487 533 511 510 490 503 472 461 487 519 535 501 486 444 471 482 495 506 465 468 484 490 500 483 483 510 450 477 487 514 499 535 478 444 454 489 466 425 447 500 527 518 516 536 552 552 500 475 502 498 478 462 468 479 509 505 503 529 527 523 532 543 542 554 525 519 520 470 480 477 474 456 452 487 506 521 522 487 500 480 513 511 533 494 495 533 521 475 527 516 528 486 482 473 443 443 459 458 526 504 522 544 517 525 535 508 466 486 512 508 516 478 481 482 485 464 485 458 490 517 481 513 539 498 528 510 486 504 515 538 503 488 482 483 492 473 507 468 460 485 516 520 515 527 492 481 495 506 524 497 454 451 446 454 463 486 444 433 444 490 504 556 565 552 513 520 522 489 481 457 459 467 470 437 443 453 466 438 467 483 472 498 508 507 528 489 468 453 478 492 473 453 460 475 493 494 542 497 444 481 477 509 508 497 527 479 471 473 498 524 527 558 529 523 490 497 506 516 510 481 483 509 526 502 504 545 469 491 488 498 514 498 529 487 498 488 478 496 482 502 524 493 493 478 447 444 463 480 461 468 507 502 526 516 511 468 470 465 451 449 437 429 436 455 477 538 525 496 511 529 543 547 527 476 475 493 504 490 481 500 488 498 476 491 461 418 423 458 520 500 514 515 510 509 497 539 562 505 532 509 520 521 504 508 485 467 476 501 529 541 489 489 499 514 486 509 473 486 487 495 512 505 453 436 444 464 469 484 508 455 451 477 512 543 553 542 550 515 517 497 504 517 489 503 495 537 550 554 535 504 526 516 507 516 506 534 545 488 455 464 505 487 473 450 464 501 505 467 464 485 514 498 508 521 515 521 498 501 531 495 488 475 441 490 544 549 548 540 522 493 519 497 498 498 483 487 484 525 508 443 440 432 459 460 489 485 466 464 440 459 422 454 
vem trace:

