SDId: 34550789
energy: 2.1142e+18
zenith: 0.254874
azimuth: 1.71937
GPSSeconc: 1125561636
stid: 332
spdistance: 698.532
radio trace:
541 537 540 554 514 535 529 525 531 529 512 499 512 522 535 523 524 491 490 540 513 506 543 559 583 554 543 554 534 525 518 508 534 551 537 568 561 560 537 513 513 482 503 508 550 567 574 564 593 574 544 535 530 527 563 539 515 551 527 496 553 535 479 501 546 553 517 526 571 541 538 547 509 509 543 533 536 510 521 538 527 524 519 514 533 503 498 522 534 508 517 538 541 530 497 493 511 548 567 563 524 519 567 570 572 560 537 538 545 502 516 512 545 522 533 516 522 517 488 488 514 526 513 510 507 528 534 528 523 528 522 534 522 536 529 539 564 522 485 520 552 563 552 535 509 549 548 521 522 515 523 530 536 508 525 512 513 507 534 534 484 497 519 501 495 489 533 518 503 506 503 519 526 555 519 519 538 553 539 512 515 513 472 473 469 526 560 521 527 516 537 522 524 509 514 525 524 499 505 504 532 531 548 573 569 541 549 545 531 519 525 549 530 528 557 531 519 528 503 524 553 543 567 536 484 538 544 529 543 509 498 492 493 501 535 520 541 549 550 552 544 547 556 546 533 536 485 531 516 508 520 499 508 487 502 529 509 534 518 487 490 498 546 544 556 525 497 505 495 537 557 551 559 580 563 530 510 496 532 518 516 525 506 520 512 527 524 532 509 532 552 549 549 544 530 540 538 541 549 543 567 564 531 520 512 505 537 555 524 500 551 553 541 546 497 494 492 498 498 532 520 513 513 558 542 554 527 501 508 511 530 555 529 526 541 540 489 499 501 497 503 496 515 532 526 530 523 476 475 528 558 543 532 520 550 523 508 504 537 494 500 517 523 536 525 518 479 509 555 566 549 575 545 540 556 541 551 562 568 563 559 567 550 527 476 496 518 528 520 458 500 541 513 500 525 539 543 528 516 523 532 578 569 548 547 512 514 487 481 470 474 531 545 545 527 474 496 479 481 486 508 552 565 542 488 529 515 534 531 497 520 546 534 548 549 527 539 558 570 513 506 550 557 520 527 512 513 541 553 564 599 588 576 579 576 522 560 557 515 517 536 542 560 570 562 561 530 502 496 531 505 468 476 491 501 495 515 531 548 539 516 482 501 538 569 533 503 482 463 477 504 516 523 573 552 535 491 505 517 536 521 526 546 529 504 527 532 515 516 536 526 541 519 499 485 523 555 555 513 496 509 524 485 492 478 533 545 539 553 549 542 516 491 515 522 518 487 520 531 534 521 543 522 514 531 537 495 493 499 500 514 545 565 566 569 588 529 501 505 481 474 512 527 529 530 505 506 539 529 530 558 584 602 570 546 555 546 570 578 570 543 522 520 509 511 473 491 554 565 570 511 511 552 517 502 509 558 563 522 515 555 516 508 521 533 548 552 534 500 496 535 543 564 545 526 545 537 529 507 527 534 533 540 513 524 540 540 519 515 555 565 532 509 511 500 535 529 515 524 545 535 528 555 556 531 511 545 549 568 537 525 533 534 529 519 542 542 514 492 481 531 541 577 536 513 520 500 507 520 536 555 565 561 540 521 551 561 546 530 520 513 533 517 488 514 509 537 536 558 532 519 541 535 533 544 498 506 582 560 550 540 557 545 572 541 501 514 529 532 570 576 549 551 583 584 561 507 498 544 530 521 493 515 524 521 527 547 559 540 559 526 539 512 504 521 526 542 561 525 505 503 524 524 523 521 498 488 513 507 513 571 563 565 548 593 577 553 531 541 506 494 528 528 497 481 487 510 505 
vem trace:

stid: 342
spdistance: 777.585
radio trace:
390 406 445 433 443 409 404 416 431 413 398 399 402 427 436 413 389 413 422 414 423 422 388 389 398 387 417 412 410 414 426 411 436 445 422 398 418 412 423 409 412 404 388 407 419 414 406 384 415 382 389 404 414 419 444 418 414 417 413 422 431 456 416 442 434 433 401 389 395 404 382 361 365 375 383 390 372 371 382 386 393 403 406 410 397 412 431 417 404 390 410 407 406 410 424 413 428 406 408 437 402 403 418 435 441 446 433 408 401 409 411 395 378 411 430 424 422 408 401 397 401 395 381 379 420 444 430 432 421 414 403 435 413 409 426 431 433 445 429 446 423 413 446 438 462 468 449 441 409 402 411 411 406 407 401 397 414 417 401 408 402 389 394 410 413 386 396 397 420 395 382 410 422 422 422 418 394 385 376 398 388 385 369 395 405 413 438 440 423 414 426 454 407 425 421 432 456 448 428 404 388 384 413 440 425 416 412 418 417 412 413 398 410 413 396 411 408 406 399 379 399 403 412 403 383 390 417 412 421 405 431 433 394 424 428 400 395 400 378 425 422 435 424 422 435 442 421 413 424 410 421 430 426 416 420 406 423 396 397 432 446 415 418 404 392 401 400 385 403 406 407 399 413 431 437 407 419 424 420 394 386 403 399 392 435 419 408 393 419 406 385 389 394 407 429 412 409 416 449 450 419 397 387 377 385 413 412 403 403 427 445 402 380 381 374 374 421 431 411 415 422 417 407 427 416 424 422 436 402 431 448 418 397 391 368 375 379 378 405 423 418 420 413 416 408 405 394 419 410 410 410 405 398 416 418 383 390 409 447 421 394 380 388 436 444 444 433 407 397 396 412 421 416 404 417 452 462 438 419 397 419 412 395 399 395 432 432 436 436 432 424 402 402 413 421 397 387 401 413 421 407 421 426 432 431 399 412 415 391 405 371 373 404 409 399 398 392 411 435 425 428 417 417 393 407 415 416 432 422 411 443 430 418 395 377 363 362 370 401 377 388 398 392 400 415 412 411 409 370 393 436 463 455 439 450 420 404 400 404 426 413 397 408 427 411 416 419 409 409 393 422 441 430 394 385 401 391 373 394 397 387 379 373 374 378 398 439 440 429 417 412 390 409 447 444 416 427 398 405 411 426 434 426 426 414 436 432 411 431 453 454 422 427 425 422 468 429 419 420 389 391 412 442 406 409 417 432 434 435 416 410 396 404 400 409 418 403 425 436 429 429 428 397 389 403 390 396 418 419 431 422 415 426 390 387 395 394 381 392 396 428 392 424 441 432 415 401 402 413 394 361 387 359 397 411 412 411 373 390 394 400 408 403 429 437 436 421 426 424 418 401 413 427 454 415 418 447 461 445 451 425 389 413 409 425 420 448 438 441 440 451 445 440 429 424 429 419 418 430 422 411 415 408 410 401 406 419 444 438 413 374 366 373 422 404 402 419 441 445 421 389 399 391 426 444 420 418 409 420 440 432 407 405 424 432 417 424 407 402 405 395 422 434 436 441 402 396 397 399 392 407 382 389 404 397 408 409 429 427 427 403 402 413 425 438 424 411 426 431 429 430 456 416 397 447 451 446 431 437 413 391 417 451 432 416 413 434 441 409 418 417 433 423 427 445 411 420 449 426 423 458 445 437 415 414 419 417 404 413 418 396 386 384 379 383 418 437 417 435 420 414 386 417 406 376 391 404 404 421 431 403 403 411 412 417 434 426 421 431 422 431 412 375 378 378 368 401 416 
vem trace:

stid: 333
spdistance: 1249.32
radio trace:
413 455 457 449 429 421 422 437 437 422 462 448 405 400 373 381 418 420 403 417 406 394 391 417 421 421 434 416 451 422 411 382 398 419 456 423 398 405 409 422 378 415 458 447 442 408 422 412 413 412 419 449 432 442 417 449 447 429 404 433 430 439 427 405 432 408 426 386 419 433 412 380 399 427 403 393 397 427 436 439 421 408 442 461 455 467 472 452 412 383 426 468 451 477 442 453 448 464 462 454 415 398 398 403 395 398 411 428 431 434 424 430 447 474 452 411 390 419 442 422 406 433 424 426 414 417 395 428 414 385 433 427 434 449 445 408 390 420 416 425 430 416 411 421 440 437 449 438 410 432 418 428 420 442 460 430 409 422 437 468 429 391 418 405 411 403 400 404 411 401 422 409 408 439 438 467 443 426 385 399 399 406 441 452 438 409 433 440 425 432 447 424 431 413 411 424 449 475 492 478 476 471 465 440 438 464 448 470 412 399 395 411 440 420 420 455 423 432 463 420 394 388 377 366 409 456 473 428 406 428 432 444 451 434 426 380 382 383 393 412 431 417 453 453 455 449 411 395 412 437 410 402 460 461 440 418 393 397 421 407 411 418 440 486 486 488 448 419 401 425 448 433 401 400 449 435 450 465 464 486 433 397 404 390 458 486 451 450 433 430 421 401 395 424 437 433 437 425 460 448 423 428 418 425 417 399 382 410 440 431 421 400 402 447 416 428 421 428 418 416 397 387 397 412 401 424 382 424 435 446 468 452 444 446 428 451 455 446 434 418 417 404 421 429 391 391 402 451 422 423 447 447 443 401 414 428 436 432 418 439 462 465 480 444 457 442 450 438 421 418 383 382 426 430 432 434 432 410 407 418 435 428 436 422 404 417 447 442 439 400 431 396 407 418 434 439 432 417 411 404 404 409 424 420 418 454 448 450 434 416 434 448 462 411 425 398 437 437 439 460 428 408 408 417 436 427 446 401 401 406 390 351 356 401 422 415 401 422 463 428 442 479 461 441 434 439 439 444 414 451 467 423 381 397 377 437 430 399 401 404 421 392 406 434 430 410 393 431 450 437 446 451 427 472 436 424 437 413 416 417 432 424 442 450 444 416 408 432 430 451 472 451 422 435 429 405 403 387 387 400 395 412 413 443 481 472 451 417 406 425 445 462 467 474 422 417 399 446 453 441 460 422 399 437 436 451 425 452 439 461 452 448 446 428 441 446 402 414 414 444 440 418 436 423 418 374 371 433 428 451 474 435 423 445 438 455 449 436 448 424 391 396 395 431 440 441 446 455 450 420 433 457 465 453 445 443 466 452 436 419 406 384 394 385 417 430 411 379 417 390 392 393 417 443 436 412 413 428 438 458 459 453 441 429 395 369 385 389 404 410 429 409 411 405 419 442 431 414 429 432 434 424 456 466 429 410 409 401 433 437 429 466 502 478 464 419 456 503 472 446 442 463 460 478 442 411 422 381 424 463 482 429 424 459 454 465 455 438 419 443 441 386 387 412 430 430 429 455 428 402 445 453 433 440 417 440 480 483 457 467 472 460 448 460 452 488 454 445 453 437 421 390 392 438 439 409 430 442 395 372 391 392 381 412 414 429 443 450 461 425 410 438 452 416 411 440 431 442 442 455 435 435 450 438 416 389 401 418 415 412 412 411 435 429 468 460 461 478 449 434 436 466 446 417 409 415 429 418 454 464 438 426 419 459 456 481 452 462 423 443 482 459 447 437 460 438 429 403 
vem trace:

stid: 341
spdistance: 1319.81
radio trace:
499 505 515 524 533 578 557 570 519 464 448 480 509 537 542 527 535 530 531 518 495 495 517 530 525 485 450 471 465 426 458 519 530 535 491 479 522 553 528 505 565 526 512 524 516 516 535 512 492 487 520 534 522 494 491 481 517 510 511 517 524 539 522 514 522 510 552 538 504 497 504 479 494 470 476 477 495 488 504 554 526 472 487 511 523 546 526 527 500 455 444 476 541 545 536 512 507 502 489 453 480 484 492 493 480 463 481 490 465 484 499 515 498 497 499 530 515 531 521 498 493 516 526 465 427 469 479 481 515 532 527 518 495 468 521 518 518 514 471 475 554 542 535 564 559 553 533 498 461 484 505 518 513 500 497 546 535 554 511 484 454 440 456 413 459 489 502 524 557 520 476 474 490 505 510 511 491 515 512 523 476 473 467 450 469 519 500 526 554 506 486 479 484 496 485 489 465 473 508 501 480 481 501 471 476 465 496 472 497 545 498 502 511 512 528 529 533 488 485 508 501 512 494 515 520 506 500 494 498 507 500 482 483 539 530 535 565 544 510 487 513 503 530 516 485 447 450 479 490 496 500 483 486 473 494 510 537 520 498 459 459 473 473 506 498 479 475 480 500 528 536 527 507 535 558 526 488 487 491 542 526 537 553 507 503 480 500 513 514 557 512 526 511 519 547 479 484 462 503 488 479 506 517 516 510 481 492 489 455 490 499 520 537 558 556 507 498 509 502 472 482 507 517 507 516 518 480 511 513 494 483 520 516 497 488 508 498 461 450 480 482 531 538 532 549 517 488 491 514 523 536 544 536 490 516 537 519 516 501 487 502 532 511 494 495 474 477 468 468 526 527 463 502 489 501 484 460 498 470 510 539 516 543 540 578 553 521 504 472 466 482 472 480 478 509 495 492 498 461 433 411 454 491 506 526 497 495 498 467 465 495 547 533 488 481 507 492 533 563 552 527 521 483 490 542 512 465 512 525 537 576 549 543 542 494 471 486 506 493 489 459 477 493 492 503 500 499 511 499 502 501 537 535 507 512 474 468 489 489 486 473 497 537 527 520 493 449 496 532 555 565 578 510 509 495 500 505 509 482 463 505 498 517 486 500 525 500 461 462 471 488 491 477 505 512 508 508 506 515 505 446 427 446 478 491 515 521 480 484 461 474 496 518 480 454 496 467 454 479 465 461 508 487 495 460 492 479 520 551 488 474 488 522 523 487 467 482 517 509 522 537 506 488 470 497 509 513 510 507 479 478 495 490 502 506 496 502 506 502 527 512 483 497 495 445 456 505 528 544 536 527 510 482 517 554 541 510 510 510 494 488 504 487 491 492 491 492 528 483 523 523 501 474 499 504 517 523 484 514 539 517 503 518 522 542 513 510 513 482 488 471 479 483 495 488 470 477 488 483 504 493 471 463 489 495 477 478 457 495 516 497 504 475 507 520 495 506 486 510 526 533 547 500 530 525 499 475 484 488 499 529 502 495 485 502 520 518 524 513 488 502 498 504 497 462 459 479 534 522 488 471 468 487 470 494 484 495 493 484 487 472 474 486 511 512 522 530 490 467 489 492 479 473 471 473 514 557 508 527 538 544 563 510 504 486 475 502 504 476 478 518 488 491 516 532 509 483 475 472 528 530 523 552 514 510 487 448 453 479 508 579 573 567 541 518 488 515 530 523 496 510 518 477 511 516 533 536 512 526 507 472 434 467 500 501 509 479 475 475 488 504 516 533 526 513 502 502 491 
vem trace:

stid: 341
spdistance: 1319.81
radio trace:
499 505 515 524 533 578 557 570 519 464 448 480 509 537 542 527 535 530 531 518 495 495 517 530 525 485 450 471 465 426 458 519 530 535 491 479 522 553 528 505 565 526 512 524 516 516 535 512 492 487 520 534 522 494 491 481 517 510 511 517 524 539 522 514 522 510 552 538 504 497 504 479 494 470 476 477 495 488 504 554 526 472 487 511 523 546 526 527 500 455 444 476 541 545 536 512 507 502 489 453 480 484 492 493 480 463 481 490 465 484 499 515 498 497 499 530 515 531 521 498 493 516 526 465 427 469 479 481 515 532 527 518 495 468 521 518 518 514 471 475 554 542 535 564 559 553 533 498 461 484 505 518 513 500 497 546 535 554 511 484 454 440 456 413 459 489 502 524 557 520 476 474 490 505 510 511 491 515 512 523 476 473 467 450 469 519 500 526 554 506 486 479 484 496 485 489 465 473 508 501 480 481 501 471 476 465 496 472 497 545 498 502 511 512 528 529 533 488 485 508 501 512 494 515 520 506 500 494 498 507 500 482 483 539 530 535 565 544 510 487 513 503 530 516 485 447 450 479 490 496 500 483 486 473 494 510 537 520 498 459 459 473 473 506 498 479 475 480 500 528 536 527 507 535 558 526 488 487 491 542 526 537 553 507 503 480 500 513 514 557 512 526 511 519 547 479 484 462 503 488 479 506 517 516 510 481 492 489 455 490 499 520 537 558 556 507 498 509 502 472 482 507 517 507 516 518 480 511 513 494 483 520 516 497 488 508 498 461 450 480 482 531 538 532 549 517 488 491 514 523 536 544 536 490 516 537 519 516 501 487 502 532 511 494 495 474 477 468 468 526 527 463 502 489 501 484 460 498 470 510 539 516 543 540 578 553 521 504 472 466 482 472 480 478 509 495 492 498 461 433 411 454 491 506 526 497 495 498 467 465 495 547 533 488 481 507 492 533 563 552 527 521 483 490 542 512 465 512 525 537 576 549 543 542 494 471 486 506 493 489 459 477 493 492 503 500 499 511 499 502 501 537 535 507 512 474 468 489 489 486 473 497 537 527 520 493 449 496 532 555 565 578 510 509 495 500 505 509 482 463 505 498 517 486 500 525 500 461 462 471 488 491 477 505 512 508 508 506 515 505 446 427 446 478 491 515 521 480 484 461 474 496 518 480 454 496 467 454 479 465 461 508 487 495 460 492 479 520 551 488 474 488 522 523 487 467 482 517 509 522 537 506 488 470 497 509 513 510 507 479 478 495 490 502 506 496 502 506 502 527 512 483 497 495 445 456 505 528 544 536 527 510 482 517 554 541 510 510 510 494 488 504 487 491 492 491 492 528 483 523 523 501 474 499 504 517 523 484 514 539 517 503 518 522 542 513 510 513 482 488 471 479 483 495 488 470 477 488 483 504 493 471 463 489 495 477 478 457 495 516 497 504 475 507 520 495 506 486 510 526 533 547 500 530 525 499 475 484 488 499 529 502 495 485 502 520 518 524 513 488 502 498 504 497 462 459 479 534 522 488 471 468 487 470 494 484 495 493 484 487 472 474 486 511 512 522 530 490 467 489 492 479 473 471 473 514 557 508 527 538 544 563 510 504 486 475 502 504 476 478 518 488 491 516 532 509 483 475 472 528 530 523 552 514 510 487 448 453 479 508 579 573 567 541 518 488 515 530 523 496 510 518 477 511 516 533 536 512 526 507 472 434 467 500 501 509 479 475 475 488 504 516 533 526 513 502 502 491 
vem trace:

