SDId: 34532442
energy: 7.27495e+17
zenith: 0.822531
azimuth: 3.16915
GPSSeconc: 1125451822
stid: 333
spdistance: 616.901
radio trace:
472 442 409 402 418 415 392 377 405 408 392 420 400 409 406 410 401 431 431 432 421 425 420 374 412 445 431 456 429 402 409 413 401 420 434 438 415 378 408 430 425 430 427 441 392 400 448 452 445 432 435 459 437 430 415 389 387 402 415 425 401 430 375 409 446 464 428 396 423 433 435 452 456 433 423 426 417 459 473 460 481 452 443 436 456 438 420 443 450 455 428 472 458 425 447 416 428 404 413 435 415 458 479 435 417 441 456 475 480 477 438 435 445 448 432 436 481 444 439 464 458 416 395 398 408 411 414 425 435 455 430 401 377 356 392 402 420 408 389 401 397 389 431 436 404 419 419 434 442 457 457 431 407 407 424 402 420 410 416 420 416 385 371 380 401 403 414 392 438 452 429 464 447 412 382 418 445 447 413 439 418 415 447 426 431 409 429 435 403 401 404 428 411 459 484 429 439 446 420 413 448 464 463 437 435 417 411 409 421 424 417 439 454 449 441 411 423 409 399 397 441 409 401 432 422 444 457 471 469 456 415 446 472 459 447 415 416 438 408 404 368 388 409 427 416 396 433 400 429 443 440 432 417 418 453 408 379 367 375 365 397 444 438 447 412 432 431 432 427 415 441 431 419 413 403 413 389 396 409 427 425 418 420 408 400 431 433 412 409 413 433 417 447 475 498 481 460 409 408 400 399 435 428 448 466 434 409 431 459 427 445 455 421 454 446 433 421 389 404 410 453 441 422 428 398 425 444 429 402 390 389 424 440 429 391 400 447 456 454 465 428 433 431 417 424 423 433 435 411 403 408 406 387 416 466 428 438 449 421 395 406 428 416 401 441 438 447 418 376 415 448 416 406 393 411 422 416 420 429 442 409 400 411 410 400 430 449 447 423 402 453 440 431 424 422 425 429 439 431 428 406 406 429 447 439 417 403 423 451 468 466 468 442 448 413 399 391 405 409 407 387 416 443 459 463 444 412 432 425 411 475 446 465 448 402 417 368 358 387 417 426 445 433 419 394 437 477 436 417 436 443 465 462 430 431 423 413 412 404 427 428 408 432 418 414 442 426 449 438 410 431 408 407 424 416 427 435 442 438 405 422 415 415 436 437 448 432 442 436 445 422 425 408 423 444 459 407 415 448 451 392 408 432 432 409 436 433 413 430 422 397 412 438 433 410 408 421 418 412 376 419 441 395 385 388 395 405 395 411 438 438 420 423 454 465 458 444 446 454 442 439 447 411 423 425 410 391 415 411 383 414 420 447 475 456 446 443 426 400 410 414 452 472 473 461 450 436 448 458 463 452 421 438 400 393 408 403 391 338 398 424 420 441 405 431 407 388 411 450 456 444 422 426 439 450 419 431 458 456 454 450 451 429 400 420 433 432 463 446 410 431 451 433 436 425 436 426 397 404 427 436 469 476 474 483 474 456 443 457 479 446 412 432 447 435 433 422 454 434 435 416 412 430 451 426 446 448 417 450 466 470 467 439 398 375 376 399 394 400 401 418 425 403 426 477 486 475 462 416 368 397 393 424 400 410 414 409 430 457 440 422 417 426 442 399 388 401 369 408 427 401 409 424 430 459 461 410 384 404 397 404 432 425 449 468 434 441 445 460 436 439 431 419 429 427 413 434 461 431 427 453 461 439 439 424 423 403 422 411 428 445 441 468 455 472 499 488 449 429 404 396 373 350 431 421 422 414 393 403 390 401 422 449 483 468 440 433 478 450 450 416 427 432 449 441 404 421 427 
vem trace:

stid: 332
spdistance: 701.001
radio trace:
549 530 548 549 553 545 523 517 566 547 541 548 560 550 524 549 578 589 586 545 541 558 514 520 533 519 531 536 534 523 572 548 541 525 553 557 567 530 518 510 491 544 547 509 525 523 545 564 602 574 535 532 529 475 507 546 549 571 541 546 571 584 535 554 525 522 504 546 539 541 538 524 548 536 543 508 523 534 547 512 497 513 527 538 520 535 527 518 519 535 550 538 523 554 559 577 574 541 530 527 531 547 533 550 562 527 529 504 506 500 519 503 498 509 506 508 555 528 528 548 526 514 526 534 559 515 540 521 540 560 564 538 533 556 528 540 573 585 566 575 566 565 554 563 569 538 514 515 555 582 550 565 551 577 573 572 563 547 520 537 569 582 557 565 538 504 519 522 508 534 536 536 528 537 556 540 526 519 547 570 543 533 529 513 570 532 536 544 529 532 537 523 562 564 571 566 617 595 588 567 555 557 549 549 541 584 576 578 556 549 550 557 506 487 516 500 533 549 542 516 511 578 579 582 557 528 523 561 546 525 534 540 523 536 494 498 522 492 513 557 567 515 552 569 569 556 552 543 551 556 548 555 579 592 570 580 591 570 581 570 596 571 553 549 510 525 543 535 531 536 557 551 560 546 564 567 561 559 572 564 555 563 537 545 537 525 506 516 532 555 561 524 536 545 532 517 470 503 522 549 567 549 533 524 522 511 516 516 535 575 574 547 543 552 547 568 516 554 551 559 536 531 520 541 532 535 567 526 521 526 535 541 570 581 557 538 540 519 506 516 544 540 557 559 540 526 499 564 554 541 531 568 563 576 531 528 541 539 553 539 514 488 474 515 544 539 525 551 576 583 559 560 566 534 529 555 566 528 538 541 525 532 526 502 525 544 571 558 539 525 522 535 538 510 531 519 529 524 550 557 576 595 574 542 559 531 535 572 554 571 581 586 588 574 579 591 572 563 561 561 553 547 540 556 572 575 529 561 574 554 533 532 540 568 577 566 577 550 516 480 498 494 517 552 556 559 555 590 600 572 531 546 531 530 519 541 559 555 540 544 515 487 521 533 508 489 525 560 559 549 560 587 537 555 544 533 604 550 536 542 546 568 552 519 497 498 537 550 553 562 538 536 544 584 552 524 528 543 547 535 565 540 523 536 514 498 500 530 514 527 529 533 540 544 526 515 515 529 524 497 503 534 552 560 587 588 557 566 560 583 570 544 540 539 529 512 495 489 480 501 497 526 537 518 544 522 560 542 537 539 558 578 580 544 522 492 486 528 556 562 573 539 558 571 580 582 568 556 554 552 537 553 565 551 532 521 521 547 560 548 580 560 530 533 541 519 503 541 574 576 558 565 566 590 573 500 500 509 547 553 541 518 506 492 525 541 556 532 522 536 559 562 519 542 544 530 559 555 519 549 534 540 527 550 515 501 529 571 575 565 569 556 566 576 535 541 564 580 548 533 540 545 554 572 560 538 560 578 574 520 530 519 532 560 531 501 532 532 541 555 544 527 515 504 531 562 557 574 534 503 536 553 558 561 593 564 585 562 561 566 581 535 520 562 560 552 521 520 545 541 548 561 582 600 560 529 546 574 564 536 512 546 527 522 554 552 589 601 581 528 552 606 595 541 522 548 568 567 570 580 580 540 513 515 560 581 554 586 551 532 543 509 545 541 535 545 562 569 558 552 495 494 516 497 504 535 549 535 530 538 555 545 526 502 533 565 564 549 579 558 531 512 545 572 568 572 572 561 
vem trace:

