SDId: 34602810
energy: 7.33486e+17
zenith: 0.432173
azimuth: 6.13612
GPSSeconc: 1125995077
stid: 419
spdistance: 823.085
radio trace:
424 446 457 451 435 414 455 477 527 477 471 452 474 483 428 373 403 410 467 431 392 422 443 406 413 443 439 402 441 488 474 438 411 387 402 444 434 444 455 467 440 480 480 470 473 480 466 475 515 471 438 470 489 479 486 449 414 435 425 435 463 443 456 468 441 489 435 445 459 448 477 501 483 434 444 490 489 450 462 432 441 435 441 421 399 412 427 445 460 442 452 477 468 441 425 400 442 453 484 445 432 417 399 407 439 423 413 444 459 432 414 411 427 394 415 446 452 480 493 446 450 486 456 502 472 470 509 485 453 434 450 484 474 469 483 450 446 446 467 442 457 419 427 434 414 416 451 490 473 471 449 457 459 490 495 474 412 416 442 482 490 453 484 459 450 422 385 433 460 440 448 432 435 507 478 484 466 430 416 437 461 466 466 446 466 459 425 409 443 475 472 431 454 452 442 473 482 459 465 453 415 418 383 420 440 449 465 420 363 404 447 452 432 449 491 501 455 451 437 436 453 472 478 478 442 436 431 445 403 393 437 447 410 428 474 486 483 401 400 420 430 439 447 505 481 459 473 469 478 435 433 446 483 463 460 485 484 497 463 482 460 459 468 478 446 472 454 445 467 453 455 423 373 384 415 426 416 426 462 479 476 465 487 487 470 473 480 492 474 466 442 465 459 444 408 432 435 469 440 463 430 467 484 486 448 459 481 491 454 451 439 464 451 464 450 463 450 437 454 472 485 441 425 455 438 425 464 468 462 492 483 420 440 447 459 428 421 464 480 465 456 480 476 410 437 432 421 416 436 455 423 430 398 465 429 436 419 449 460 472 517 486 489 485 485 514 494 487 475 486 494 496 484 461 469 456 463 508 488 445 471 485 467 462 434 432 417 461 489 486 473 485 469 405 434 453 425 440 428 444 450 469 464 451 493 489 489 470 439 465 468 434 383 421 442 436 471 438 400 406 405 408 379 396 432 430 491 482 428 430 461 468 479 440 439 474 488 444 430 438 430 464 457 453 463 481 496 486 443 460 417 434 461 444 462 460 463 463 470 451 493 409 420 422 423 418 423 433 426 449 420 452 459 459 479 432 394 422 465 464 445 441 429 441 480 480 468 431 451 387 410 430 388 370 427 475 509 521 468 435 455 449 480 488 441 431 460 465 479 452 448 414 434 471 488 469 412 434 452 431 455 459 484 506 487 456 475 449 417 443 477 456 425 409 380 419 452 456 460 480 495 487 446 425 457 433 396 420 429 421 427 450 441 434 477 477 539 497 494 497 479 459 455 417 413 453 421 424 407 433 439 427 435 413 393 422 474 472 478 489 431 450 449 432 428 415 465 480 475 419 374 376 397 397 415 431 457 446 442 470 494 504 479 458 421 442 415 474 447 422 404 427 413 465 482 448 418 401 440 459 481 423 434 419 425 447 443 440 458 457 412 416 422 425 430 432 448 466 416 489 467 409 471 425 451 414 416 432 455 445 454 456 493 512 480 460 463 444 443 462 457 490 462 465 423 456 459 467 464 460 491 434 427 477 437 415 435 412 425 429 464 474 453 455 473 419 379 408 406 434 439 420 444 428 442 462 478 487 442 430 469 475 455 435 439 436 450 459 463 433 429 423 342 393 459 476 472 437 455 435 421 407 404 417 429 446 457 492 461 478 483 460 401 389 399 451 450 450 458 464 448 472 445 439 498 485 500 512 542 537 513 458 447 495 451 464 487 477 476 445 447 437 439 466 482 474 434 424 
vem trace:

stid: 343
spdistance: 863.465
radio trace:
427 420 406 442 439 430 449 434 430 442 449 423 410 427 434 468 471 443 409 450 427 434 430 431 406 394 395 410 409 391 407 438 442 407 419 398 400 429 436 461 450 439 434 435 466 482 457 437 437 408 400 442 465 473 448 456 466 445 447 439 444 442 461 438 441 432 439 436 443 441 452 448 464 460 430 428 434 423 447 432 413 417 427 446 475 489 490 482 456 428 432 454 440 465 479 473 454 465 453 430 420 427 431 448 456 473 458 443 418 445 424 409 446 456 434 424 410 432 438 450 463 451 436 419 411 440 448 439 417 415 418 451 465 404 399 414 407 427 442 445 450 473 456 434 429 413 415 424 425 416 430 457 431 431 440 435 411 435 470 454 484 474 495 486 495 498 442 419 446 458 464 452 405 463 470 434 434 440 416 433 433 427 444 444 449 453 440 423 419 436 423 440 471 467 463 450 441 426 422 423 437 454 422 436 457 443 446 464 481 443 424 440 447 423 391 382 395 390 410 416 455 461 446 455 471 454 467 454 432 444 446 451 411 400 412 412 431 463 467 448 456 438 455 465 440 436 433 427 443 461 459 463 432 450 452 428 416 402 402 398 400 384 392 429 445 442 431 429 430 455 443 422 444 428 417 441 423 433 462 474 465 467 468 459 449 436 452 466 455 446 453 459 434 437 462 410 396 416 433 397 408 395 412 447 491 440 445 438 434 459 494 491 473 469 445 474 412 417 408 406 412 421 403 379 404 429 434 441 417 424 441 417 448 421 426 416 471 462 449 423 435 414 433 431 442 456 432 467 477 471 473 450 468 462 465 428 436 425 408 417 425 451 448 411 433 431 428 462 443 473 477 460 445 477 471 437 468 444 408 436 447 434 458 425 432 436 434 434 414 416 411 392 413 469 480 451 422 441 411 416 447 486 451 454 455 445 458 466 445 445 435 424 462 459 445 438 434 427 447 442 438 445 400 430 442 429 461 477 461 463 467 450 458 469 455 422 396 404 419 456 433 444 407 435 441 416 467 476 429 434 439 447 424 423 413 432 424 436 435 450 446 412 394 416 463 442 438 459 473 450 464 477 456 411 390 400 414 387 413 425 402 408 428 435 414 406 427 434 434 418 408 427 456 474 478 444 438 434 487 465 459 430 421 405 404 405 394 431 426 389 406 405 382 393 409 388 375 413 437 452 419 443 420 413 443 462 437 410 441 425 420 435 439 436 421 404 421 434 416 420 406 419 404 367 411 419 441 447 415 402 428 450 421 425 437 456 449 410 390 410 421 405 411 411 428 416 409 427 417 418 444 441 451 440 460 468 448 451 449 426 429 440 468 489 457 437 417 420 412 412 455 471 458 473 461 459 457 451 453 437 439 436 413 434 461 475 469 447 474 455 437 460 462 466 457 442 423 431 438 427 405 413 463 462 422 433 456 471 437 458 452 415 406 422 404 441 444 441 437 441 453 443 459 458 434 431 442 427 464 472 442 414 407 443 437 428 428 442 448 448 424 429 414 419 453 439 439 464 444 426 444 425 428 456 453 455 459 487 467 420 445 473 478 489 445 406 424 428 436 422 396 425 451 467 428 451 439 438 441 427 459 470 434 441 413 437 479 484 482 462 446 443 446 447 458 470 450 451 446 451 459 492 491 467 441 423 432 451 435 447 443 426 445 470 461 458 442 478 483 436 436 443 444 446 450 426 423 419 425 433 432 442 447 467 453 415 399 392 408 430 442 459 464 472 452 459 464 428 
vem trace:

