SDId: 34502036
energy: 8.56848e+17
zenith: 0.734788
azimuth: 1.3214
GPSSeconc: 1125266462
stid: 342
spdistance: 662.687
radio trace:
420 448 460 457 481 479 482 505 474 435 452 437 436 446 445 485 458 433 442 493 469 507 505 501 487 510 469 462 470 465 443 445 458 462 445 452 444 477 488 492 500 454 427 433 427 455 503 474 476 503 496 509 490 468 468 449 441 464 438 438 457 467 473 473 465 477 476 439 447 459 479 497 499 498 520 505 466 474 470 448 446 438 441 470 484 467 490 486 477 478 477 475 473 483 485 451 431 452 447 445 448 446 436 438 421 438 473 462 454 464 479 456 440 468 442 448 474 476 459 466 481 491 474 489 491 495 495 477 456 472 441 434 475 472 497 493 499 454 436 456 461 428 417 473 490 495 477 470 441 456 487 489 476 487 441 472 478 446 452 475 515 528 515 495 500 494 505 467 484 484 453 461 463 445 429 427 425 472 448 479 492 502 506 479 475 451 453 450 478 495 499 506 516 483 441 414 447 480 442 453 483 475 461 439 452 444 453 458 463 443 441 462 464 484 425 391 443 490 482 495 513 487 450 448 430 426 444 443 449 445 427 424 479 509 473 467 482 456 435 431 469 452 439 447 441 461 491 488 449 469 459 426 452 467 493 507 506 514 485 474 496 491 473 495 507 454 463 495 456 423 454 464 492 481 481 460 497 478 442 426 432 467 445 463 454 453 483 475 491 475 483 470 476 477 481 460 459 447 466 483 485 461 466 462 452 470 479 480 465 471 498 501 478 465 471 476 482 477 453 459 425 443 462 459 482 468 463 478 467 448 426 434 409 408 442 450 472 489 504 475 439 443 467 470 465 452 475 491 453 431 428 447 445 432 458 473 480 454 459 476 492 475 492 518 507 472 450 453 463 464 458 466 426 441 443 434 438 471 467 476 512 521 500 464 459 468 473 451 481 463 466 437 462 460 432 418 452 472 503 515 458 471 466 439 451 471 446 451 462 451 435 456 456 442 472 473 491 493 505 492 495 486 488 471 469 480 488 476 466 488 460 479 468 490 475 458 464 480 452 446 439 444 479 491 490 499 511 443 461 467 482 509 476 471 491 458 422 410 479 481 454 430 463 469 488 470 473 501 494 491 499 522 487 440 476 450 469 429 450 436 446 471 511 503 496 449 419 407 416 438 482 483 460 467 456 465 481 463 467 442 455 459 448 449 423 418 445 491 483 460 459 456 486 500 519 509 493 472 489 491 444 451 487 475 467 448 442 433 392 422 431 449 479 457 473 456 464 448 453 418 420 457 451 465 483 495 476 442 438 455 462 472 432 387 412 448 442 455 450 443 453 447 437 446 450 479 505 497 507 490 509 508 443 456 438 431 452 455 455 456 434 440 416 443 477 477 483 489 492 495 503 467 465 443 430 426 435 463 494 502 516 521 484 472 449 447 445 450 433 414 422 440 447 452 444 434 438 441 436 426 455 415 389 415 450 457 476 504 475 499 462 473 497 460 468 465 445 463 477 454 447 435 452 464 490 488 484 487 507 497 492 480 472 482 504 457 431 437 465 431 432 445 448 425 430 445 469 506 497 488 502 482 465 465 447 447 481 518 521 489 473 477 471 459 472 456 441 443 483 474 476 483 488 461 470 471 428 440 439 466 479 472 469 480 485 480 453 473 469 472 489 484 495 510 477 491 506 481 487 485 477 462 453 444 465 487 474 485 467 467 504 469 458 457 435 450 470 488 468 458 435 406 411 410 434 445 479 497 521 498 489 480 479 473 468 450 439 426 403 431 446 475 459 445 480 513 486 485 
vem trace:

stid: 343
spdistance: 686.66
radio trace:
479 457 466 467 470 464 459 436 465 475 461 449 442 461 445 456 439 438 446 469 430 423 456 472 483 484 446 454 452 458 450 440 470 462 446 461 426 461 459 455 448 452 437 421 458 469 478 479 490 485 473 467 456 417 442 441 438 451 468 482 451 445 413 408 431 436 428 450 442 457 462 456 472 472 475 499 494 459 454 446 436 445 479 474 476 437 443 429 425 444 449 452 427 450 438 441 463 454 467 450 446 412 454 471 446 465 460 428 425 445 463 482 462 484 469 483 485 491 481 451 448 440 465 470 446 464 465 472 447 452 489 455 444 456 469 487 470 466 469 471 446 468 470 464 476 471 463 448 447 440 484 470 454 447 422 436 424 463 466 447 466 447 447 439 425 421 436 465 444 438 443 446 461 464 475 416 420 440 437 454 431 441 448 459 472 430 454 492 465 452 445 445 444 442 448 440 457 458 473 464 472 472 480 464 456 467 451 454 449 413 418 417 452 492 502 468 457 462 468 480 489 467 440 439 452 437 459 469 455 438 437 452 484 476 461 466 460 484 459 459 443 453 469 455 454 477 453 421 458 441 458 470 484 474 458 468 466 481 452 426 416 387 384 416 443 454 456 453 438 447 484 445 428 467 449 436 433 438 436 438 436 438 437 473 473 486 473 445 444 428 445 449 473 486 484 517 499 479 482 481 480 468 453 446 417 446 447 438 418 411 424 458 474 519 455 470 485 460 456 434 418 415 438 441 453 444 459 453 440 454 429 440 442 445 458 455 461 457 455 447 458 459 437 418 425 430 434 456 450 486 473 468 502 458 451 439 456 466 460 444 448 465 476 468 470 465 454 448 462 479 447 432 448 479 478 471 452 439 431 443 482 467 441 457 440 445 444 431 448 446 458 439 466 454 467 475 484 466 442 451 450 454 459 470 460 471 480 488 475 456 451 463 475 463 462 474 442 434 465 469 461 462 455 457 462 462 444 447 461 436 465 462 451 458 464 476 466 496 447 452 457 468 492 494 459 465 447 435 456 512 485 448 456 479 469 491 449 407 447 460 466 478 457 458 465 452 449 447 436 461 470 468 442 475 505 467 453 454 443 470 490 505 499 465 450 447 472 467 468 452 461 463 459 428 418 454 455 444 447 426 449 453 447 397 427 441 462 492 474 449 413 415 431 428 444 475 509 494 469 466 460 436 441 445 466 482 469 458 471 475 447 441 432 445 435 462 472 460 432 425 462 466 465 453 463 453 450 401 410 466 477 458 420 436 452 473 475 472 467 468 446 445 435 448 477 498 473 470 444 445 443 428 462 456 427 433 424 435 433 450 478 484 456 462 459 456 447 457 424 405 438 475 489 474 465 474 480 468 463 485 459 449 449 435 394 377 426 442 468 448 453 458 453 470 478 468 452 466 457 433 398 396 413 442 453 481 473 465 463 468 471 459 443 457 438 450 465 474 460 498 453 421 443 443 413 443 450 452 440 449 481 477 474 478 475 446 477 482 471 467 453 422 413 436 453 473 452 475 492 461 467 488 479 448 462 449 474 462 475 447 468 481 454 434 436 447 453 446 458 448 448 431 449 456 463 461 472 479 476 448 429 454 449 450 450 481 450 462 475 483 459 473 447 433 446 461 485 425 417 422 450 451 471 453 486 492 487 454 450 462 466 434 453 475 481 466 452 410 424 431 454 473 451 490 494 461 464 468 439 454 461 432 432 458 458 453 441 446 434 427 462 455 424 434 442 439 463 451 
vem trace:

stid: 419
spdistance: 1004.55
radio trace:
504 510 496 478 497 519 511 488 489 452 462 472 523 498 458 453 448 464 460 469 496 492 476 445 433 482 469 510 519 521 488 501 518 506 487 506 471 474 501 534 497 506 526 528 492 461 485 477 519 531 494 471 511 471 484 459 439 448 468 479 457 476 525 473 440 469 400 411 441 440 427 423 455 462 458 470 494 484 500 520 461 409 449 422 472 480 434 480 470 470 428 453 439 465 455 480 478 457 456 463 494 484 466 445 435 409 417 436 445 439 457 488 498 489 421 403 468 499 480 492 489 459 464 433 457 496 454 481 442 460 450 470 477 508 539 470 482 478 490 494 460 459 479 499 483 475 464 444 449 467 476 503 481 495 527 517 530 508 440 421 470 484 467 522 491 497 455 475 461 444 477 517 554 542 476 476 491 508 511 530 526 548 524 544 519 504 550 522 505 519 477 452 498 478 475 444 497 491 480 435 428 441 500 497 531 509 512 472 454 454 463 475 495 490 505 523 500 484 464 508 483 439 457 441 446 507 543 507 509 529 480 488 497 485 495 518 513 487 517 504 524 496 515 515 528 518 497 479 485 508 493 498 483 443 494 493 490 470 480 517 482 454 474 452 462 460 504 502 493 494 484 480 451 485 507 462 492 509 467 462 481 437 451 463 455 440 432 485 462 436 432 458 460 491 479 474 475 470 475 472 499 483 480 513 549 553 526 523 503 493 466 468 489 438 463 483 502 522 469 457 453 442 466 429 444 439 473 476 495 517 471 479 423 425 484 471 466 501 517 503 522 508 494 472 467 472 488 523 538 504 477 495 504 488 492 474 454 469 455 463 503 486 509 482 494 523 501 467 482 477 492 471 488 495 455 493 497 477 479 536 512 492 465 490 509 512 505 454 455 467 462 455 441 469 495 516 507 496 505 536 530 469 490 475 487 480 468 459 467 466 449 462 512 495 476 473 455 467 446 447 489 454 463 455 481 451 477 484 461 462 481 483 497 496 482 484 426 452 447 469 522 475 456 451 468 441 437 496 493 487 523 492 461 472 470 454 466 489 485 484 528 507 453 410 480 484 488 518 484 485 522 502 501 469 476 464 516 495 460 454 476 473 474 468 472 494 510 509 507 536 513 494 480 459 466 437 444 478 494 450 457 472 493 484 480 509 497 485 489 453 446 472 492 497 473 473 472 470 472 471 461 485 492 488 499 507 510 528 518 528 547 475 502 494 506 500 516 517 482 436 482 463 498 452 466 465 453 445 427 423 425 464 466 496 503 524 493 499 541 514 513 520 498 466 469 482 484 520 514 488 479 480 456 485 456 468 467 440 449 459 464 449 443 447 501 482 507 448 437 488 488 456 452 507 546 572 531 497 477 453 439 475 439 458 446 472 503 539 550 504 478 509 527 511 522 508 530 517 531 473 456 445 504 523 528 480 487 495 471 447 500 494 471 476 464 460 521 508 478 459 482 493 473 477 499 498 429 451 451 485 486 496 500 487 511 530 535 554 517 477 464 480 493 493 429 472 505 489 497 488 523 521 486 477 433 469 520 552 516 505 527 499 484 491 494 501 464 488 433 448 479 495 500 483 455 496 470 497 497 479 490 528 492 514 473 477 469 456 487 517 463 421 410 408 446 485 464 460 516 494 508 537 547 506 491 480 459 493 493 490 481 471 477 455 468 433 434 475 487 473 463 493 529 527 482 475 454 460 468 492 467 488 532 471 447 442 446 444 476 470 460 457 526 515 527 499 493 522 
vem trace:

stid: 341
spdistance: 1296.53
radio trace:
520 556 559 552 555 541 543 503 495 490 493 502 518 566 564 558 543 523 524 504 544 564 531 500 490 473 495 481 480 488 532 535 590 578 559 538 525 487 473 433 491 475 494 511 476 475 485 497 485 510 506 481 544 547 562 544 549 540 534 487 518 523 540 531 528 546 535 517 501 457 475 499 480 494 501 541 536 540 536 551 549 526 517 494 521 534 543 500 522 530 540 527 519 490 522 531 552 582 565 586 552 540 570 541 500 490 478 524 522 485 455 471 507 504 494 524 541 547 540 541 513 530 542 529 527 565 517 472 523 541 539 560 538 510 524 512 512 553 553 536 516 494 512 551 537 543 544 533 549 559 543 551 540 515 514 540 577 557 554 540 520 530 515 492 545 528 522 501 514 524 546 532 526 544 544 524 527 519 545 542 540 530 522 547 541 567 563 560 536 482 487 482 509 518 515 511 467 486 495 519 543 516 509 522 517 504 501 495 482 455 488 496 514 527 498 482 511 518 488 474 470 514 553 573 541 552 524 523 520 511 507 513 498 531 500 494 491 499 514 548 528 501 473 427 480 511 498 494 514 514 536 522 512 544 553 542 535 543 519 509 542 548 534 496 528 505 519 510 494 507 503 504 530 578 568 540 577 551 536 492 479 521 569 545 539 546 555 506 498 500 495 508 539 540 545 529 545 503 463 499 525 559 550 543 528 516 511 518 515 530 555 571 550 519 503 506 432 466 507 547 566 519 506 542 489 515 508 536 536 514 504 548 559 530 494 504 574 546 508 483 468 472 507 522 539 521 538 520 485 513 546 525 501 514 520 506 501 519 514 509 522 504 492 484 491 488 460 474 500 512 529 559 578 558 541 523 486 481 530 549 529 521 559 580 569 525 519 512 489 515 512 539 538 534 547 554 548 554 507 502 535 506 498 526 529 550 561 547 520 513 535 512 494 498 525 522 561 592 547 513 500 517 545 521 494 484 468 457 481 492 470 471 474 498 520 567 575 562 576 554 559 539 511 503 533 529 520 498 475 466 471 473 497 466 509 520 509 525 535 536 556 538 554 548 522 526 531 537 552 528 553 542 515 495 493 490 518 534 531 540 509 517 513 514 541 546 543 534 520 518 509 543 515 524 543 535 567 548 536 543 490 498 503 513 536 508 502 526 505 528 519 515 496 502 513 519 536 513 534 507 508 537 536 511 490 508 502 511 526 534 542 576 596 551 486 501 515 543 522 517 544 548 516 536 531 543 530 549 540 516 524 514 528 544 544 505 500 495 516 594 589 496 488 531 556 528 501 525 514 519 524 534 503 547 558 532 519 526 489 484 509 557 556 540 502 520 490 482 482 462 458 456 458 469 468 447 487 553 555 521 510 492 482 495 480 469 547 567 553 558 551 593 557 525 510 507 550 531 527 504 514 521 548 499 493 499 458 473 520 515 510 522 502 505 515 511 509 538 555 560 544 542 524 487 445 482 533 511 505 470 529 563 560 518 527 538 490 540 511 490 520 515 507 506 517 514 534 519 528 561 568 574 547 519 539 530 527 549 517 550 559 548 543 551 552 549 493 508 482 443 477 515 517 494 476 482 493 505 466 528 557 539 529 511 497 513 569 546 558 573 553 530 539 544 535 528 526 529 515 492 459 506 509 482 498 519 514 504 516 543 550 502 508 530 554 541 545 536 536 542 504 519 552 503 491 533 545 535 505 533 514 504 511 495 466 519 545 530 557 566 579 518 512 484 486 558 555 538 
vem trace:

stid: 341
spdistance: 1296.53
radio trace:
520 556 559 552 555 541 543 503 495 490 493 502 518 566 564 558 543 523 524 504 544 564 531 500 490 473 495 481 480 488 532 535 590 578 559 538 525 487 473 433 491 475 494 511 476 475 485 497 485 510 506 481 544 547 562 544 549 540 534 487 518 523 540 531 528 546 535 517 501 457 475 499 480 494 501 541 536 540 536 551 549 526 517 494 521 534 543 500 522 530 540 527 519 490 522 531 552 582 565 586 552 540 570 541 500 490 478 524 522 485 455 471 507 504 494 524 541 547 540 541 513 530 542 529 527 565 517 472 523 541 539 560 538 510 524 512 512 553 553 536 516 494 512 551 537 543 544 533 549 559 543 551 540 515 514 540 577 557 554 540 520 530 515 492 545 528 522 501 514 524 546 532 526 544 544 524 527 519 545 542 540 530 522 547 541 567 563 560 536 482 487 482 509 518 515 511 467 486 495 519 543 516 509 522 517 504 501 495 482 455 488 496 514 527 498 482 511 518 488 474 470 514 553 573 541 552 524 523 520 511 507 513 498 531 500 494 491 499 514 548 528 501 473 427 480 511 498 494 514 514 536 522 512 544 553 542 535 543 519 509 542 548 534 496 528 505 519 510 494 507 503 504 530 578 568 540 577 551 536 492 479 521 569 545 539 546 555 506 498 500 495 508 539 540 545 529 545 503 463 499 525 559 550 543 528 516 511 518 515 530 555 571 550 519 503 506 432 466 507 547 566 519 506 542 489 515 508 536 536 514 504 548 559 530 494 504 574 546 508 483 468 472 507 522 539 521 538 520 485 513 546 525 501 514 520 506 501 519 514 509 522 504 492 484 491 488 460 474 500 512 529 559 578 558 541 523 486 481 530 549 529 521 559 580 569 525 519 512 489 515 512 539 538 534 547 554 548 554 507 502 535 506 498 526 529 550 561 547 520 513 535 512 494 498 525 522 561 592 547 513 500 517 545 521 494 484 468 457 481 492 470 471 474 498 520 567 575 562 576 554 559 539 511 503 533 529 520 498 475 466 471 473 497 466 509 520 509 525 535 536 556 538 554 548 522 526 531 537 552 528 553 542 515 495 493 490 518 534 531 540 509 517 513 514 541 546 543 534 520 518 509 543 515 524 543 535 567 548 536 543 490 498 503 513 536 508 502 526 505 528 519 515 496 502 513 519 536 513 534 507 508 537 536 511 490 508 502 511 526 534 542 576 596 551 486 501 515 543 522 517 544 548 516 536 531 543 530 549 540 516 524 514 528 544 544 505 500 495 516 594 589 496 488 531 556 528 501 525 514 519 524 534 503 547 558 532 519 526 489 484 509 557 556 540 502 520 490 482 482 462 458 456 458 469 468 447 487 553 555 521 510 492 482 495 480 469 547 567 553 558 551 593 557 525 510 507 550 531 527 504 514 521 548 499 493 499 458 473 520 515 510 522 502 505 515 511 509 538 555 560 544 542 524 487 445 482 533 511 505 470 529 563 560 518 527 538 490 540 511 490 520 515 507 506 517 514 534 519 528 561 568 574 547 519 539 530 527 549 517 550 559 548 543 551 552 549 493 508 482 443 477 515 517 494 476 482 493 505 466 528 557 539 529 511 497 513 569 546 558 573 553 530 539 544 535 528 526 529 515 492 459 506 509 482 498 519 514 504 516 543 550 502 508 530 554 541 545 536 536 542 504 519 552 503 491 533 545 535 505 533 514 504 511 495 466 519 545 530 557 566 579 518 512 484 486 558 555 538 
vem trace:

