SDId: 34576443
energy: 2.4511e+17
zenith: 0.512558
azimuth: 1.37836
GPSSeconc: 1125863606
stid: 343
spdistance: 864.699
radio trace:
437 454 472 467 467 458 472 497 474 458 447 428 424 421 432 438 421 452 471 466 439 427 433 433 448 455 444 447 474 462 456 458 445 407 435 438 435 426 449 436 450 459 463 445 442 440 438 472 450 446 454 473 490 479 471 446 451 462 461 479 475 441 451 437 451 463 458 430 453 447 457 490 495 481 477 496 482 469 440 438 438 467 483 463 475 471 470 464 463 447 453 472 466 434 456 475 457 480 475 451 465 452 449 447 451 458 452 434 434 463 472 467 469 495 491 482 439 441 439 421 439 454 447 447 470 468 482 473 467 476 431 415 426 449 444 439 449 474 495 450 457 454 476 460 472 484 500 492 458 448 459 436 441 423 442 449 463 438 417 426 442 432 427 452 455 478 473 488 466 444 450 442 476 457 427 422 440 445 453 461 464 457 484 438 434 442 446 440 428 427 447 430 431 438 470 484 436 445 456 453 437 439 461 479 485 482 477 471 455 417 456 479 469 465 437 441 455 447 459 472 482 490 471 458 475 454 483 456 490 501 492 491 470 465 464 445 465 475 444 434 442 471 478 498 483 484 448 464 452 453 472 450 418 445 464 462 479 490 457 427 438 454 452 459 464 446 434 435 467 447 480 479 478 473 481 478 477 488 452 434 485 465 454 446 438 445 420 421 445 463 468 441 425 418 447 461 467 465 451 471 456 454 443 457 443 457 457 435 443 447 458 438 425 429 425 464 470 481 455 425 420 435 435 449 458 441 441 418 451 460 491 498 488 465 442 454 471 454 426 439 458 453 439 432 441 435 473 464 480 469 466 462 455 447 477 467 439 442 444 459 479 474 456 431 435 451 432 436 455 436 433 461 443 444 461 473 436 431 462 481 486 499 497 493 477 470 472 466 475 484 463 447 425 417 416 466 473 466 448 430 445 448 452 462 452 488 477 434 456 458 471 460 462 466 453 473 467 457 470 467 466 462 447 436 441 430 436 428 443 455 471 468 490 476 474 475 457 458 454 479 485 484 467 466 457 439 448 456 457 469 456 458 452 464 457 462 445 429 423 415 419 441 455 438 435 461 442 418 423 453 445 420 442 449 447 446 429 447 450 447 451 421 402 434 427 434 438 437 441 446 462 467 461 452 461 435 447 457 443 435 420 420 448 476 459 426 446 455 440 426 467 472 459 458 486 491 476 459 469 486 469 447 430 414 458 454 451 454 446 463 476 463 441 475 482 464 448 462 466 469 429 428 411 443 444 452 450 457 426 424 429 416 446 460 457 452 445 453 448 450 454 472 474 462 475 474 498 494 475 437 466 474 480 470 436 431 449 425 450 439 434 474 474 475 463 471 473 476 463 465 439 450 462 463 434 425 430 400 409 430 462 488 489 459 462 442 448 453 466 434 434 438 455 437 463 489 479 449 457 458 443 446 443 459 496 496 459 463 476 477 451 450 452 438 455 444 444 453 472 469 460 447 439 451 472 467 450 446 404 421 446 452 470 452 434 441 448 474 485 474 479 467 465 486 472 470 468 461 444 459 454 444 424 448 437 463 457 407 408 425 439 440 419 442 465 445 448 449 458 491 460 457 435 413 435 453 450 439 445 446 428 421 429 418 429 428 429 447 458 479 463 478 468 492 472 410 411 435 409 423 446 475 472 470 464 475 489 438 454 444 454 457 455 458 473 480 437 448 428 417 421 415 449 458 473 485 502 467 431 426 465 453 456 439 460 457 439 449 445 490 487 466 478 475 467 459 454 451 
vem trace:

stid: 419
spdistance: 987.124
radio trace:
496 478 493 461 490 493 476 421 444 432 468 494 514 493 481 474 443 482 479 491 482 522 478 457 466 455 466 465 417 427 421 439 427 436 460 474 502 485 453 450 429 454 512 458 438 437 495 512 521 514 490 455 427 445 440 441 445 475 459 452 484 438 458 465 517 528 489 466 488 473 440 478 512 492 498 505 438 492 514 469 453 446 459 478 478 473 447 513 511 508 487 457 477 499 506 507 436 442 443 475 470 493 499 528 525 498 476 448 476 481 455 453 452 489 456 477 451 470 466 441 442 501 466 461 466 448 490 506 450 467 499 499 521 472 488 510 515 505 488 512 531 541 491 498 496 470 442 457 434 445 505 494 499 513 507 516 545 513 439 426 447 484 533 500 494 489 502 455 485 528 482 470 464 466 464 449 478 479 490 491 482 501 495 466 485 481 455 452 431 459 461 444 416 428 440 448 460 459 476 422 435 487 479 456 443 460 432 485 484 519 459 435 439 437 452 473 472 480 497 476 466 483 464 434 489 500 471 507 472 486 480 459 436 514 487 473 493 522 506 492 455 448 447 473 471 447 474 476 493 524 498 484 498 526 525 485 506 531 498 483 445 445 478 490 499 497 482 487 500 506 444 416 453 460 448 443 475 478 481 464 476 458 450 479 490 498 458 468 465 440 421 429 449 462 503 464 482 477 418 447 435 437 479 464 475 467 487 508 457 428 441 488 500 480 466 495 515 503 525 512 497 504 486 487 490 473 415 435 497 475 491 426 459 483 485 498 482 456 467 485 467 457 429 434 456 464 452 475 495 515 485 503 520 526 502 489 494 528 487 435 497 542 517 498 473 392 430 479 447 437 477 498 440 454 443 439 431 423 457 470 469 484 457 457 455 479 471 505 470 456 440 415 438 448 463 446 490 473 479 467 466 468 474 483 497 473 479 483 472 502 481 486 489 458 489 446 472 485 492 460 497 508 478 473 485 494 531 533 521 538 491 480 505 488 444 444 506 482 480 501 517 478 475 488 460 462 501 515 466 490 475 493 506 478 476 501 516 520 490 461 420 423 448 468 447 512 506 465 479 510 494 453 424 465 497 497 494 489 501 496 460 455 475 454 412 408 478 517 500 467 465 439 433 415 437 455 461 464 470 474 488 487 468 494 479 432 448 428 441 506 498 476 473 483 441 455 460 497 520 477 481 454 482 507 489 471 504 488 502 466 451 457 473 450 490 461 487 495 482 474 439 426 459 485 499 510 502 419 434 492 503 490 467 521 491 487 500 486 448 493 526 532 528 507 488 487 490 491 504 518 503 512 520 513 523 536 532 500 513 507 483 447 425 475 497 483 483 420 431 434 458 500 493 472 521 444 450 485 458 490 463 485 435 415 441 435 423 436 439 451 442 485 492 447 471 475 486 510 467 426 461 449 448 449 458 450 477 456 422 434 463 476 527 549 540 510 523 490 505 491 476 442 444 468 463 465 458 503 508 493 487 518 524 515 501 455 467 503 488 510 498 448 405 406 436 465 502 474 501 487 485 509 483 494 446 469 476 484 481 489 449 451 462 490 486 519 458 428 471 480 487 463 444 391 443 478 491 505 504 450 445 476 446 486 499 471 484 508 505 521 503 514 491 496 488 466 456 477 497 493 477 513 470 470 485 477 454 486 489 448 467 505 506 527 508 488 470 469 451 469 475 445 486 486 522 521 464 456 483 459 490 525 513 515 501 512 530 522 506 474 499 507 531 517 489 459 459 469 
vem trace:

