SDId: 34818953
energy: 1.75241e+18
zenith: 0.310346
azimuth: 2.88327
GPSSeconc: 1127199707
stid: 341
spdistance: 1017.34
radio trace:
465 470 479 510 498 512 509 488 502 516 506 508 479 504 465 482 479 508 527 535 512 486 518 529 534 528 495 509 502 483 475 488 479 483 506 478 445 501 503 497 501 505 499 491 532 534 489 454 479 528 521 525 508 476 496 513 505 477 510 531 541 493 441 466 475 471 419 431 481 479 455 500 498 511 516 525 517 481 474 468 489 523 471 481 507 525 526 490 473 498 520 513 492 491 451 463 469 504 541 531 532 525 539 511 505 488 516 541 498 464 471 477 494 485 502 496 457 483 530 557 530 524 527 524 486 455 454 472 471 516 530 529 522 509 485 503 509 474 449 509 563 529 499 510 495 448 452 458 491 507 496 512 493 478 493 518 509 508 523 537 496 459 484 475 489 474 477 512 476 456 455 471 501 486 458 425 449 465 475 486 435 433 488 508 503 524 508 464 450 499 488 484 467 484 471 417 460 448 471 474 465 512 536 525 523 468 473 490 504 483 473 451 438 480 491 522 523 497 496 501 467 462 471 471 511 481 491 490 469 477 503 537 522 519 545 489 483 491 484 500 503 501 503 486 514 496 508 456 445 474 477 493 480 478 473 515 502 488 513 533 505 491 506 533 528 548 563 498 453 485 518 536 491 487 467 467 444 427 437 494 505 504 522 474 500 523 526 519 518 515 506 497 495 474 454 442 486 450 479 472 465 482 526 533 511 461 476 538 497 494 472 513 481 488 466 504 506 464 497 512 497 524 543 530 515 501 522 472 481 486 498 499 523 524 491 479 436 501 492 486 484 480 432 437 463 494 514 510 510 530 475 473 478 495 498 506 504 522 532 516 531 517 503 502 497 506 491 482 456 482 526 575 526 467 500 512 482 475 501 503 510 476 478 461 474 481 471 449 463 479 446 449 504 505 473 501 509 472 513 529 526 511 496 501 481 488 496 474 495 500 496 514 545 565 558 503 490 502 491 469 493 513 509 502 525 533 537 534 501 489 493 512 507 502 492 454 445 503 504 504 469 487 488 456 467 500 476 518 559 542 526 486 496 493 499 484 479 499 465 481 487 477 484 496 500 517 495 476 495 494 493 483 449 472 458 456 508 494 503 510 461 436 485 487 471 471 434 470 483 509 499 526 539 525 508 484 484 463 471 457 443 490 490 488 507 477 467 480 499 459 490 474 474 499 493 475 456 433 467 454 488 462 481 503 514 499 501 524 534 492 499 518 512 540 518 535 546 506 477 453 477 499 510 487 473 462 456 490 456 447 479 511 529 500 488 481 494 519 519 501 494 482 471 466 481 489 497 500 456 449 477 456 476 478 484 489 464 490 480 517 523 522 497 468 476 451 476 479 505 542 533 526 502 522 547 527 552 528 541 543 525 493 508 480 521 510 490 475 425 432 455 482 520 494 487 452 465 502 527 525 513 488 486 476 490 502 474 466 463 475 467 499 483 465 499 521 578 530 492 498 504 511 501 520 527 534 529 520 508 547 507 483 477 465 469 459 482 473 490 516 527 519 481 461 442 489 507 548 510 506 522 551 519 461 471 443 476 468 477 464 434 448 455 453 477 504 508 524 485 523 522 479 488 501 492 473 474 483 463 439 484 449 472 499 523 514 465 435 451 470 463 440 443 425 430 504 497 486 491 487 466 449 490 450 441 491 470 442 467 484 468 454 441 454 517 554 555 538 554 518 526 508 500 530 523 508 510 534 541 530 524 521 519 495 482 518 526 497 483 482 485 502 482 517 526 539 528 504 
vem trace:

stid: 341
spdistance: 1017.34
radio trace:
465 470 479 510 498 512 509 488 502 516 506 508 479 504 465 482 479 508 527 535 512 486 518 529 534 528 495 509 502 483 475 488 479 483 506 478 445 501 503 497 501 505 499 491 532 534 489 454 479 528 521 525 508 476 496 513 505 477 510 531 541 493 441 466 475 471 419 431 481 479 455 500 498 511 516 525 517 481 474 468 489 523 471 481 507 525 526 490 473 498 520 513 492 491 451 463 469 504 541 531 532 525 539 511 505 488 516 541 498 464 471 477 494 485 502 496 457 483 530 557 530 524 527 524 486 455 454 472 471 516 530 529 522 509 485 503 509 474 449 509 563 529 499 510 495 448 452 458 491 507 496 512 493 478 493 518 509 508 523 537 496 459 484 475 489 474 477 512 476 456 455 471 501 486 458 425 449 465 475 486 435 433 488 508 503 524 508 464 450 499 488 484 467 484 471 417 460 448 471 474 465 512 536 525 523 468 473 490 504 483 473 451 438 480 491 522 523 497 496 501 467 462 471 471 511 481 491 490 469 477 503 537 522 519 545 489 483 491 484 500 503 501 503 486 514 496 508 456 445 474 477 493 480 478 473 515 502 488 513 533 505 491 506 533 528 548 563 498 453 485 518 536 491 487 467 467 444 427 437 494 505 504 522 474 500 523 526 519 518 515 506 497 495 474 454 442 486 450 479 472 465 482 526 533 511 461 476 538 497 494 472 513 481 488 466 504 506 464 497 512 497 524 543 530 515 501 522 472 481 486 498 499 523 524 491 479 436 501 492 486 484 480 432 437 463 494 514 510 510 530 475 473 478 495 498 506 504 522 532 516 531 517 503 502 497 506 491 482 456 482 526 575 526 467 500 512 482 475 501 503 510 476 478 461 474 481 471 449 463 479 446 449 504 505 473 501 509 472 513 529 526 511 496 501 481 488 496 474 495 500 496 514 545 565 558 503 490 502 491 469 493 513 509 502 525 533 537 534 501 489 493 512 507 502 492 454 445 503 504 504 469 487 488 456 467 500 476 518 559 542 526 486 496 493 499 484 479 499 465 481 487 477 484 496 500 517 495 476 495 494 493 483 449 472 458 456 508 494 503 510 461 436 485 487 471 471 434 470 483 509 499 526 539 525 508 484 484 463 471 457 443 490 490 488 507 477 467 480 499 459 490 474 474 499 493 475 456 433 467 454 488 462 481 503 514 499 501 524 534 492 499 518 512 540 518 535 546 506 477 453 477 499 510 487 473 462 456 490 456 447 479 511 529 500 488 481 494 519 519 501 494 482 471 466 481 489 497 500 456 449 477 456 476 478 484 489 464 490 480 517 523 522 497 468 476 451 476 479 505 542 533 526 502 522 547 527 552 528 541 543 525 493 508 480 521 510 490 475 425 432 455 482 520 494 487 452 465 502 527 525 513 488 486 476 490 502 474 466 463 475 467 499 483 465 499 521 578 530 492 498 504 511 501 520 527 534 529 520 508 547 507 483 477 465 469 459 482 473 490 516 527 519 481 461 442 489 507 548 510 506 522 551 519 461 471 443 476 468 477 464 434 448 455 453 477 504 508 524 485 523 522 479 488 501 492 473 474 483 463 439 484 449 472 499 523 514 465 435 451 470 463 440 443 425 430 504 497 486 491 487 466 449 490 450 441 491 470 442 467 484 468 454 441 454 517 554 555 538 554 518 526 508 500 530 523 508 510 534 541 530 524 521 519 495 482 518 526 497 483 482 485 502 482 517 526 539 528 504 
vem trace:

stid: 332
spdistance: 1262.64
radio trace:
525 520 556 520 525 482 505 528 544 551 554 554 528 504 486 503 488 496 514 513 487 519 541 519 496 500 503 511 494 507 513 527 527 563 559 543 564 570 562 565 566 531 524 523 542 582 556 514 528 527 578 536 563 507 548 558 549 543 536 524 519 557 514 518 522 558 578 577 557 503 575 572 543 560 571 569 544 508 520 508 497 480 510 518 518 537 549 567 535 501 474 488 528 527 531 546 543 556 534 550 565 543 531 545 547 536 504 554 563 559 536 519 519 544 517 508 518 547 548 545 519 500 554 575 569 550 545 534 568 595 593 527 506 554 602 592 578 539 529 533 534 552 523 518 531 540 542 511 546 558 560 553 573 531 535 537 506 537 559 563 537 543 577 564 546 494 481 531 545 576 596 614 610 581 565 532 512 551 550 539 560 528 560 570 558 560 527 541 566 542 517 549 581 560 534 520 461 514 510 523 548 549 549 551 549 573 548 539 533 532 561 552 527 541 524 542 543 570 561 533 535 530 522 508 571 601 548 515 526 533 572 531 510 531 528 540 527 533 559 540 576 563 559 560 580 571 560 534 518 508 531 516 493 527 537 523 528 545 513 510 533 512 537 578 548 552 542 537 553 568 577 569 564 580 573 575 537 529 528 537 510 493 485 517 537 541 522 540 534 515 529 557 558 510 559 556 531 517 518 525 550 542 549 559 524 497 527 576 548 510 531 507 510 507 544 542 569 602 582 577 581 583 561 570 578 582 591 590 569 582 593 588 547 478 473 519 572 579 571 539 549 536 544 531 501 530 557 524 529 530 548 559 567 544 563 549 552 556 529 562 565 526 535 551 555 608 601 567 574 601 564 566 587 602 586 542 534 561 561 564 540 518 570 557 534 531 523 527 524 523 513 532 535 511 469 482 510 527 527 523 526 494 492 516 557 565 571 553 525 475 519 536 550 573 524 551 530 537 541 563 552 528 539 548 501 491 507 485 528 542 515 524 537 527 531 518 545 571 548 564 546 517 496 493 512 554 542 522 507 553 540 575 540 528 508 539 532 515 523 526 551 497 506 537 529 542 509 532 564 541 515 518 538 602 591 563 519 549 557 512 525 510 487 510 482 498 534 549 535 544 530 557 561 528 488 515 528 531 544 555 526 526 530 537 521 483 520 560 544 506 537 524 499 534 551 536 545 537 538 530 546 576 555 538 505 502 527 561 534 542 529 545 563 576 597 586 548 573 536 534 514 539 511 559 579 560 545 550 539 540 524 528 535 515 529 539 556 537 530 505 519 524 521 509 491 530 538 511 523 541 547 561 503 508 525 546 543 490 532 543 537 561 553 571 590 562 556 553 540 532 549 529 532 548 552 554 557 544 559 556 556 560 508 512 534 546 533 551 515 528 550 544 527 518 561 580 559 570 566 558 540 527 525 528 559 545 553 550 570 560 553 554 562 564 554 562 582 573 565 521 530 562 564 546 537 556 535 534 488 518 536 537 542 536 540 531 534 564 577 572 582 590 579 559 543 535 541 551 525 519 524 558 565 575 580 577 569 578 586 572 564 540 550 550 558 578 599 554 530 531 503 505 539 553 517 496 505 529 556 566 553 529 500 491 519 531 535 528 509 512 534 548 537 536 503 531 529 512 522 547 561 564 569 560 590 597 545 532 528 513 532 534 560 538 499 534 528 545 549 540 562 547 525 521 574 566 541 523 549 529 481 491 544 540 546 550 524 543 559 557 571 549 584 581 531 541 515 511 
vem trace:

