SDId: 34797094
energy: 7.71344e+17
zenith: 0.686812
azimuth: 4.65432
GPSSeconc: 1127064317
stid: 341
spdistance: 636.959
radio trace:
581 576 568 597 610 607 589 557 563 575 570 533 498 484 526 561 568 604 576 552 558 582 546 566 542 537 562 515 515 504 509 541 547 513 552 532 508 502 523 499 523 545 601 553 529 540 551 577 583 559 576 606 604 561 531 546 523 552 557 549 569 560 557 565 526 506 528 586 577 548 584 606 585 537 595 574 575 573 560 539 528 524 530 553 558 558 527 531 580 598 603 603 590 589 572 563 569 565 556 537 534 549 585 568 548 558 576 590 559 516 539 554 572 602 631 599 540 544 555 549 553 583 590 527 524 491 524 577 544 536 588 585 576 602 581 585 590 517 535 579 568 560 534 552 574 569 577 579 571 544 509 518 519 554 551 542 538 523 559 554 518 489 508 519 494 519 525 540 560 564 547 568 550 562 603 597 567 587 637 624 616 542 561 527 513 531 571 524 560 588 568 565 529 516 563 587 566 551 561 612 634 615 554 556 538 492 489 506 535 552 541 548 534 558 574 535 528 531 545 522 536 531 532 530 520 537 576 518 541 559 575 580 583 577 534 537 505 503 550 533 572 596 646 602 556 573 590 601 562 604 586 563 570 567 525 541 559 517 543 552 542 505 507 522 522 515 532 568 571 590 556 608 587 545 546 566 528 533 571 544 576 550 530 531 524 531 552 522 521 520 519 537 565 566 592 582 576 591 564 564 572 512 569 571 565 595 600 546 570 579 608 588 572 572 600 558 539 519 586 573 553 542 539 561 542 533 521 590 593 573 533 535 499 486 524 490 514 505 508 496 481 521 574 573 566 556 538 546 536 570 529 547 543 534 532 548 545 543 588 594 598 573 550 541 546 540 540 544 545 558 553 575 583 587 565 571 597 569 562 519 518 587 619 559 574 570 583 582 584 555 552 574 581 568 572 549 582 551 546 539 497 513 531 533 503 515 530 522 534 549 534 520 530 566 587 558 542 570 588 525 540 514 530 539 519 531 511 511 515 538 527 585 565 535 561 536 508 508 540 562 564 546 573 564 506 541 526 527 551 592 579 562 574 543 563 570 538 528 551 548 555 550 536 576 603 569 580 574 536 540 586 613 548 549 542 537 496 507 512 558 568 583 561 563 557 570 568 561 555 558 532 595 559 521 510 502 539 580 556 542 502 532 495 535 497 519 535 531 555 529 546 542 552 560 509 504 536 544 543 560 583 567 574 565 558 563 538 543 521 531 564 519 515 497 514 512 545 548 544 538 547 545 527 506 545 544 574 560 560 582 585 571 574 579 571 565 505 574 556 548 531 510 531 535 540 532 550 530 537 550 544 549 556 569 566 535 531 536 528 572 557 574 571 570 574 557 549 547 546 540 532 540 558 539 578 590 572 575 558 547 568 553 521 515 509 504 479 532 544 539 575 575 590 557 553 585 616 624 619 616 618 618 568 560 524 526 533 567 547 544 538 557 564 560 584 583 578 583 553 564 570 565 558 509 524 529 538 572 597 562 558 570 568 598 572 549 511 525 548 560 578 566 535 563 547 534 507 534 547 542 541 535 544 575 524 517 491 523 567 568 550 564 572 576 562 520 577 576 547 561 557 609 580 566 542 517 522 548 544 556 547 566 551 529 535 526 528 560 575 544 538 550 520 497 489 513 583 604 588 595 593 556 517 509 488 524 507 544 541 516 540 578 566 568 542 532 517 486 527 530 558 575 558 590 574 553 531 558 577 575 548 559 580 582 616 595 567 576 580 569 559 546 569 525 545 533 556 597 
vem trace:

stid: 341
spdistance: 636.959
radio trace:
581 576 568 597 610 607 589 557 563 575 570 533 498 484 526 561 568 604 576 552 558 582 546 566 542 537 562 515 515 504 509 541 547 513 552 532 508 502 523 499 523 545 601 553 529 540 551 577 583 559 576 606 604 561 531 546 523 552 557 549 569 560 557 565 526 506 528 586 577 548 584 606 585 537 595 574 575 573 560 539 528 524 530 553 558 558 527 531 580 598 603 603 590 589 572 563 569 565 556 537 534 549 585 568 548 558 576 590 559 516 539 554 572 602 631 599 540 544 555 549 553 583 590 527 524 491 524 577 544 536 588 585 576 602 581 585 590 517 535 579 568 560 534 552 574 569 577 579 571 544 509 518 519 554 551 542 538 523 559 554 518 489 508 519 494 519 525 540 560 564 547 568 550 562 603 597 567 587 637 624 616 542 561 527 513 531 571 524 560 588 568 565 529 516 563 587 566 551 561 612 634 615 554 556 538 492 489 506 535 552 541 548 534 558 574 535 528 531 545 522 536 531 532 530 520 537 576 518 541 559 575 580 583 577 534 537 505 503 550 533 572 596 646 602 556 573 590 601 562 604 586 563 570 567 525 541 559 517 543 552 542 505 507 522 522 515 532 568 571 590 556 608 587 545 546 566 528 533 571 544 576 550 530 531 524 531 552 522 521 520 519 537 565 566 592 582 576 591 564 564 572 512 569 571 565 595 600 546 570 579 608 588 572 572 600 558 539 519 586 573 553 542 539 561 542 533 521 590 593 573 533 535 499 486 524 490 514 505 508 496 481 521 574 573 566 556 538 546 536 570 529 547 543 534 532 548 545 543 588 594 598 573 550 541 546 540 540 544 545 558 553 575 583 587 565 571 597 569 562 519 518 587 619 559 574 570 583 582 584 555 552 574 581 568 572 549 582 551 546 539 497 513 531 533 503 515 530 522 534 549 534 520 530 566 587 558 542 570 588 525 540 514 530 539 519 531 511 511 515 538 527 585 565 535 561 536 508 508 540 562 564 546 573 564 506 541 526 527 551 592 579 562 574 543 563 570 538 528 551 548 555 550 536 576 603 569 580 574 536 540 586 613 548 549 542 537 496 507 512 558 568 583 561 563 557 570 568 561 555 558 532 595 559 521 510 502 539 580 556 542 502 532 495 535 497 519 535 531 555 529 546 542 552 560 509 504 536 544 543 560 583 567 574 565 558 563 538 543 521 531 564 519 515 497 514 512 545 548 544 538 547 545 527 506 545 544 574 560 560 582 585 571 574 579 571 565 505 574 556 548 531 510 531 535 540 532 550 530 537 550 544 549 556 569 566 535 531 536 528 572 557 574 571 570 574 557 549 547 546 540 532 540 558 539 578 590 572 575 558 547 568 553 521 515 509 504 479 532 544 539 575 575 590 557 553 585 616 624 619 616 618 618 568 560 524 526 533 567 547 544 538 557 564 560 584 583 578 583 553 564 570 565 558 509 524 529 538 572 597 562 558 570 568 598 572 549 511 525 548 560 578 566 535 563 547 534 507 534 547 542 541 535 544 575 524 517 491 523 567 568 550 564 572 576 562 520 577 576 547 561 557 609 580 566 542 517 522 548 544 556 547 566 551 529 535 526 528 560 575 544 538 550 520 497 489 513 583 604 588 595 593 556 517 509 488 524 507 544 541 516 540 578 566 568 542 532 517 486 527 530 558 575 558 590 574 553 531 558 577 575 548 559 580 582 616 595 567 576 580 569 559 546 569 525 545 533 556 597 
vem trace:

stid: 343
spdistance: 788.229
radio trace:
495 489 470 462 466 490 502 473 490 492 475 448 457 495 489 479 486 505 501 506 486 477 480 467 496 501 462 461 494 504 477 476 451 495 506 498 507 512 521 500 485 459 477 477 473 463 475 494 487 484 490 489 484 486 503 479 494 490 486 494 529 514 500 487 516 492 460 467 451 451 457 479 496 495 500 514 511 528 503 519 506 480 468 480 482 502 525 520 510 500 485 502 494 494 488 484 509 506 496 455 489 509 495 506 520 517 448 488 480 470 466 492 522 503 533 502 481 480 477 495 500 486 471 507 505 519 522 480 488 451 440 466 509 519 514 493 462 465 450 474 465 462 483 491 484 478 485 498 486 459 468 490 473 487 457 496 514 503 461 493 485 499 471 478 507 508 485 471 491 486 499 491 483 456 476 480 485 484 469 479 484 488 475 457 466 491 503 513 524 536 512 496 471 494 466 463 488 476 476 508 506 486 485 486 494 447 473 492 474 487 482 504 501 503 495 483 498 484 489 487 517 516 514 495 491 508 496 501 483 484 484 474 486 486 506 479 475 465 478 491 460 468 480 480 501 501 501 494 501 503 490 503 489 511 512 492 487 486 465 476 497 491 497 465 430 441 481 480 481 477 468 489 478 473 486 525 529 523 515 507 488 467 486 482 466 476 488 493 492 473 477 490 491 475 472 486 480 485 485 468 483 489 478 455 480 516 518 532 499 466 493 494 490 498 474 487 476 465 461 487 497 501 478 485 495 504 524 508 486 468 487 490 511 501 489 468 489 491 489 483 476 481 476 487 482 501 472 529 512 474 460 435 462 459 509 505 493 494 482 478 484 500 476 505 495 473 501 493 498 501 491 495 500 496 522 507 480 498 499 492 498 504 478 472 477 471 468 474 482 469 479 491 513 481 485 466 493 502 506 513 508 529 515 513 518 517 488 492 493 491 467 469 497 482 469 465 447 448 450 482 494 492 515 500 504 489 474 481 499 492 476 467 490 494 517 518 518 519 502 485 461 460 460 487 510 492 478 484 495 475 482 514 501 468 493 512 536 500 480 492 486 486 502 532 513 522 511 506 501 492 457 456 476 473 461 467 506 504 482 469 472 490 510 493 493 481 469 479 472 482 482 476 492 492 500 481 477 474 492 506 512 491 494 486 495 508 514 504 480 511 489 470 447 469 470 491 494 483 490 477 471 488 473 474 489 472 502 484 489 489 478 477 480 454 452 458 480 478 465 471 481 458 481 495 495 481 474 490 476 478 463 477 492 504 489 486 464 515 497 461 472 480 481 491 493 470 464 460 461 470 479 516 498 482 498 498 465 468 496 501 502 483 508 485 500 488 461 470 481 482 491 482 485 495 504 486 484 488 472 480 487 477 489 502 496 511 512 514 517 504 498 503 497 492 484 483 469 503 509 492 497 459 481 508 522 494 481 454 465 482 465 466 472 482 475 467 492 490 511 504 526 538 525 527 531 527 508 499 494 495 504 502 498 494 483 480 514 503 504 463 439 458 493 509 498 454 467 461 458 489 473 497 514 506 451 476 476 484 501 503 503 501 479 454 506 496 496 513 482 477 493 497 501 500 499 506 511 506 525 504 474 480 489 433 465 511 523 499 505 505 488 483 482 496 511 490 474 479 492 476 462 502 500 508 467 459 489 491 493 479 481 484 493 481 473 450 467 478 486 495 478 467 477 478 479 506 463 506 501 476 498 495 486 489 467 463 485 497 503 500 515 506 492 503 475 484 492 486 
vem trace:

