SDId: 34747460
energy: 6.96673e+17
zenith: 0.0696034
azimuth: 3.74039
GPSSeconc: 1126756327
stid: 343
spdistance: 717.939
radio trace:
450 448 457 461 431 416 413 437 421 397 394 427 436 436 433 432 419 430 469 446 456 451 461 457 457 467 477 481 489 482 476 486 452 436 435 461 456 451 440 435 435 432 434 425 391 418 427 455 441 474 476 456 431 450 459 447 453 458 476 463 465 445 454 476 478 477 497 489 465 484 451 420 468 451 415 417 429 440 434 438 468 478 455 467 450 454 441 420 442 432 424 425 414 417 432 421 397 406 436 442 463 443 475 463 426 439 459 462 447 428 441 432 468 469 452 447 444 461 432 425 437 446 421 437 443 461 474 456 439 417 417 406 431 438 437 452 443 420 400 408 428 471 440 448 450 431 429 447 441 443 439 430 456 445 440 440 467 461 449 455 469 453 466 486 478 466 456 476 464 410 428 441 403 417 422 467 471 455 431 442 441 435 413 421 412 418 438 440 434 447 439 456 470 466 431 437 431 438 469 470 477 485 463 430 440 434 464 462 470 428 406 444 451 440 432 463 458 438 441 472 449 458 455 460 466 448 477 469 493 479 473 463 468 459 452 395 410 428 459 469 460 455 431 413 423 453 467 438 453 443 428 427 460 440 454 449 446 444 462 464 445 472 465 463 436 447 482 457 444 464 443 450 428 446 431 452 438 448 454 439 462 454 452 448 463 470 449 446 422 409 410 444 460 427 440 471 466 457 457 474 493 486 472 462 460 455 458 473 474 494 501 460 463 453 458 457 458 475 465 450 466 450 470 448 460 482 462 467 434 442 431 413 428 461 460 467 455 461 450 450 453 452 453 448 424 422 416 402 392 426 439 470 461 449 421 438 431 431 434 442 441 411 409 452 447 438 427 442 445 440 433 423 419 440 471 408 411 423 413 436 419 425 412 437 409 424 440 451 403 422 421 412 433 430 467 479 446 441 411 393 408 459 446 449 472 470 454 460 466 469 471 480 472 442 475 448 459 471 472 454 420 425 436 453 471 476 461 431 436 457 435 469 456 434 437 448 463 427 438 423 458 454 484 473 480 472 431 410 424 447 457 488 445 440 422 437 453 439 456 464 487 479 494 484 471 498 504 482 479 498 470 453 456 449 454 438 471 459 477 499 494 463 441 448 435 422 441 449 446 458 450 450 435 440 448 455 473 468 469 443 431 445 446 438 426 448 481 446 429 451 459 459 441 464 484 476 463 439 457 457 458 461 456 453 452 439 466 464 459 456 445 457 466 461 435 432 449 439 392 420 437 442 445 436 468 468 429 444 462 479 476 448 441 443 474 475 477 484 473 486 497 475 468 457 466 459 460 487 461 460 482 458 460 433 436 417 460 439 457 475 453 427 431 430 438 431 455 490 478 456 422 446 461 473 425 441 453 457 471 436 423 409 431 462 488 473 463 474 457 444 453 460 432 457 457 469 466 470 492 467 432 428 446 476 463 451 432 461 474 456 476 455 452 442 428 425 446 456 456 424 434 465 479 453 444 441 465 454 431 437 464 448 454 438 430 430 454 447 469 445 446 431 433 457 420 446 428 423 442 458 462 475 461 477 494 473 482 473 470 462 450 422 432 428 451 450 429 441 472 452 489 468 452 425 427 435 455 441 448 446 423 370 418 451 464 468 453 451 452 466 441 438 414 391 422 478 456 441 457 469 435 409 431 422 444 467 456 449 440 426 404 447 466 459 477 486 449 433 442 435 475 463 451 442 440 452 479 461 430 425 439 428 468 467 461 448 479 440 459 457 489 436 433 436 418 419 426 440 
vem trace:

stid: 419
spdistance: 786.814
radio trace:
487 480 498 473 401 397 389 386 449 461 447 455 487 495 525 459 480 518 494 522 468 442 452 478 404 403 457 478 492 465 451 459 414 442 445 465 476 488 469 434 429 471 497 457 440 410 464 470 510 501 477 500 457 448 456 471 492 472 512 465 477 479 490 446 434 483 451 433 418 418 410 444 480 524 519 438 418 469 508 519 533 508 506 485 449 457 480 423 435 397 368 372 434 461 499 483 442 437 438 405 400 396 368 390 452 519 515 518 483 465 463 458 494 482 475 435 455 463 448 473 434 451 487 465 488 472 428 454 448 460 496 479 473 469 471 478 449 483 527 500 481 458 413 424 458 469 451 445 483 472 463 476 438 459 460 444 467 494 494 463 420 489 489 466 410 397 412 417 446 444 439 429 465 513 491 504 522 507 487 459 478 476 486 482 448 462 489 472 519 540 560 494 506 499 495 449 445 397 430 435 441 417 452 471 490 504 502 515 477 503 475 491 512 466 479 482 505 499 483 492 485 504 507 458 472 424 424 473 473 422 470 453 473 454 467 470 501 490 435 465 454 437 439 456 478 494 510 478 450 472 477 449 502 475 484 489 520 492 445 440 446 451 446 384 433 457 442 426 409 412 399 418 441 442 440 466 484 496 512 468 455 432 489 469 456 488 496 518 491 472 470 465 482 422 425 416 419 446 441 430 441 486 506 476 494 456 471 497 529 503 498 454 486 524 504 484 475 460 486 476 487 465 484 480 515 520 490 487 462 428 496 475 505 484 429 411 475 450 459 477 440 443 476 523 500 478 443 481 469 468 455 459 434 470 508 500 500 466 486 450 444 440 477 501 546 521 509 487 425 432 481 484 473 504 506 525 500 467 457 452 468 508 475 469 493 476 477 494 487 447 434 452 485 476 457 494 470 470 446 439 455 509 508 446 470 486 477 443 448 459 493 480 461 475 501 526 517 507 513 483 461 487 483 492 467 478 506 498 502 469 493 446 496 474 499 509 487 500 461 457 420 374 445 427 409 457 471 472 448 486 477 448 452 444 487 484 452 409 422 420 464 486 477 488 471 492 520 491 495 449 443 436 432 437 477 441 471 443 465 496 542 545 512 484 436 454 475 454 447 511 503 501 529 524 441 419 431 467 497 457 446 511 445 393 415 471 431 440 461 476 413 421 445 445 444 483 515 519 491 485 475 428 462 451 470 497 450 467 450 460 429 422 440 460 465 520 510 487 491 502 496 511 517 504 467 474 493 472 425 456 534 471 428 444 481 486 501 498 500 483 474 481 440 465 434 488 463 432 455 459 435 389 436 406 431 496 476 473 472 471 499 451 471 487 494 503 464 522 532 499 467 475 544 492 496 461 470 478 532 505 492 471 453 470 434 452 494 503 521 504 516 503 472 458 464 507 496 495 464 475 508 537 477 405 419 423 426 436 417 414 427 463 446 456 474 477 483 484 494 495 460 488 465 433 452 511 484 508 504 521 508 505 496 512 441 432 447 403 399 437 454 423 421 416 446 431 456 440 447 441 451 466 459 487 471 506 512 554 564 509 468 463 462 393 482 496 455 435 405 427 442 428 419 472 455 448 483 518 510 497 463 444 492 533 501 509 441 437 436 459 501 451 425 438 466 492 487 479 471 479 482 495 483 484 484 510 523 512 533 539 505 475 474 464 517 504 530 510 543 501 470 449 468 485 494 499 440 449 476 486 533 539 512 470 472 510 501 493 461 508 533 484 443 427 420 424 414 369 
vem trace:

