SDId: 34541351
energy: 8.62442e+17
zenith: 0.793676
azimuth: 0.199931
GPSSeconc: 1125498594
stid: 341
spdistance: 812.677
radio trace:
479 492 461 492 529 509 561 589 550 493 515 541 514 510 554 568 524 551 553 525 547 539 536 569 567 550 581 531 517 467 491 499 489 473 523 555 523 523 497 556 541 540 533 533 544 523 550 550 565 507 557 527 547 504 483 516 500 487 526 539 511 516 497 466 495 505 506 487 519 557 523 501 508 536 525 481 492 542 524 465 474 461 513 541 569 544 521 467 479 521 501 500 561 547 520 507 505 516 521 541 567 558 542 499 518 536 534 523 467 467 485 515 480 505 541 522 535 554 556 544 543 532 546 505 525 550 541 534 531 517 483 483 506 565 557 552 543 548 570 524 503 523 559 549 524 497 535 538 507 487 505 541 539 511 526 496 509 495 483 485 503 534 520 481 481 482 481 495 521 517 576 597 583 573 539 546 525 491 483 499 502 498 479 504 482 529 506 468 503 504 532 526 528 528 509 525 572 549 495 511 529 512 538 487 470 466 513 533 537 544 559 576 555 522 558 570 541 505 531 539 527 523 494 497 527 510 535 510 500 503 472 493 543 547 531 514 523 535 524 511 541 515 497 503 534 553 556 533 545 536 535 556 558 540 520 562 569 565 570 570 530 545 544 528 534 519 504 501 521 515 504 510 487 530 550 577 549 537 569 572 533 519 519 513 553 521 501 488 518 513 513 531 549 515 489 499 542 527 543 555 558 544 550 557 569 576 554 508 494 473 494 481 505 513 538 570 527 519 521 516 521 556 545 527 518 542 551 516 533 497 490 526 528 500 499 520 517 509 525 531 544 527 537 531 557 585 538 539 566 546 545 493 456 490 536 550 551 506 517 517 485 511 513 499 513 495 517 522 565 564 530 479 544 579 553 559 573 572 605 577 583 561 531 507 471 491 498 478 455 447 509 561 515 497 491 512 518 505 489 508 518 526 523 524 520 547 518 514 534 549 512 498 535 508 505 555 553 567 507 496 519 546 510 504 503 513 540 538 526 509 509 513 503 513 511 517 520 514 506 545 538 502 503 554 552 541 536 531 539 544 549 530 538 545 519 508 512 547 567 517 539 522 540 527 537 495 491 499 498 487 523 528 521 526 534 524 507 505 504 534 527 542 523 543 527 514 484 497 530 511 520 531 541 536 550 541 515 520 510 536 544 585 555 488 485 470 476 483 449 488 541 557 574 559 533 562 588 552 518 547 500 496 488 514 549 544 572 527 512 521 499 472 543 552 540 529 530 553 552 551 522 495 490 502 512 488 506 508 505 555 527 514 514 545 535 552 508 526 533 544 558 528 497 500 494 528 563 556 522 509 496 534 511 516 565 530 524 513 498 515 516 520 523 514 524 534 534 557 533 533 542 524 544 525 549 559 552 557 491 494 460 491 530 526 517 535 562 587 581 596 579 566 552 544 541 549 514 512 516 497 499 453 474 509 536 497 545 532 561 568 509 494 487 503 531 585 530 557 598 580 560 543 580 556 539 513 565 533 522 549 535 559 533 515 526 521 514 490 467 488 493 529 528 546 539 554 519 505 527 529 511 541 566 523 526 536 530 533 548 543 507 510 500 488 505 518 508 536 573 575 558 530 517 522 493 472 507 488 506 497 512 551 547 551 547 505 495 495 484 461 525 537 546 503 514 537 509 527 510 529 524 551 550 533 499 546 512 499 511 489 499 502 522 503 491 480 539 535 534 532 546 535 524 507 530 518 521 544 522 494 513 516 519 526 509 517 529 541 535 576 508 510 549 556 549 525 550 572 
vem trace:

stid: 341
spdistance: 812.677
radio trace:
479 492 461 492 529 509 561 589 550 493 515 541 514 510 554 568 524 551 553 525 547 539 536 569 567 550 581 531 517 467 491 499 489 473 523 555 523 523 497 556 541 540 533 533 544 523 550 550 565 507 557 527 547 504 483 516 500 487 526 539 511 516 497 466 495 505 506 487 519 557 523 501 508 536 525 481 492 542 524 465 474 461 513 541 569 544 521 467 479 521 501 500 561 547 520 507 505 516 521 541 567 558 542 499 518 536 534 523 467 467 485 515 480 505 541 522 535 554 556 544 543 532 546 505 525 550 541 534 531 517 483 483 506 565 557 552 543 548 570 524 503 523 559 549 524 497 535 538 507 487 505 541 539 511 526 496 509 495 483 485 503 534 520 481 481 482 481 495 521 517 576 597 583 573 539 546 525 491 483 499 502 498 479 504 482 529 506 468 503 504 532 526 528 528 509 525 572 549 495 511 529 512 538 487 470 466 513 533 537 544 559 576 555 522 558 570 541 505 531 539 527 523 494 497 527 510 535 510 500 503 472 493 543 547 531 514 523 535 524 511 541 515 497 503 534 553 556 533 545 536 535 556 558 540 520 562 569 565 570 570 530 545 544 528 534 519 504 501 521 515 504 510 487 530 550 577 549 537 569 572 533 519 519 513 553 521 501 488 518 513 513 531 549 515 489 499 542 527 543 555 558 544 550 557 569 576 554 508 494 473 494 481 505 513 538 570 527 519 521 516 521 556 545 527 518 542 551 516 533 497 490 526 528 500 499 520 517 509 525 531 544 527 537 531 557 585 538 539 566 546 545 493 456 490 536 550 551 506 517 517 485 511 513 499 513 495 517 522 565 564 530 479 544 579 553 559 573 572 605 577 583 561 531 507 471 491 498 478 455 447 509 561 515 497 491 512 518 505 489 508 518 526 523 524 520 547 518 514 534 549 512 498 535 508 505 555 553 567 507 496 519 546 510 504 503 513 540 538 526 509 509 513 503 513 511 517 520 514 506 545 538 502 503 554 552 541 536 531 539 544 549 530 538 545 519 508 512 547 567 517 539 522 540 527 537 495 491 499 498 487 523 528 521 526 534 524 507 505 504 534 527 542 523 543 527 514 484 497 530 511 520 531 541 536 550 541 515 520 510 536 544 585 555 488 485 470 476 483 449 488 541 557 574 559 533 562 588 552 518 547 500 496 488 514 549 544 572 527 512 521 499 472 543 552 540 529 530 553 552 551 522 495 490 502 512 488 506 508 505 555 527 514 514 545 535 552 508 526 533 544 558 528 497 500 494 528 563 556 522 509 496 534 511 516 565 530 524 513 498 515 516 520 523 514 524 534 534 557 533 533 542 524 544 525 549 559 552 557 491 494 460 491 530 526 517 535 562 587 581 596 579 566 552 544 541 549 514 512 516 497 499 453 474 509 536 497 545 532 561 568 509 494 487 503 531 585 530 557 598 580 560 543 580 556 539 513 565 533 522 549 535 559 533 515 526 521 514 490 467 488 493 529 528 546 539 554 519 505 527 529 511 541 566 523 526 536 530 533 548 543 507 510 500 488 505 518 508 536 573 575 558 530 517 522 493 472 507 488 506 497 512 551 547 551 547 505 495 495 484 461 525 537 546 503 514 537 509 527 510 529 524 551 550 533 499 546 512 499 511 489 499 502 522 503 491 480 539 535 534 532 546 535 524 507 530 518 521 544 522 494 513 516 519 526 509 517 529 541 535 576 508 510 549 556 549 525 550 572 
vem trace:

stid: 332
spdistance: 1262.25
radio trace:
494 519 525 533 520 545 567 554 578 586 547 539 566 536 559 588 609 556 569 566 569 546 552 535 551 558 558 580 590 575 552 572 576 577 578 592 574 576 570 602 583 567 558 540 562 561 543 570 572 570 548 573 536 549 554 576 582 566 571 527 520 550 569 551 537 556 545 566 554 549 559 527 522 509 503 528 532 571 565 547 539 536 530 574 551 528 537 509 524 516 532 502 505 506 540 567 554 525 542 589 548 536 495 510 543 559 569 555 567 558 555 542 532 494 517 494 479 522 540 558 568 547 547 550 538 517 488 495 493 496 532 525 524 527 516 519 499 488 493 567 594 575 549 559 542 557 559 554 534 532 497 506 545 571 537 514 544 571 543 548 575 560 543 568 554 546 553 560 551 536 603 553 528 552 540 545 545 542 542 520 513 543 536 517 503 534 541 523 549 512 533 544 540 513 529 538 513 514 536 532 564 584 589 562 541 552 520 538 510 512 500 505 541 547 560 556 581 582 599 585 562 553 516 524 523 553 541 536 518 506 523 534 556 573 593 587 564 567 521 552 523 537 526 549 572 534 533 584 577 557 558 496 490 492 500 496 522 527 484 525 531 541 581 565 575 537 547 535 543 541 528 561 567 533 540 563 549 545 554 565 581 565 562 554 549 534 513 511 520 546 526 518 496 491 503 501 523 550 548 519 539 532 502 500 483 523 510 511 512 521 507 509 510 556 559 527 537 562 533 533 547 544 561 555 536 514 510 519 548 572 536 566 541 527 529 516 499 523 516 522 573 578 521 520 531 555 517 528 563 562 562 562 536 560 531 543 530 522 568 592 581 563 538 547 558 554 541 521 485 515 528 581 522 549 579 548 532 527 517 550 557 536 529 524 513 532 506 514 543 571 544 518 528 524 541 550 565 541 530 539 507 530 537 541 518 498 508 532 558 541 556 556 540 574 588 581 573 550 581 601 574 551 562 540 516 523 535 522 522 516 531 554 573 591 569 578 591 563 532 523 551 566 578 529 502 522 512 506 501 517 515 510 516 519 533 548 544 568 584 597 567 569 577 545 554 515 526 542 520 540 529 569 572 539 537 549 535 509 540 534 528 555 528 530 543 555 527 568 547 529 506 520 551 535 534 495 512 494 523 517 506 514 549 556 585 552 489 500 512 506 522 547 509 515 524 513 537 584 585 581 588 549 548 568 547 572 581 562 569 573 558 587 547 565 555 567 544 528 542 570 531 538 520 532 534 546 561 575 545 546 506 516 545 550 520 529 514 527 490 483 515 521 543 521 528 533 556 572 510 532 527 503 506 512 512 530 525 520 531 546 564 569 581 556 564 523 488 475 469 508 527 505 486 510 494 486 460 511 539 520 514 520 519 510 530 535 516 517 512 488 513 523 487 510 528 523 483 470 510 545 589 600 549 523 514 539 558 558 521 556 573 570 581 527 492 517 530 531 519 545 549 581 565 562 567 574 522 491 488 501 538 535 504 533 546 523 533 546 526 558 564 545 514 535 545 506 507 506 528 552 504 517 480 518 551 554 538 539 546 538 551 577 521 515 531 522 516 533 533 516 541 553 560 504 522 546 572 527 514 508 493 527 559 568 542 526 536 547 544 542 541 542 540 497 490 535 547 538 575 559 588 573 548 504 559 579 570 554 564 558 525 542 544 522 524 557 548 506 548 566 571 585 594 561 546 529 544 546 566 561 577 566 536 533 567 574 549 501 502 481 500 490 487 509 519 536 560 575 
vem trace:

