SDId: 34573561
energy: 5.97734e+17
zenith: 0.277226
azimuth: 5.07633
GPSSeconc: 1125844396
stid: 342
spdistance: 574.215
radio trace:
419 413 385 415 426 419 422 422 422 436 462 483 486 467 452 454 442 440 424 400 416 433 430 426 411 389 411 398 401 437 422 410 410 419 426 417 446 463 434 432 419 433 426 456 445 421 389 382 415 433 449 439 421 400 401 376 405 413 424 415 406 427 385 385 418 395 404 426 440 426 407 424 421 397 389 399 435 454 421 421 407 415 446 445 439 431 440 445 436 418 406 435 433 445 428 393 403 423 397 385 398 395 414 438 440 420 420 421 440 432 420 410 428 425 460 469 432 425 434 437 377 397 387 397 417 429 384 413 427 438 445 425 427 437 428 423 402 417 422 413 419 419 401 400 394 392 410 402 408 413 402 403 378 397 426 412 425 450 420 401 415 394 418 406 393 415 413 401 449 416 410 410 414 442 433 396 413 413 412 403 415 431 449 416 423 442 389 375 387 400 363 400 413 375 429 425 421 413 399 439 451 440 431 427 418 419 414 416 415 424 418 391 391 395 403 409 440 445 425 437 426 425 429 419 430 466 433 445 466 444 434 426 404 392 372 392 370 385 399 419 457 416 402 407 399 419 422 401 386 399 419 434 437 423 433 445 425 424 410 392 405 385 363 363 385 397 413 418 419 407 414 418 446 440 455 426 417 455 425 442 446 453 452 425 385 356 371 394 381 430 438 418 418 417 433 461 436 442 449 453 461 440 410 418 409 394 417 420 445 425 431 452 430 415 398 440 441 415 413 424 417 425 443 454 429 413 410 403 401 400 381 374 404 440 446 445 431 406 420 395 410 406 372 406 435 413 413 422 411 394 383 418 434 433 431 427 415 409 391 404 400 418 376 381 411 428 439 450 413 415 438 438 453 449 441 452 453 456 418 428 417 429 415 407 417 426 422 414 425 436 444 427 451 444 410 393 418 426 431 447 451 431 411 396 388 363 373 416 421 367 375 379 382 417 407 417 408 403 414 408 448 444 420 411 436 454 442 426 420 399 414 407 412 403 403 440 431 411 435 427 438 401 374 420 408 429 442 432 434 447 441 410 398 417 428 421 457 459 449 459 432 427 419 432 427 450 435 412 383 378 425 433 431 435 427 422 437 432 441 445 469 450 455 450 428 409 362 412 408 403 394 403 457 450 409 385 412 441 473 440 426 433 408 395 427 427 434 434 414 416 412 414 428 398 402 415 403 390 395 409 427 457 414 358 394 408 405 442 425 439 430 428 429 427 430 416 415 392 397 402 402 428 425 410 413 395 420 406 426 430 422 420 404 405 426 425 436 456 415 377 406 407 409 431 408 435 429 433 449 451 439 441 422 414 393 400 428 431 445 454 435 410 405 420 414 434 438 436 436 399 422 406 407 424 446 440 404 437 436 421 422 419 444 450 429 443 436 455 411 387 407 416 438 416 406 442 431 403 398 412 409 407 402 405 404 434 435 423 422 416 434 411 413 434 415 421 416 430 385 355 385 419 402 428 407 419 427 440 465 446 439 447 432 404 413 420 413 424 433 433 428 408 409 413 432 444 444 436 422 426 434 439 449 458 431 429 421 420 434 399 417 404 387 406 431 410 420 428 403 413 405 392 390 410 415 415 430 408 414 412 440 443 453 435 424 416 441 441 415 395 401 398 386 390 407 437 425 416 416 417 391 404 430 447 460 393 372 373 398 408 403 402 427 432 380 414 411 412 433 431 416 408 438 432 433 452 443 452 438 446 462 459 437 434 450 467 438 416 392 398 420 451 445 448 446 446 451 405 
vem trace:

stid: 419
spdistance: 1021.8
radio trace:
464 401 429 425 400 443 476 484 474 458 446 464 479 467 495 487 454 449 469 492 463 434 448 446 447 424 417 393 453 457 440 442 465 460 437 440 387 415 443 531 506 461 462 429 422 385 411 425 422 437 397 400 423 449 503 480 504 426 469 407 417 438 442 412 437 428 456 433 427 466 437 450 441 434 470 467 466 453 440 452 401 440 416 448 393 408 446 475 428 401 426 438 421 457 481 470 450 456 447 446 439 428 427 449 424 408 429 457 420 474 483 442 429 437 448 429 446 435 423 428 432 424 452 467 462 443 435 450 452 462 435 455 442 453 422 365 402 433 474 473 494 494 477 465 425 472 471 490 500 482 477 486 465 430 433 477 478 456 434 468 448 486 488 450 497 484 446 435 414 411 462 478 458 428 383 356 385 415 407 452 441 419 418 430 451 468 458 368 421 433 455 487 479 474 450 472 460 446 476 494 517 484 505 492 497 503 468 455 471 442 452 469 450 490 509 515 494 470 460 463 434 459 430 408 433 472 493 484 442 456 464 479 456 433 416 432 382 387 435 456 438 432 384 439 453 485 460 441 470 449 424 466 482 449 445 430 484 477 471 515 472 485 451 421 448 486 458 423 460 452 437 423 419 445 451 465 462 500 478 460 474 471 426 409 449 502 488 422 415 419 421 462 474 454 455 460 410 409 432 489 457 458 381 401 440 435 411 484 488 488 482 455 448 467 480 505 492 453 456 442 432 445 465 457 445 493 474 471 515 468 443 436 463 462 399 414 463 486 511 511 489 494 456 490 493 494 475 468 487 473 469 469 482 428 414 439 448 408 386 369 456 492 488 506 446 419 445 459 486 469 424 467 465 440 462 466 460 492 450 423 432 445 443 489 468 443 488 476 408 458 480 496 504 492 509 476 489 498 498 462 450 432 458 440 442 443 432 523 500 494 495 466 466 448 441 459 451 439 421 433 463 409 428 426 446 444 434 455 421 417 441 445 449 464 393 399 404 432 472 448 443 450 492 511 471 471 481 464 446 457 462 440 480 420 434 494 486 464 474 460 479 429 447 436 468 475 434 454 478 461 437 374 380 418 397 405 428 378 396 428 422 439 399 438 417 437 423 461 467 470 482 507 495 491 479 431 467 451 404 400 445 410 397 414 427 465 502 429 441 468 430 445 456 458 402 423 423 439 497 485 482 463 452 442 435 453 431 416 454 446 420 421 427 457 454 493 499 482 427 455 460 449 452 404 391 423 480 455 466 449 460 476 432 427 454 483 477 441 421 455 430 465 459 457 479 458 482 472 422 452 481 479 510 509 514 530 474 455 456 454 447 459 456 412 418 409 437 448 419 413 426 437 477 485 481 451 442 418 412 401 446 455 432 421 425 430 407 444 455 401 447 449 431 430 461 495 452 446 441 437 480 491 425 420 496 412 430 423 440 460 437 439 409 359 387 453 442 425 431 420 475 491 464 429 475 496 514 521 515 470 473 464 491 510 500 488 416 406 409 406 400 404 431 479 492 500 502 431 422 454 496 474 487 479 481 460 434 421 397 380 436 430 446 483 441 455 464 433 442 497 456 425 391 383 377 418 441 440 492 495 501 455 468 468 464 461 458 465 482 462 497 429 387 423 427 397 445 470 486 484 460 466 465 439 435 359 373 428 478 499 475 482 423 395 419 473 492 494 458 445 470 496 493 455 449 481 456 417 430 444 457 481 492 479 486 470 445 384 440 409 413 396 422 375 416 408 436 401 
vem trace:

