SDId: 34852477
energy: 4.48558e+17
zenith: 0.739046
azimuth: 3.79496
GPSSeconc: 1127418299
stid: 341
spdistance: 6281.52
radio trace:
531 523 530 549 546 510 501 529 527 527 550 522 512 537 489 500 510 533 530 523 538 509 525 510 515 522 525 513 499 532 532 511 490 476 478 471 470 491 571 570 581 579 535 568 582 580 579 575 585 558 566 535 527 520 531 547 524 498 515 548 544 560 539 566 540 553 547 592 585 603 549 538 547 522 493 528 527 540 530 505 489 537 541 538 567 597 554 528 517 531 514 555 545 595 594 520 474 514 525 547 557 574 531 530 545 506 553 562 580 546 542 543 517 498 510 550 570 567 555 535 543 542 537 514 505 543 556 527 505 531 564 518 556 510 545 564 516 551 517 533 555 546 526 535 546 555 553 542 535 513 533 551 508 501 486 517 541 532 530 544 531 527 518 515 534 514 506 517 514 540 518 548 533 539 550 547 526 532 545 564 514 503 551 572 552 553 542 538 572 584 562 571 575 570 558 517 533 541 562 603 571 532 571 522 470 482 496 545 509 474 471 503 536 582 535 537 546 537 522 507 497 534 574 585 579 586 550 528 541 570 531 551 541 526 523 509 498 511 499 550 536 542 576 557 520 522 541 559 549 555 506 511 489 505 546 540 511 526 539 559 544 547 550 580 550 539 547 550 561 579 541 499 488 473 509 529 539 512 524 530 529 495 461 506 501 517 544 520 509 467 494 532 594 562 544 508 521 553 532 552 529 570 515 438 491 517 520 533 540 508 492 531 535 514 533 514 539 588 552 539 530 555 550 546 572 575 574 537 558 570 569 533 553 552 555 568 535 514 491 483 516 513 554 564 583 592 575 568 570 558 574 580 551 546 545 529 561 590 568 572 570 572 572 587 602 538 547 528 569 549 574 549 557 604 592 562 513 501 516 579 555 490 500 497 507 534 556 534 543 528 542 511 549 545 587 613 572 591 574 550 559 527 536 547 536 570 541 525 488 473 530 570 537 521 509 509 588 560 547 538 504 526 547 546 519 510 532 539 517 497 505 501 532 584 575 572 578 561 573 553 579 601 600 548 503 518 503 518 521 586 539 571 573 567 557 550 525 548 606 575 601 605 600 597 560 555 557 544 565 566 574 553 578 561 554 528 535 551 563 555 526 556 559 555 563 519 541 520 540 592 532 554 539 528 552 529 500 522 498 488 535 552 587 564 586 560 522 550 560 539 539 578 558 572 521 503 460 461 477 470 463 521 514 526 536 550 517 541 511 511 504 577 570 598 567 542 555 537 528 545 549 514 538 560 526 549 538 511 550 590 546 522 507 494 521 552 506 484 512 502 509 518 512 509 513 524 548 551 536 507 505 512 480 519 509 522 561 546 522 495 556 547 513 540 519 532 561 563 507 502 476 497 503 511 516 515 505 504 503 528 550 547 522 550 587 572 570 602 612 609 601 547 551 537 529 493 520 503 508 518 484 502 493 533 520 477 481 529 543 544 546 527 536 523 521 545 528 461 487 535 524 486 476 562 549 544 526 556 551 561 550 557 543 573 556 555 534 534 544 562 548 520 550 540 529 568 544 553 536 488 517 519 568 551 543 511 546 532 528 533 510 530 521 541 532 532 530 518 503 500 506 514 490 499 505 513 571 556 544 565 537 573 582 592 576 527 512 541 557 580 571 568 541 484 470 518 541 543 521 483 501 511 549 536 515 535 545 499 491 462 475 512 549 585 533 501 498 518 529 525 518 511 517 530 514 497 528 554 525 527 541 537 557 600 575 634 610 617 645 615 572 499 503 518 512 509 528 523 
vem trace:

stid: 341
spdistance: 6281.52
radio trace:
531 523 530 549 546 510 501 529 527 527 550 522 512 537 489 500 510 533 530 523 538 509 525 510 515 522 525 513 499 532 532 511 490 476 478 471 470 491 571 570 581 579 535 568 582 580 579 575 585 558 566 535 527 520 531 547 524 498 515 548 544 560 539 566 540 553 547 592 585 603 549 538 547 522 493 528 527 540 530 505 489 537 541 538 567 597 554 528 517 531 514 555 545 595 594 520 474 514 525 547 557 574 531 530 545 506 553 562 580 546 542 543 517 498 510 550 570 567 555 535 543 542 537 514 505 543 556 527 505 531 564 518 556 510 545 564 516 551 517 533 555 546 526 535 546 555 553 542 535 513 533 551 508 501 486 517 541 532 530 544 531 527 518 515 534 514 506 517 514 540 518 548 533 539 550 547 526 532 545 564 514 503 551 572 552 553 542 538 572 584 562 571 575 570 558 517 533 541 562 603 571 532 571 522 470 482 496 545 509 474 471 503 536 582 535 537 546 537 522 507 497 534 574 585 579 586 550 528 541 570 531 551 541 526 523 509 498 511 499 550 536 542 576 557 520 522 541 559 549 555 506 511 489 505 546 540 511 526 539 559 544 547 550 580 550 539 547 550 561 579 541 499 488 473 509 529 539 512 524 530 529 495 461 506 501 517 544 520 509 467 494 532 594 562 544 508 521 553 532 552 529 570 515 438 491 517 520 533 540 508 492 531 535 514 533 514 539 588 552 539 530 555 550 546 572 575 574 537 558 570 569 533 553 552 555 568 535 514 491 483 516 513 554 564 583 592 575 568 570 558 574 580 551 546 545 529 561 590 568 572 570 572 572 587 602 538 547 528 569 549 574 549 557 604 592 562 513 501 516 579 555 490 500 497 507 534 556 534 543 528 542 511 549 545 587 613 572 591 574 550 559 527 536 547 536 570 541 525 488 473 530 570 537 521 509 509 588 560 547 538 504 526 547 546 519 510 532 539 517 497 505 501 532 584 575 572 578 561 573 553 579 601 600 548 503 518 503 518 521 586 539 571 573 567 557 550 525 548 606 575 601 605 600 597 560 555 557 544 565 566 574 553 578 561 554 528 535 551 563 555 526 556 559 555 563 519 541 520 540 592 532 554 539 528 552 529 500 522 498 488 535 552 587 564 586 560 522 550 560 539 539 578 558 572 521 503 460 461 477 470 463 521 514 526 536 550 517 541 511 511 504 577 570 598 567 542 555 537 528 545 549 514 538 560 526 549 538 511 550 590 546 522 507 494 521 552 506 484 512 502 509 518 512 509 513 524 548 551 536 507 505 512 480 519 509 522 561 546 522 495 556 547 513 540 519 532 561 563 507 502 476 497 503 511 516 515 505 504 503 528 550 547 522 550 587 572 570 602 612 609 601 547 551 537 529 493 520 503 508 518 484 502 493 533 520 477 481 529 543 544 546 527 536 523 521 545 528 461 487 535 524 486 476 562 549 544 526 556 551 561 550 557 543 573 556 555 534 534 544 562 548 520 550 540 529 568 544 553 536 488 517 519 568 551 543 511 546 532 528 533 510 530 521 541 532 532 530 518 503 500 506 514 490 499 505 513 571 556 544 565 537 573 582 592 576 527 512 541 557 580 571 568 541 484 470 518 541 543 521 483 501 511 549 536 515 535 545 499 491 462 475 512 549 585 533 501 498 518 529 525 518 511 517 530 514 497 528 554 525 527 541 537 557 600 575 634 610 617 645 615 572 499 503 518 512 509 528 523 
vem trace:

