SDId: 34626522
energy: 2.46163e+17
zenith: 0.500112
azimuth: 1.80522
GPSSeconc: 1126121153
stid: 333
spdistance: 676.535
radio trace:
441 428 463 498 481 477 477 483 459 440 444 467 488 500 515 540 497 487 505 506 494 484 497 469 453 444 479 457 478 501 503 500 557 533 492 504 499 489 504 492 452 456 480 459 460 464 490 482 474 463 471 481 472 459 481 463 516 519 488 472 433 459 468 493 492 516 486 532 459 488 502 503 483 479 467 489 502 519 493 476 484 466 464 480 458 463 459 440 474 504 471 475 509 496 493 452 477 487 464 489 495 490 454 450 456 435 491 498 521 515 497 465 480 447 432 454 468 489 498 484 469 476 468 500 529 493 490 482 455 424 436 480 475 471 468 474 484 506 514 489 476 424 500 476 501 501 521 502 476 503 493 506 495 462 488 502 491 463 478 496 492 493 488 486 545 537 510 488 486 508 506 505 537 509 511 500 480 519 530 510 504 468 447 434 488 487 494 477 517 527 537 506 489 515 483 471 457 454 484 508 521 537 497 489 487 496 501 492 512 513 503 499 517 492 517 465 426 424 476 489 481 481 479 465 487 517 494 499 493 497 491 488 498 507 505 535 491 479 523 508 515 545 518 512 492 489 478 459 476 495 480 483 477 470 486 529 478 459 471 475 517 448 453 501 453 455 479 511 486 449 474 504 501 496 504 514 493 476 460 498 475 450 471 519 464 461 472 494 466 474 456 448 459 472 476 522 498 481 473 424 449 469 467 509 489 460 467 426 457 502 490 464 489 495 474 496 503 481 505 509 498 472 446 415 454 488 454 439 453 466 479 469 465 489 447 430 420 459 492 514 535 545 516 470 454 494 501 493 518 484 454 493 483 520 477 474 460 486 520 496 503 477 477 485 466 481 503 520 525 519 484 456 453 462 484 494 503 494 485 512 506 462 434 436 479 503 486 509 472 468 466 472 444 435 452 476 493 459 471 492 458 458 467 487 464 454 466 471 490 486 476 466 476 480 466 496 460 462 433 419 427 432 423 479 462 489 481 527 516 531 577 525 496 460 455 474 487 490 499 491 473 486 503 497 510 487 465 469 493 482 487 468 481 470 479 483 482 452 472 518 503 510 472 458 482 501 484 480 468 479 502 505 491 512 498 465 431 473 490 471 461 465 498 476 459 475 466 458 462 496 485 496 455 489 502 495 518 521 492 493 509 484 475 474 480 527 529 496 491 512 540 490 483 491 497 471 452 469 494 486 471 486 476 474 479 464 476 481 504 497 495 489 498 494 480 494 502 494 468 454 461 466 484 478 455 460 474 469 478 452 461 470 497 479 457 454 460 477 465 476 514 492 470 439 483 459 450 422 465 470 487 496 479 455 470 455 480 506 479 463 485 457 468 459 489 472 478 479 478 465 465 476 487 508 507 490 487 495 508 511 475 460 473 473 484 494 484 494 483 471 492 494 509 484 473 478 481 463 520 527 520 515 495 481 442 461 474 449 455 470 490 518 550 505 485 485 454 456 468 469 500 502 468 426 428 473 476 489 514 529 521 515 490 471 478 485 473 502 525 514 515 494 497 516 487 474 490 498 487 498 450 451 456 467 492 521 495 552 569 530 534 498 497 495 471 526 540 503 496 519 490 488 493 508 521 517 492 482 483 499 434 401 437 483 511 469 445 472 498 492 456 436 464 462 472 469 501 489 484 442 481 453 462 440 453 503 504 445 462 470 472 471 437 451 483 499 523 495 492 491 494 489 478 426 436 468 503 517 481 459 474 504 475 520 540 520 482 477 479 506 476 473 479 486 489 489 500 464 
vem trace:

stid: 419
spdistance: 2544
radio trace:
523 497 521 503 468 486 496 514 464 509 471 482 517 505 530 492 498 497 498 506 524 482 523 500 544 508 475 477 504 539 505 445 473 461 511 542 560 558 497 509 511 517 529 513 489 463 490 493 479 507 512 533 546 498 504 501 481 455 507 502 494 498 494 501 517 470 442 483 452 431 407 441 513 564 567 541 535 513 518 486 505 509 545 484 484 514 542 495 494 555 568 574 544 546 557 546 495 471 503 464 462 487 508 474 533 532 483 493 505 512 500 524 497 497 513 502 472 490 481 487 506 498 515 507 484 485 471 501 479 477 492 477 488 536 561 557 571 525 470 493 501 526 492 477 516 502 468 512 541 494 469 468 466 514 500 493 473 436 441 474 457 485 523 550 576 540 510 540 539 500 464 513 507 515 518 540 513 457 497 534 510 458 460 475 492 496 479 494 481 463 486 505 511 497 499 511 482 490 472 473 473 510 511 500 507 518 529 511 561 561 538 536 480 507 521 500 482 517 498 439 524 508 514 497 501 507 487 481 451 445 463 508 520 518 481 502 498 497 511 520 517 471 460 460 498 550 519 542 561 588 565 550 540 501 482 470 519 512 514 494 506 551 539 538 552 540 476 463 487 526 487 498 506 525 552 549 544 548 469 451 495 498 494 476 475 504 481 480 526 532 558 579 548 514 433 428 456 514 505 503 508 449 501 483 489 511 499 462 465 509 529 525 459 459 502 555 544 549 553 522 490 485 484 493 505 539 533 510 492 508 509 504 459 495 528 526 498 519 508 495 478 503 542 518 521 528 530 505 477 508 503 467 454 460 521 551 538 512 532 502 502 502 512 523 561 578 571 502 486 490 473 489 530 580 545 516 498 521 516 516 500 483 484 451 504 526 513 506 493 510 518 458 470 513 524 540 513 490 491 486 469 457 480 498 502 526 551 540 483 466 464 471 483 501 462 467 442 475 495 448 466 486 525 510 528 513 475 483 507 499 471 491 517 539 538 551 524 506 509 494 518 537 508 536 483 493 470 451 440 498 541 543 536 515 522 518 517 525 533 539 493 485 495 503 480 505 500 490 538 537 533 530 518 488 502 497 500 513 504 534 485 459 447 479 486 471 493 469 491 471 461 465 478 509 499 544 548 541 548 543 508 446 443 499 513 478 492 524 535 484 458 439 461 477 468 496 555 510 480 526 526 521 508 532 527 480 488 455 447 460 529 561 526 530 520 526 515 509 498 506 504 507 496 510 523 526 534 551 545 537 505 551 565 513 509 500 530 535 515 518 533 545 526 547 523 511 513 498 504 499 475 480 496 469 443 453 493 510 505 486 483 514 504 525 545 535 521 501 505 498 517 534 499 487 501 531 549 549 586 537 502 493 486 461 412 464 511 529 512 491 531 497 494 488 524 549 493 489 499 493 485 491 505 506 499 489 544 572 562 534 495 491 513 508 511 486 433 477 495 536 558 547 535 481 491 508 534 537 518 578 531 518 511 545 585 549 503 453 465 488 485 515 542 521 544 503 479 479 465 502 515 519 526 542 521 491 512 540 506 497 509 492 500 525 527 535 487 512 522 574 565 520 510 548 567 572 544 518 504 482 468 492 482 521 546 545 508 518 493 510 526 553 535 526 552 539 503 508 493 515 525 501 498 464 483 478 512 511 520 558 519 518 514 507 524 522 523 481 486 515 525 493 461 512 528 517 525 522 466 432 484 497 489 503 511 525 528 516 478 503 525 552 545 510 546 571 526 508 
vem trace:

