SDId: 34752903
energy: 1.35345e+17
zenith: 0.365141
azimuth: 4.38071
GPSSeconc: 1126785829
stid: 341
spdistance: 713.364
radio trace:
476 455 489 512 520 481 485 539 513 550 531 532 559 522 445 465 456 445 458 513 508 504 515 530 515 500 514 527 491 486 511 523 491 497 471 505 489 523 550 475 502 510 518 501 480 497 481 494 487 486 473 502 487 489 496 510 497 519 488 540 549 488 497 504 535 499 539 553 542 556 545 555 525 517 505 504 503 454 503 508 516 546 518 532 522 488 496 507 491 464 449 473 522 546 563 556 530 492 516 526 529 508 484 519 515 505 546 530 511 509 546 515 497 490 505 512 481 500 499 522 543 531 524 508 503 503 452 489 545 536 545 526 537 555 548 545 529 535 525 494 487 489 460 477 480 492 476 488 492 487 497 516 511 495 522 499 546 493 485 506 512 513 471 492 532 514 516 526 511 498 482 452 466 495 508 534 503 545 574 541 523 477 483 475 450 458 456 455 474 473 472 484 514 508 504 549 546 546 535 536 558 532 483 506 496 500 469 455 483 522 511 483 484 512 456 479 500 457 452 479 477 501 499 475 498 526 513 505 477 494 485 480 473 484 510 510 519 502 514 490 463 497 466 498 497 467 441 465 481 492 484 507 514 507 518 513 553 555 533 504 488 497 534 482 491 505 503 478 509 517 514 527 521 488 546 511 479 482 488 457 481 496 481 498 513 504 496 509 492 479 520 523 531 531 532 531 495 497 500 517 469 463 490 514 544 525 533 545 533 532 503 499 525 505 504 483 457 487 479 464 505 527 535 560 545 530 534 514 490 493 511 564 534 536 549 527 511 531 562 562 541 518 502 516 518 484 517 527 531 501 504 518 499 487 494 506 547 566 513 498 532 500 480 490 520 505 480 472 508 480 480 525 507 501 499 480 504 504 512 523 526 533 540 547 571 542 523 529 514 524 543 519 539 512 464 474 527 530 512 518 536 509 473 493 512 527 500 505 514 509 544 506 499 487 484 528 522 529 506 511 529 529 480 504 513 498 462 447 489 470 492 506 544 505 479 495 465 463 456 477 519 501 521 505 494 501 529 502 497 493 491 506 525 508 501 492 481 487 471 510 474 472 489 504 525 520 492 451 454 455 460 447 474 492 530 518 536 553 532 513 519 533 519 492 518 510 503 545 550 567 503 531 517 502 474 501 487 504 537 510 530 534 546 546 537 525 472 504 529 545 586 545 520 539 516 520 522 526 511 509 461 478 524 529 534 509 532 523 507 482 456 483 495 513 518 520 494 518 501 487 492 524 548 547 519 509 505 530 541 520 511 503 505 445 468 541 540 521 537 554 524 525 522 538 530 538 538 528 495 499 485 500 503 543 544 524 525 508 534 543 523 514 485 470 568 552 562 567 585 545 556 569 531 506 496 486 466 505 516 508 475 496 521 540 530 522 539 511 536 538 571 570 564 541 524 490 507 517 518 475 473 473 519 538 535 524 525 519 491 477 550 526 503 494 516 527 462 469 467 514 506 530 510 499 482 542 585 586 572 476 446 430 425 421 454 493 505 500 497 514 524 497 471 506 469 437 453 501 515 510 530 499 460 513 491 489 488 513 499 519 515 514 509 555 520 516 512 462 485 498 489 488 484 486 494 508 508 535 542 525 505 490 489 515 502 487 493 485 469 511 497 482 523 507 513 474 522 500 486 496 498 520 494 495 484 475 450 453 447 460 498 477 462 470 447 437 473 471 481 480 523 517 500 518 462 474 483 488 485 457 465 500 521 524 516 505 531 561 550 522 475 457 465 478 506 500 525 540 
vem trace:

stid: 341
spdistance: 713.364
radio trace:
476 455 489 512 520 481 485 539 513 550 531 532 559 522 445 465 456 445 458 513 508 504 515 530 515 500 514 527 491 486 511 523 491 497 471 505 489 523 550 475 502 510 518 501 480 497 481 494 487 486 473 502 487 489 496 510 497 519 488 540 549 488 497 504 535 499 539 553 542 556 545 555 525 517 505 504 503 454 503 508 516 546 518 532 522 488 496 507 491 464 449 473 522 546 563 556 530 492 516 526 529 508 484 519 515 505 546 530 511 509 546 515 497 490 505 512 481 500 499 522 543 531 524 508 503 503 452 489 545 536 545 526 537 555 548 545 529 535 525 494 487 489 460 477 480 492 476 488 492 487 497 516 511 495 522 499 546 493 485 506 512 513 471 492 532 514 516 526 511 498 482 452 466 495 508 534 503 545 574 541 523 477 483 475 450 458 456 455 474 473 472 484 514 508 504 549 546 546 535 536 558 532 483 506 496 500 469 455 483 522 511 483 484 512 456 479 500 457 452 479 477 501 499 475 498 526 513 505 477 494 485 480 473 484 510 510 519 502 514 490 463 497 466 498 497 467 441 465 481 492 484 507 514 507 518 513 553 555 533 504 488 497 534 482 491 505 503 478 509 517 514 527 521 488 546 511 479 482 488 457 481 496 481 498 513 504 496 509 492 479 520 523 531 531 532 531 495 497 500 517 469 463 490 514 544 525 533 545 533 532 503 499 525 505 504 483 457 487 479 464 505 527 535 560 545 530 534 514 490 493 511 564 534 536 549 527 511 531 562 562 541 518 502 516 518 484 517 527 531 501 504 518 499 487 494 506 547 566 513 498 532 500 480 490 520 505 480 472 508 480 480 525 507 501 499 480 504 504 512 523 526 533 540 547 571 542 523 529 514 524 543 519 539 512 464 474 527 530 512 518 536 509 473 493 512 527 500 505 514 509 544 506 499 487 484 528 522 529 506 511 529 529 480 504 513 498 462 447 489 470 492 506 544 505 479 495 465 463 456 477 519 501 521 505 494 501 529 502 497 493 491 506 525 508 501 492 481 487 471 510 474 472 489 504 525 520 492 451 454 455 460 447 474 492 530 518 536 553 532 513 519 533 519 492 518 510 503 545 550 567 503 531 517 502 474 501 487 504 537 510 530 534 546 546 537 525 472 504 529 545 586 545 520 539 516 520 522 526 511 509 461 478 524 529 534 509 532 523 507 482 456 483 495 513 518 520 494 518 501 487 492 524 548 547 519 509 505 530 541 520 511 503 505 445 468 541 540 521 537 554 524 525 522 538 530 538 538 528 495 499 485 500 503 543 544 524 525 508 534 543 523 514 485 470 568 552 562 567 585 545 556 569 531 506 496 486 466 505 516 508 475 496 521 540 530 522 539 511 536 538 571 570 564 541 524 490 507 517 518 475 473 473 519 538 535 524 525 519 491 477 550 526 503 494 516 527 462 469 467 514 506 530 510 499 482 542 585 586 572 476 446 430 425 421 454 493 505 500 497 514 524 497 471 506 469 437 453 501 515 510 530 499 460 513 491 489 488 513 499 519 515 514 509 555 520 516 512 462 485 498 489 488 484 486 494 508 508 535 542 525 505 490 489 515 502 487 493 485 469 511 497 482 523 507 513 474 522 500 486 496 498 520 494 495 484 475 450 453 447 460 498 477 462 470 447 437 473 471 481 480 523 517 500 518 462 474 483 488 485 457 465 500 521 524 516 505 531 561 550 522 475 457 465 478 506 500 525 540 
vem trace:

