SDId: 34786966
energy: 3.46729e+17
zenith: 0.770234
azimuth: 0.84557
GPSSeconc: 1126997985
stid: 341
spdistance: 527.772
radio trace:
539 533 517 484 475 517 513 503 498 528 528 506 520 532 545 563 525 515 489 510 508 498 512 513 523 520 485 510 544 544 557 567 580 503 496 527 550 555 534 523 513 531 519 527 500 533 535 536 504 487 497 511 501 481 504 562 540 514 475 542 551 553 534 530 528 539 508 514 518 510 520 508 545 514 522 515 549 581 523 520 522 500 498 505 506 549 498 491 492 448 516 518 479 508 522 529 509 503 530 510 529 503 498 531 516 501 503 531 558 522 475 508 504 489 547 528 518 498 516 524 510 516 504 510 512 536 515 524 519 535 529 527 508 508 536 554 542 536 526 510 487 475 496 524 545 551 519 544 529 554 523 544 546 498 483 507 503 499 503 466 469 483 492 502 529 559 551 552 560 533 491 501 499 509 496 491 514 477 483 506 543 539 523 506 516 559 503 521 517 496 496 505 473 447 462 493 532 551 551 536 551 524 526 512 491 483 507 514 497 496 457 493 525 533 488 464 469 516 513 550 558 531 528 518 548 556 589 528 530 528 527 549 504 464 516 519 508 517 523 493 468 459 461 496 494 502 498 551 541 514 516 533 495 463 485 490 490 532 549 513 518 493 475 501 532 504 522 528 534 521 535 553 560 560 545 512 509 520 514 455 467 473 465 485 494 496 519 492 485 540 508 478 490 524 516 526 507 542 528 506 474 507 502 512 492 489 496 513 509 531 513 471 515 536 455 432 488 531 519 547 506 472 479 506 524 500 532 513 524 533 532 510 571 600 553 538 524 485 477 458 516 521 474 490 454 449 474 452 465 504 511 529 526 518 519 489 529 527 562 558 526 510 524 487 521 513 540 508 496 517 513 494 503 491 520 527 569 548 539 520 507 527 550 520 499 488 487 515 523 514 516 495 472 462 480 516 511 494 501 486 549 537 486 486 488 444 472 521 491 534 526 516 493 495 484 493 495 511 531 490 487 469 491 502 462 498 487 488 528 545 552 560 528 500 477 507 478 470 502 477 487 526 530 544 511 506 494 512 481 499 495 507 489 465 481 481 494 533 498 526 533 520 566 548 525 510 511 491 483 475 509 514 506 502 531 550 511 521 528 522 533 499 477 517 487 454 479 481 518 534 539 504 475 471 489 502 527 519 506 518 518 525 528 498 521 528 529 517 486 515 507 456 469 511 522 528 522 539 544 526 525 536 524 527 566 538 525 535 496 484 497 508 514 473 485 523 478 488 516 481 496 520 531 525 545 525 509 540 529 519 530 550 566 553 559 554 530 493 447 475 508 500 514 512 577 569 571 526 506 506 489 486 517 547 528 518 516 508 550 556 575 552 514 509 547 521 487 494 510 489 508 495 491 513 531 531 502 502 518 549 536 531 532 577 527 546 559 564 576 542 541 515 497 519 513 481 481 474 493 527 548 565 556 516 507 507 501 515 497 467 493 553 525 506 551 565 554 503 498 524 516 452 483 514 521 502 487 495 509 518 511 519 503 521 493 517 546 546 534 525 530 537 546 544 577 531 502 500 502 479 522 566 570 542 524 530 540 513 503 536 561 575 494 480 485 498 491 462 475 509 516 500 518 501 498 486 505 505 525 541 516 501 496 489 481 519 521 481 523 510 519 526 503 477 512 539 522 505 519 535 561 526 535 539 498 498 489 513 515 511 486 506 487 504 524 446 442 496 516 513 534 498 495 502 526 497 488 508 462 472 502 524 517 511 515 551 514 496 527 541 497 500 532 497 502 511 526 526 
vem trace:

stid: 341
spdistance: 527.772
radio trace:
539 533 517 484 475 517 513 503 498 528 528 506 520 532 545 563 525 515 489 510 508 498 512 513 523 520 485 510 544 544 557 567 580 503 496 527 550 555 534 523 513 531 519 527 500 533 535 536 504 487 497 511 501 481 504 562 540 514 475 542 551 553 534 530 528 539 508 514 518 510 520 508 545 514 522 515 549 581 523 520 522 500 498 505 506 549 498 491 492 448 516 518 479 508 522 529 509 503 530 510 529 503 498 531 516 501 503 531 558 522 475 508 504 489 547 528 518 498 516 524 510 516 504 510 512 536 515 524 519 535 529 527 508 508 536 554 542 536 526 510 487 475 496 524 545 551 519 544 529 554 523 544 546 498 483 507 503 499 503 466 469 483 492 502 529 559 551 552 560 533 491 501 499 509 496 491 514 477 483 506 543 539 523 506 516 559 503 521 517 496 496 505 473 447 462 493 532 551 551 536 551 524 526 512 491 483 507 514 497 496 457 493 525 533 488 464 469 516 513 550 558 531 528 518 548 556 589 528 530 528 527 549 504 464 516 519 508 517 523 493 468 459 461 496 494 502 498 551 541 514 516 533 495 463 485 490 490 532 549 513 518 493 475 501 532 504 522 528 534 521 535 553 560 560 545 512 509 520 514 455 467 473 465 485 494 496 519 492 485 540 508 478 490 524 516 526 507 542 528 506 474 507 502 512 492 489 496 513 509 531 513 471 515 536 455 432 488 531 519 547 506 472 479 506 524 500 532 513 524 533 532 510 571 600 553 538 524 485 477 458 516 521 474 490 454 449 474 452 465 504 511 529 526 518 519 489 529 527 562 558 526 510 524 487 521 513 540 508 496 517 513 494 503 491 520 527 569 548 539 520 507 527 550 520 499 488 487 515 523 514 516 495 472 462 480 516 511 494 501 486 549 537 486 486 488 444 472 521 491 534 526 516 493 495 484 493 495 511 531 490 487 469 491 502 462 498 487 488 528 545 552 560 528 500 477 507 478 470 502 477 487 526 530 544 511 506 494 512 481 499 495 507 489 465 481 481 494 533 498 526 533 520 566 548 525 510 511 491 483 475 509 514 506 502 531 550 511 521 528 522 533 499 477 517 487 454 479 481 518 534 539 504 475 471 489 502 527 519 506 518 518 525 528 498 521 528 529 517 486 515 507 456 469 511 522 528 522 539 544 526 525 536 524 527 566 538 525 535 496 484 497 508 514 473 485 523 478 488 516 481 496 520 531 525 545 525 509 540 529 519 530 550 566 553 559 554 530 493 447 475 508 500 514 512 577 569 571 526 506 506 489 486 517 547 528 518 516 508 550 556 575 552 514 509 547 521 487 494 510 489 508 495 491 513 531 531 502 502 518 549 536 531 532 577 527 546 559 564 576 542 541 515 497 519 513 481 481 474 493 527 548 565 556 516 507 507 501 515 497 467 493 553 525 506 551 565 554 503 498 524 516 452 483 514 521 502 487 495 509 518 511 519 503 521 493 517 546 546 534 525 530 537 546 544 577 531 502 500 502 479 522 566 570 542 524 530 540 513 503 536 561 575 494 480 485 498 491 462 475 509 516 500 518 501 498 486 505 505 525 541 516 501 496 489 481 519 521 481 523 510 519 526 503 477 512 539 522 505 519 535 561 526 535 539 498 498 489 513 515 511 486 506 487 504 524 446 442 496 516 513 534 498 495 502 526 497 488 508 462 472 502 524 517 511 515 551 514 496 527 541 497 500 532 497 502 511 526 526 
vem trace:

stid: 342
spdistance: 808.708
radio trace:
452 432 445 441 454 450 440 431 404 428 415 400 417 455 451 460 473 461 465 426 420 430 469 458 467 468 424 414 427 432 457 437 443 474 446 433 439 471 440 447 464 420 421 440 439 436 440 440 413 408 449 462 470 469 458 451 461 447 405 428 436 421 419 411 427 452 461 434 436 427 411 423 423 430 414 425 486 447 450 452 441 462 444 455 460 470 473 483 464 470 462 465 476 466 436 425 431 438 454 490 471 460 453 455 453 408 440 472 464 475 469 450 467 467 455 455 430 423 419 445 437 464 470 477 484 473 451 473 450 457 436 459 494 487 460 466 441 451 457 467 452 452 451 441 443 447 463 469 441 446 436 436 431 458 462 425 422 420 417 428 451 459 461 461 460 438 426 431 421 427 444 476 457 449 443 438 432 428 447 442 447 468 446 452 448 424 433 427 435 431 448 427 420 448 451 461 452 450 445 471 453 467 473 423 373 393 432 459 466 468 438 419 421 423 465 482 496 475 453 447 448 474 480 441 449 448 450 426 416 434 451 448 425 452 427 433 441 440 447 462 418 424 434 454 469 480 430 425 400 451 449 441 448 449 453 434 443 427 450 464 496 500 458 453 462 472 484 460 447 434 413 430 436 426 444 457 454 453 450 444 446 421 442 467 471 484 455 446 448 441 463 469 471 491 461 460 477 472 466 456 468 450 434 463 424 401 433 459 444 464 426 400 423 427 456 424 433 445 454 438 422 429 425 463 469 478 470 442 449 416 402 426 443 431 409 420 432 432 422 416 415 428 471 480 496 456 458 451 440 459 441 424 468 466 461 456 437 462 467 456 460 461 475 442 448 473 465 462 476 488 443 464 447 431 427 425 423 418 444 469 448 444 418 445 465 471 443 416 439 445 423 441 441 444 433 445 465 455 443 447 401 417 424 436 425 405 402 446 484 449 455 462 449 472 491 487 468 449 464 440 445 460 473 434 444 431 452 438 426 459 470 484 449 442 451 447 449 452 461 441 441 472 485 485 462 443 440 462 476 471 472 426 432 445 439 440 422 473 461 439 460 460 469 472 473 456 441 462 471 452 459 482 488 474 455 467 475 455 438 452 442 464 461 463 456 461 492 457 460 472 463 474 438 417 417 438 418 431 458 490 471 503 481 477 455 450 481 454 476 497 501 479 475 466 457 451 442 467 439 466 468 459 450 434 447 447 434 441 423 419 453 470 428 428 435 439 421 422 421 408 396 408 408 427 413 391 413 417 412 440 452 443 445 445 416 451 474 470 452 454 449 436 407 449 458 447 429 426 425 401 435 432 446 447 461 479 444 458 445 458 463 453 438 449 427 440 476 448 458 477 481 473 470 455 484 505 485 474 423 436 466 442 446 437 450 442 464 439 433 491 484 469 458 449 427 450 438 437 441 458 473 474 466 439 430 428 467 479 456 467 461 450 402 403 430 454 433 456 443 455 466 459 456 472 469 444 435 461 449 429 447 462 483 444 450 479 456 431 468 470 485 506 502 462 492 498 471 470 458 420 452 458 448 398 424 444 434 454 464 468 447 419 455 451 454 468 454 444 465 474 430 425 443 451 429 450 453 440 449 432 452 415 393 411 424 444 452 424 425 414 446 451 403 425 456 448 425 438 448 449 434 446 491 468 450 444 447 438 441 442 454 432 426 469 463 466 464 436 436 427 409 411 476 478 428 407 401 429 463 442 438 466 441 452 470 446 456 456 485 473 439 445 427 424 424 435 421 452 
vem trace:

stid: 343
spdistance: 1120.84
radio trace:
488 497 503 476 414 411 454 423 448 494 480 482 478 452 482 481 476 474 455 440 464 476 437 460 445 453 470 452 460 458 427 441 459 453 468 463 469 459 463 479 479 467 462 439 452 466 442 432 407 448 458 490 509 495 475 449 438 433 451 469 465 460 456 449 440 472 471 507 521 502 460 412 407 420 433 460 471 466 443 414 405 413 440 432 456 474 458 451 425 431 444 475 463 483 456 454 440 429 447 456 456 458 455 470 479 480 478 470 473 500 509 499 496 473 454 453 445 448 434 455 460 451 436 464 457 447 464 455 455 475 486 510 485 463 449 465 457 457 455 448 457 471 453 456 435 446 468 455 470 453 450 450 442 466 462 476 468 460 444 458 480 472 465 453 429 445 440 458 487 481 461 467 451 464 485 462 453 473 471 440 447 470 485 475 471 476 470 497 494 495 474 466 457 454 458 473 481 481 491 472 422 430 443 426 438 439 449 446 435 449 432 400 420 455 458 460 446 449 470 454 442 469 474 464 441 418 440 445 435 451 479 492 460 470 430 426 415 462 450 451 478 505 489 503 489 476 473 459 473 461 454 452 456 469 483 492 503 459 463 452 463 472 473 464 437 437 425 428 461 448 446 468 468 452 445 461 460 463 470 475 452 461 461 453 464 456 453 434 451 464 442 456 457 448 448 474 483 456 457 462 438 425 442 434 446 415 438 465 484 471 460 468 470 478 491 473 467 449 447 455 473 476 460 468 477 497 472 470 498 523 472 469 451 454 470 460 484 478 502 497 473 486 479 487 487 477 469 410 425 443 434 442 451 439 447 465 478 496 449 443 421 421 458 469 484 453 418 406 405 436 460 463 458 457 444 457 478 502 481 493 458 431 421 478 481 490 476 455 480 459 445 441 442 423 439 441 447 471 456 456 486 483 487 468 444 428 456 463 466 452 441 450 448 442 446 438 475 501 501 487 483 445 429 437 435 427 454 469 444 468 473 464 466 442 454 480 460 479 475 459 450 431 458 469 464 456 476 503 494 483 452 450 440 425 436 456 452 457 440 477 466 475 463 450 434 431 444 444 443 470 492 472 450 465 440 446 431 438 470 507 488 465 479 450 444 468 448 454 457 453 469 445 436 470 478 468 461 483 466 462 484 471 474 462 464 449 445 455 459 471 459 464 449 452 470 477 485 475 460 448 474 450 460 464 474 461 414 432 450 445 444 434 462 441 442 471 483 458 435 426 470 451 450 445 450 434 429 408 429 474 485 480 466 465 465 473 451 466 441 438 432 424 434 423 420 406 452 469 437 409 452 455 469 474 470 430 458 450 453 478 464 456 439 457 458 472 432 416 425 429 434 438 456 479 472 484 483 459 432 427 456 473 474 486 505 488 426 448 490 492 457 450 419 456 470 458 472 461 470 459 450 457 456 446 468 477 494 502 460 461 478 482 488 487 472 485 437 452 473 474 476 465 468 449 446 450 459 458 461 439 447 475 442 443 435 465 465 458 453 434 458 472 462 480 451 423 423 462 456 456 468 479 454 461 451 444 449 474 420 407 420 427 467 454 453 428 451 472 492 465 446 447 464 460 459 446 444 447 433 441 449 459 454 485 469 454 448 470 489 475 452 454 456 477 495 490 471 439 423 418 462 478 466 474 451 454 447 460 459 484 475 470 474 479 435 445 470 481 486 480 452 457 470 471 463 451 481 463 459 462 451 443 486 482 465 451 453 460 473 445 456 462 485 500 448 445 471 487 
vem trace:

