SDId: 34628825
energy: 3.23341e+17
zenith: 0.504523
azimuth: 3.15852
GPSSeconc: 1126136689
stid: 343
spdistance: 685.455
radio trace:
486 463 423 448 468 475 446 472 442 430 412 410 436 414 407 443 453 471 437 432 456 469 484 477 453 432 412 443 464 479 488 452 438 453 462 474 472 486 469 456 449 438 442 475 476 463 435 389 391 430 444 469 456 435 440 430 461 445 430 429 467 434 414 439 441 433 456 463 437 438 472 463 476 467 438 452 456 442 446 461 439 439 430 444 433 420 445 455 458 464 461 465 442 414 423 435 456 476 465 459 443 423 416 436 450 464 459 449 456 451 457 473 458 420 449 464 439 437 456 460 454 464 440 434 457 478 452 456 465 459 468 503 481 463 437 434 435 419 405 446 423 438 405 427 448 446 468 458 453 451 446 456 463 467 443 418 440 442 453 479 432 436 444 428 427 456 466 423 413 416 436 427 450 454 450 464 496 453 460 466 458 451 432 421 432 453 466 459 460 449 457 449 446 446 430 428 434 430 403 453 441 444 415 434 379 443 457 478 482 449 471 465 431 451 452 439 425 426 458 473 478 479 465 486 455 439 433 471 455 450 454 456 471 495 443 423 467 483 486 431 428 419 426 454 439 445 463 442 427 422 421 425 427 446 455 462 464 474 442 447 462 495 471 453 476 491 510 471 437 453 467 478 459 479 463 448 469 468 451 456 444 467 468 458 439 466 467 441 444 465 446 451 434 431 417 463 495 474 449 446 453 446 415 436 476 492 465 434 439 480 474 459 445 462 441 431 444 464 462 444 445 461 447 453 452 459 451 439 423 438 424 413 406 434 414 427 443 465 448 429 450 464 479 455 448 456 445 454 438 448 438 441 460 432 427 446 435 438 457 448 456 437 429 461 432 440 424 452 454 463 456 462 500 463 487 460 432 456 483 477 493 457 435 473 457 475 458 463 436 440 447 463 479 484 476 442 466 453 429 453 436 442 444 448 429 436 439 446 435 464 424 412 428 431 442 429 420 451 474 451 471 444 418 416 413 434 444 459 459 449 430 433 410 433 442 463 460 441 444 467 467 472 464 441 445 440 429 432 415 414 465 452 457 437 444 452 424 408 416 444 468 470 444 428 424 438 465 438 442 405 431 442 439 467 430 454 424 466 478 449 474 475 460 466 487 450 469 457 452 481 483 451 457 447 438 444 454 465 475 433 475 434 421 447 469 480 466 437 395 420 466 456 464 430 424 421 403 399 429 435 445 448 456 473 484 452 467 467 477 478 459 452 444 431 425 435 440 456 442 459 474 437 441 451 448 461 453 439 440 459 446 446 477 472 484 469 486 449 465 439 449 437 461 451 422 424 454 463 470 447 449 452 450 449 451 474 483 441 451 462 461 440 431 431 453 449 445 451 460 484 458 456 454 452 468 446 435 453 466 481 454 437 458 492 498 451 447 480 502 460 425 409 438 445 459 435 442 444 441 464 446 460 463 445 461 470 449 452 458 471 486 473 458 440 432 439 413 433 456 443 447 474 459 489 472 464 443 439 432 464 469 447 458 485 481 489 458 447 486 472 440 442 423 393 434 453 433 423 440 459 449 421 411 382 410 432 460 491 483 485 469 444 429 412 432 408 432 415 445 454 441 442 464 457 446 416 425 462 461 446 445 435 423 445 495 456 447 433 453 454 456 443 453 477 471 449 425 395 406 412 435 447 466 461 459 448 467 478 468 447 474 470 456 449 441 435 424 459 431 439 418 425 444 440 459 455 442 456 432 428 421 423 436 433 446 456 491 457 451 471 434 456 452 443 444 461 449 456 
vem trace:

stid: 341
spdistance: 1199.87
radio trace:
487 488 516 551 563 529 511 500 486 476 468 490 485 476 508 533 528 558 543 512 480 497 504 508 451 487 491 512 523 551 516 496 489 508 516 543 547 545 545 543 547 565 520 537 571 542 523 508 497 480 467 488 489 491 486 497 518 495 511 517 517 473 494 513 476 485 496 470 472 504 487 522 503 508 495 474 513 557 533 505 508 531 520 498 523 534 554 570 565 510 502 464 458 474 512 536 485 499 501 488 510 523 516 538 506 503 519 515 537 485 485 517 559 523 546 516 536 510 489 493 492 520 504 496 513 541 529 565 569 517 568 544 546 547 556 552 517 512 552 535 513 511 533 544 514 458 476 469 460 456 497 495 484 502 529 520 487 473 454 457 494 484 492 501 492 536 543 535 554 528 526 521 512 510 488 482 513 524 515 523 542 535 524 482 498 451 458 485 519 538 530 532 546 500 516 550 534 550 512 506 478 478 499 502 475 483 489 468 465 486 500 495 482 473 496 510 478 493 468 476 492 478 546 537 542 532 510 497 493 519 495 539 540 475 475 517 502 445 499 529 496 508 520 486 483 535 530 516 525 489 490 492 505 497 476 499 479 498 476 472 460 462 482 515 546 520 508 486 485 512 510 538 549 520 498 510 546 518 514 507 505 522 521 526 513 529 497 481 483 517 553 546 482 500 509 485 508 533 545 531 547 544 517 528 542 537 514 542 551 556 549 522 517 523 479 487 541 512 517 528 515 494 511 554 520 500 505 533 508 552 555 501 515 492 504 505 531 533 515 514 487 490 466 480 507 489 492 532 509 509 510 518 502 496 502 546 551 537 532 490 511 554 537 470 484 525 513 517 514 514 514 537 574 575 563 563 543 518 571 559 529 513 548 545 518 477 461 484 534 522 517 503 491 509 531 512 504 497 502 521 502 479 493 502 537 560 547 519 559 530 525 510 472 501 522 531 506 515 496 485 491 495 483 512 545 540 544 521 515 525 530 504 478 468 471 472 482 544 553 506 522 555 551 538 538 497 500 530 529 505 505 512 520 523 528 533 530 540 556 521 509 483 493 506 492 515 511 474 490 486 494 488 524 527 530 543 507 498 491 507 514 572 578 505 543 538 540 508 524 520 519 500 487 479 494 447 472 479 523 533 491 495 524 544 540 524 507 487 493 517 510 475 498 491 506 513 518 523 540 522 510 495 494 505 529 530 527 538 499 512 568 539 518 485 490 516 510 519 507 489 512 480 462 444 485 543 577 543 518 548 537 544 498 487 513 504 518 567 520 524 524 510 485 520 524 499 521 505 504 504 491 514 507 540 523 534 518 522 503 517 519 532 518 517 482 438 427 453 479 537 527 519 527 519 507 499 508 527 514 500 505 520 487 504 494 524 522 523 500 501 512 513 547 550 520 529 557 504 505 502 523 497 501 489 502 504 491 437 518 523 515 500 487 507 508 506 513 488 485 497 523 521 539 496 489 491 518 482 461 476 482 516 522 535 518 510 509 560 543 549 581 529 489 488 501 507 529 530 518 490 510 512 479 460 459 496 550 527 531 502 484 500 499 536 563 538 549 558 553 536 528 555 560 549 505 492 493 481 519 509 483 490 501 509 506 544 567 526 516 501 495 512 520 488 531 510 523 532 562 535 464 508 482 468 526 518 534 528 544 544 509 549 538 550 537 530 544 525 508 494 509 532 507 502 505 496 479 520 472 476 503 516 524 531 559 556 533 528 517 504 522 513 522 529 483 503 531 575 
vem trace:

stid: 341
spdistance: 1199.87
radio trace:
487 488 516 551 563 529 511 500 486 476 468 490 485 476 508 533 528 558 543 512 480 497 504 508 451 487 491 512 523 551 516 496 489 508 516 543 547 545 545 543 547 565 520 537 571 542 523 508 497 480 467 488 489 491 486 497 518 495 511 517 517 473 494 513 476 485 496 470 472 504 487 522 503 508 495 474 513 557 533 505 508 531 520 498 523 534 554 570 565 510 502 464 458 474 512 536 485 499 501 488 510 523 516 538 506 503 519 515 537 485 485 517 559 523 546 516 536 510 489 493 492 520 504 496 513 541 529 565 569 517 568 544 546 547 556 552 517 512 552 535 513 511 533 544 514 458 476 469 460 456 497 495 484 502 529 520 487 473 454 457 494 484 492 501 492 536 543 535 554 528 526 521 512 510 488 482 513 524 515 523 542 535 524 482 498 451 458 485 519 538 530 532 546 500 516 550 534 550 512 506 478 478 499 502 475 483 489 468 465 486 500 495 482 473 496 510 478 493 468 476 492 478 546 537 542 532 510 497 493 519 495 539 540 475 475 517 502 445 499 529 496 508 520 486 483 535 530 516 525 489 490 492 505 497 476 499 479 498 476 472 460 462 482 515 546 520 508 486 485 512 510 538 549 520 498 510 546 518 514 507 505 522 521 526 513 529 497 481 483 517 553 546 482 500 509 485 508 533 545 531 547 544 517 528 542 537 514 542 551 556 549 522 517 523 479 487 541 512 517 528 515 494 511 554 520 500 505 533 508 552 555 501 515 492 504 505 531 533 515 514 487 490 466 480 507 489 492 532 509 509 510 518 502 496 502 546 551 537 532 490 511 554 537 470 484 525 513 517 514 514 514 537 574 575 563 563 543 518 571 559 529 513 548 545 518 477 461 484 534 522 517 503 491 509 531 512 504 497 502 521 502 479 493 502 537 560 547 519 559 530 525 510 472 501 522 531 506 515 496 485 491 495 483 512 545 540 544 521 515 525 530 504 478 468 471 472 482 544 553 506 522 555 551 538 538 497 500 530 529 505 505 512 520 523 528 533 530 540 556 521 509 483 493 506 492 515 511 474 490 486 494 488 524 527 530 543 507 498 491 507 514 572 578 505 543 538 540 508 524 520 519 500 487 479 494 447 472 479 523 533 491 495 524 544 540 524 507 487 493 517 510 475 498 491 506 513 518 523 540 522 510 495 494 505 529 530 527 538 499 512 568 539 518 485 490 516 510 519 507 489 512 480 462 444 485 543 577 543 518 548 537 544 498 487 513 504 518 567 520 524 524 510 485 520 524 499 521 505 504 504 491 514 507 540 523 534 518 522 503 517 519 532 518 517 482 438 427 453 479 537 527 519 527 519 507 499 508 527 514 500 505 520 487 504 494 524 522 523 500 501 512 513 547 550 520 529 557 504 505 502 523 497 501 489 502 504 491 437 518 523 515 500 487 507 508 506 513 488 485 497 523 521 539 496 489 491 518 482 461 476 482 516 522 535 518 510 509 560 543 549 581 529 489 488 501 507 529 530 518 490 510 512 479 460 459 496 550 527 531 502 484 500 499 536 563 538 549 558 553 536 528 555 560 549 505 492 493 481 519 509 483 490 501 509 506 544 567 526 516 501 495 512 520 488 531 510 523 532 562 535 464 508 482 468 526 518 534 528 544 544 509 549 538 550 537 530 544 525 508 494 509 532 507 502 505 496 479 520 472 476 503 516 524 531 559 556 533 528 517 504 522 513 522 529 483 503 531 575 
vem trace:

