SDId: 34755534
energy: 9.22074e+17
zenith: 0.208982
azimuth: 0.989469
GPSSeconc: 1126802347
stid: 341
spdistance: 775.508
radio trace:
566 572 599 564 566 563 546 530 514 526 492 508 515 542 548 582 576 543 588 594 568 541 551 535 552 567 575 562 546 573 563 590 594 569 545 510 515 570 571 544 529 547 558 542 548 561 548 601 607 577 579 563 534 516 477 511 524 515 528 541 543 546 602 590 605 576 593 607 588 592 541 538 521 527 558 519 543 610 585 497 518 517 545 549 583 574 540 584 576 530 520 539 565 586 610 568 565 548 548 537 542 542 569 582 592 565 579 584 580 560 536 562 592 565 530 554 503 492 521 557 563 505 463 511 526 538 521 554 568 530 515 508 490 489 549 547 566 569 568 541 533 491 502 528 499 535 536 543 525 547 530 544 528 533 582 574 603 603 559 517 481 499 535 520 503 507 520 516 539 527 549 528 564 572 554 592 564 593 593 562 559 533 472 478 527 571 563 545 559 589 580 568 535 521 557 512 534 549 547 524 587 588 564 538 556 553 541 569 541 519 537 609 588 545 511 519 520 517 554 608 555 569 554 548 517 480 509 502 519 525 542 566 544 498 521 542 553 532 554 604 565 558 528 545 574 592 605 542 523 544 557 541 544 541 531 570 576 559 562 595 577 594 601 573 537 505 514 541 585 588 548 582 583 554 540 540 537 578 554 504 494 502 507 502 571 544 534 493 487 520 527 558 539 532 524 511 552 522 484 504 565 534 578 585 549 564 567 540 530 547 535 534 545 535 548 545 563 594 606 577 558 523 547 516 517 518 524 494 538 528 548 514 512 498 535 529 535 550 548 587 560 552 564 584 566 531 552 590 561 563 562 553 526 534 589 542 548 568 532 579 597 574 543 546 518 525 544 544 609 589 580 585 598 538 540 529 547 527 544 557 545 581 582 528 521 561 576 580 569 540 572 550 525 514 508 564 568 550 514 534 548 562 560 569 537 510 526 564 575 591 551 529 511 530 572 555 524 544 574 581 550 527 516 540 539 527 501 520 552 544 536 512 515 534 555 520 535 598 583 543 546 537 525 532 513 529 505 552 541 543 528 555 541 572 568 529 538 515 519 508 548 584 566 558 574 599 578 579 565 555 530 496 474 503 526 534 544 559 551 557 508 532 517 505 494 526 558 575 581 570 547 553 540 535 523 530 539 524 544 558 586 550 539 555 564 565 563 555 563 532 529 543 536 533 543 534 511 563 550 549 532 521 548 543 565 547 555 525 494 483 489 513 523 498 530 559 584 607 562 568 511 504 531 565 555 546 568 605 589 580 555 535 521 539 556 511 506 541 527 575 587 540 547 505 509 536 572 583 566 513 491 496 549 560 558 536 506 532 544 524 539 547 567 537 504 502 486 506 530 556 593 534 545 531 532 511 529 544 532 504 519 534 528 529 541 535 567 558 527 516 550 582 538 546 529 509 537 530 522 532 488 479 529 524 514 552 524 532 521 502 456 496 517 546 538 549 592 565 576 597 607 565 523 496 521 547 549 504 493 517 544 534 506 556 556 536 562 583 559 548 541 544 533 545 526 559 542 542 541 576 524 538 537 533 518 558 559 547 533 543 560 555 552 559 539 531 509 547 580 568 548 536 546 571 566 564 565 524 507 524 533 514 525 550 566 518 502 537 546 552 543 511 557 529 529 537 527 481 529 557 597 554 514 525 499 524 528 542 519 523 522 539 537 518 519 490 521 561 585 550 541 571 554 545 583 617 580 543 577 551 556 585 587 591 593 584 583 581 530 548 576 531 540 545 549 553 557 535 
vem trace:

stid: 341
spdistance: 775.508
radio trace:
566 572 599 564 566 563 546 530 514 526 492 508 515 542 548 582 576 543 588 594 568 541 551 535 552 567 575 562 546 573 563 590 594 569 545 510 515 570 571 544 529 547 558 542 548 561 548 601 607 577 579 563 534 516 477 511 524 515 528 541 543 546 602 590 605 576 593 607 588 592 541 538 521 527 558 519 543 610 585 497 518 517 545 549 583 574 540 584 576 530 520 539 565 586 610 568 565 548 548 537 542 542 569 582 592 565 579 584 580 560 536 562 592 565 530 554 503 492 521 557 563 505 463 511 526 538 521 554 568 530 515 508 490 489 549 547 566 569 568 541 533 491 502 528 499 535 536 543 525 547 530 544 528 533 582 574 603 603 559 517 481 499 535 520 503 507 520 516 539 527 549 528 564 572 554 592 564 593 593 562 559 533 472 478 527 571 563 545 559 589 580 568 535 521 557 512 534 549 547 524 587 588 564 538 556 553 541 569 541 519 537 609 588 545 511 519 520 517 554 608 555 569 554 548 517 480 509 502 519 525 542 566 544 498 521 542 553 532 554 604 565 558 528 545 574 592 605 542 523 544 557 541 544 541 531 570 576 559 562 595 577 594 601 573 537 505 514 541 585 588 548 582 583 554 540 540 537 578 554 504 494 502 507 502 571 544 534 493 487 520 527 558 539 532 524 511 552 522 484 504 565 534 578 585 549 564 567 540 530 547 535 534 545 535 548 545 563 594 606 577 558 523 547 516 517 518 524 494 538 528 548 514 512 498 535 529 535 550 548 587 560 552 564 584 566 531 552 590 561 563 562 553 526 534 589 542 548 568 532 579 597 574 543 546 518 525 544 544 609 589 580 585 598 538 540 529 547 527 544 557 545 581 582 528 521 561 576 580 569 540 572 550 525 514 508 564 568 550 514 534 548 562 560 569 537 510 526 564 575 591 551 529 511 530 572 555 524 544 574 581 550 527 516 540 539 527 501 520 552 544 536 512 515 534 555 520 535 598 583 543 546 537 525 532 513 529 505 552 541 543 528 555 541 572 568 529 538 515 519 508 548 584 566 558 574 599 578 579 565 555 530 496 474 503 526 534 544 559 551 557 508 532 517 505 494 526 558 575 581 570 547 553 540 535 523 530 539 524 544 558 586 550 539 555 564 565 563 555 563 532 529 543 536 533 543 534 511 563 550 549 532 521 548 543 565 547 555 525 494 483 489 513 523 498 530 559 584 607 562 568 511 504 531 565 555 546 568 605 589 580 555 535 521 539 556 511 506 541 527 575 587 540 547 505 509 536 572 583 566 513 491 496 549 560 558 536 506 532 544 524 539 547 567 537 504 502 486 506 530 556 593 534 545 531 532 511 529 544 532 504 519 534 528 529 541 535 567 558 527 516 550 582 538 546 529 509 537 530 522 532 488 479 529 524 514 552 524 532 521 502 456 496 517 546 538 549 592 565 576 597 607 565 523 496 521 547 549 504 493 517 544 534 506 556 556 536 562 583 559 548 541 544 533 545 526 559 542 542 541 576 524 538 537 533 518 558 559 547 533 543 560 555 552 559 539 531 509 547 580 568 548 536 546 571 566 564 565 524 507 524 533 514 525 550 566 518 502 537 546 552 543 511 557 529 529 537 527 481 529 557 597 554 514 525 499 524 528 542 519 523 522 539 537 518 519 490 521 561 585 550 541 571 554 545 583 617 580 543 577 551 556 585 587 591 593 584 583 581 530 548 576 531 540 545 549 553 557 535 
vem trace:

stid: 342
spdistance: 836.822
radio trace:
459 461 462 490 502 472 486 475 488 473 487 502 506 517 470 494 495 461 469 476 503 509 513 540 516 479 479 489 489 456 453 452 435 451 504 499 473 454 465 468 477 452 473 484 516 493 477 482 484 542 535 499 527 503 476 484 501 515 534 516 530 541 502 461 445 468 472 487 518 476 465 468 491 488 488 492 481 477 461 471 503 491 485 466 454 468 499 483 476 461 415 462 490 479 492 511 492 478 498 484 510 511 505 490 455 462 459 477 486 475 473 469 483 511 483 464 489 492 464 475 465 463 471 482 498 499 494 461 496 502 529 512 521 528 528 504 460 455 480 500 495 528 516 528 504 491 488 471 460 473 483 451 451 454 442 462 474 480 487 501 513 524 504 496 478 465 468 510 488 452 469 505 492 482 458 448 462 470 499 503 466 483 494 489 448 441 476 457 493 507 506 494 479 492 468 421 443 468 459 464 476 508 503 511 505 485 492 519 491 485 464 481 490 472 458 451 457 487 438 424 486 521 485 483 473 460 492 467 472 476 498 519 508 450 445 459 478 472 484 496 472 513 543 509 492 477 468 454 519 541 486 462 460 426 451 468 506 532 545 488 456 454 485 454 439 445 462 457 497 520 493 486 500 490 489 494 506 459 426 462 490 492 466 464 457 465 424 455 493 479 440 428 426 470 524 467 483 472 460 460 435 439 487 502 480 494 514 510 485 482 486 476 461 489 504 522 505 508 492 489 474 474 482 507 496 477 497 507 532 508 505 500 462 486 443 445 464 446 479 477 473 471 447 474 474 462 476 511 475 469 475 456 487 510 478 457 489 513 490 461 469 494 501 482 469 485 516 534 487 486 461 471 465 473 474 511 507 479 511 521 466 455 476 475 456 487 492 478 486 503 475 493 493 484 473 481 468 480 508 493 490 491 468 471 463 473 469 478 503 475 468 481 503 505 482 494 521 517 511 477 485 476 465 455 425 449 489 473 482 487 475 502 501 486 498 487 472 463 461 488 468 488 517 495 485 507 507 476 474 469 457 462 464 447 454 488 485 483 462 487 508 497 499 482 447 490 495 517 551 528 522 482 466 464 499 488 483 470 459 465 506 520 520 497 462 456 463 470 529 495 474 474 435 430 441 433 425 408 456 469 514 521 469 439 457 466 471 470 466 477 498 499 490 503 479 455 459 470 498 490 493 514 498 457 480 477 457 483 487 502 463 431 460 482 462 477 463 445 455 470 475 481 479 500 503 495 515 502 513 486 464 487 496 518 529 497 492 513 527 513 487 487 478 524 483 451 458 484 516 459 444 456 442 475 472 480 449 426 500 529 518 520 548 527 531 532 485 474 491 509 519 497 487 520 502 490 490 504 503 497 506 534 526 503 525 510 513 498 513 512 505 500 505 475 459 484 522 506 474 437 449 475 490 515 476 472 474 480 482 502 495 469 477 468 462 491 492 501 515 520 522 520 482 510 523 533 507 478 486 515 498 456 454 466 478 467 482 475 487 466 459 463 474 462 439 472 447 490 503 500 486 488 486 478 483 457 436 453 455 484 472 492 453 438 494 459 437 461 493 482 439 433 461 458 465 437 468 498 481 475 496 504 499 493 489 471 463 501 513 500 476 475 532 519 500 492 478 486 476 492 484 472 454 454 489 464 490 472 497 499 480 497 522 511 500 506 487 477 473 455 447 519 498 502 490 479 489 497 508 499 486 471 481 505 517 486 486 500 490 505 526 474 468 471 469 484 492 494 
vem trace:

stid: 343
spdistance: 976.992
radio trace:
453 477 480 493 476 499 477 471 501 500 507 498 493 490 480 475 486 461 440 457 464 489 485 471 494 455 449 472 488 484 476 475 453 460 487 491 493 477 466 476 454 475 467 463 459 441 458 466 494 494 469 466 475 506 515 492 462 458 462 468 491 476 465 501 470 446 450 463 452 477 477 469 465 438 431 470 489 483 455 474 474 487 488 464 439 446 480 486 483 472 468 459 473 473 470 467 455 450 445 481 520 479 471 462 450 448 483 487 507 514 494 498 499 511 502 492 498 497 485 474 467 495 490 498 514 493 461 425 460 478 460 470 459 481 463 489 496 498 475 476 484 513 511 515 509 472 475 472 466 488 509 489 468 483 492 490 486 483 465 463 437 452 454 452 465 473 464 475 496 487 479 466 469 467 498 476 453 465 476 496 506 505 483 487 472 462 449 444 460 449 478 504 515 496 466 468 463 471 459 488 475 497 477 467 438 441 451 449 448 461 460 472 463 481 478 496 510 496 485 497 502 490 491 474 454 492 465 465 468 481 492 469 480 501 469 479 480 474 473 495 513 509 479 485 480 474 481 489 464 478 453 463 483 483 470 485 477 490 491 479 453 471 469 471 471 472 458 464 463 459 463 457 488 484 491 498 474 474 466 443 423 429 423 456 463 465 475 477 471 477 491 505 496 483 479 450 458 468 453 473 475 450 478 482 468 454 488 483 461 469 484 502 502 475 451 485 482 487 484 492 468 458 461 465 490 489 483 494 474 458 454 462 474 482 467 479 481 484 520 505 498 497 467 443 414 431 454 504 472 470 497 482 495 482 489 480 489 491 492 491 502 479 465 471 479 454 473 473 458 474 465 476 510 514 485 456 471 467 457 442 463 481 462 473 459 454 477 473 471 490 481 456 488 470 454 447 468 469 469 450 476 469 457 477 493 494 484 484 498 495 488 466 491 510 475 462 496 492 502 470 458 478 460 465 453 451 453 448 460 453 462 468 506 491 479 456 461 452 472 454 452 468 487 484 470 459 447 498 494 472 453 448 461 485 498 526 500 477 474 472 476 474 485 486 471 461 478 476 474 478 483 486 474 490 456 440 450 444 472 494 490 504 496 513 500 494 490 495 450 451 459 451 464 446 466 464 460 453 415 438 429 460 460 450 448 459 478 500 483 490 460 460 449 455 462 478 489 478 463 486 494 485 498 497 489 450 458 498 495 479 448 453 446 485 467 465 460 480 478 478 518 495 481 493 476 461 472 467 463 456 469 462 468 446 462 482 480 480 475 464 463 474 471 463 449 485 491 515 523 488 480 500 482 462 470 483 489 497 485 463 472 479 478 450 465 434 457 469 498 495 468 484 488 485 495 491 488 469 457 481 490 470 476 481 489 479 477 485 476 464 462 448 450 467 436 467 487 487 498 459 468 452 423 442 477 481 502 482 467 468 455 470 471 493 491 474 455 464 483 474 460 467 503 489 466 467 475 478 486 485 466 452 441 460 472 485 466 464 460 480 478 481 454 462 469 495 496 503 498 481 476 486 478 492 490 470 493 480 467 455 456 466 469 462 478 472 481 449 441 450 486 463 495 518 474 469 469 459 465 491 503 476 480 451 501 476 442 454 471 493 466 470 468 494 483 480 481 477 498 483 473 476 471 459 486 476 484 475 489 496 481 465 452 479 466 501 487 491 488 491 486 467 471 478 470 483 477 483 489 455 455 462 437 473 462 461 458 501 511 483 480 484 497 495 474 474 449 446 
vem trace:

stid: 332
spdistance: 1591.41
radio trace:
585 575 571 529 521 531 556 566 564 557 556 561 528 556 563 556 582 565 602 588 573 568 586 577 556 552 549 569 589 606 618 603 553 616 586 498 518 557 574 547 546 561 575 582 572 555 561 563 592 583 542 527 560 574 514 509 516 525 548 590 615 613 559 508 560 583 579 577 587 549 537 571 582 597 560 526 559 558 591 565 519 517 523 543 553 542 558 560 576 583 605 599 619 581 559 549 557 541 554 569 536 569 588 536 525 563 551 594 595 563 548 542 571 558 572 562 557 558 529 552 558 534 539 539 525 502 542 547 531 524 519 568 618 609 576 559 563 543 576 557 552 561 554 560 576 556 556 543 549 551 552 558 549 528 542 563 537 521 521 525 527 556 565 559 582 551 531 508 522 526 559 545 556 542 532 528 574 537 518 489 529 530 540 522 539 566 524 475 477 503 551 604 592 602 591 567 552 556 578 544 542 535 584 583 546 545 518 524 548 572 573 539 540 547 552 566 547 539 570 540 506 525 540 561 543 495 506 521 495 516 541 571 583 562 536 522 553 570 588 563 510 530 549 563 567 548 558 570 551 543 536 556 583 593 554 552 570 560 560 517 513 581 575 577 599 593 572 570 581 549 589 605 597 571 554 555 584 572 572 555 567 604 617 594 543 524 558 584 566 537 553 563 567 579 594 574 553 550 529 548 551 549 574 578 564 555 566 561 544 526 554 570 557 519 519 540 531 548 560 539 527 541 523 570 556 557 578 562 587 556 553 519 532 558 520 523 549 587 526 524 551 555 578 552 563 569 575 562 537 571 573 555 575 541 563 548 555 589 572 573 564 549 532 514 554 598 549 508 572 574 580 558 566 550 529 539 564 582 565 554 560 591 563 563 566 557 585 582 538 528 560 589 575 518 528 544 578 564 572 571 588 598 583 585 587 590 563 563 582 564 565 572 541 505 522 548 531 563 537 550 551 542 538 563 576 577 533 552 546 520 533 548 565 573 586 571 568 580 507 511 534 574 530 533 538 543 526 595 608 606 575 603 567 540 571 594 560 523 559 560 573 560 554 567 545 563 580 530 519 534 538 600 618 594 578 558 545 531 519 524 556 532 541 555 588 564 582 583 569 569 560 542 557 557 550 554 561 556 548 564 581 545 544 573 557 547 531 564 555 564 524 538 574 587 576 567 547 559 524 576 576 542 523 583 612 618 580 591 569 587 603 583 552 529 542 554 552 567 561 543 527 553 542 504 504 541 548 554 590 584 575 567 584 573 545 502 514 559 573 554 555 538 580 572 559 562 575 588 570 573 540 543 528 551 545 544 536 543 582 569 578 572 565 526 542 546 558 527 528 531 564 581 574 565 519 552 548 553 574 584 532 569 569 546 554 571 573 558 546 496 484 473 507 524 566 540 602 596 585 555 551 557 573 560 533 539 503 510 530 527 535 563 569 579 564 545 537 543 562 609 587 561 541 542 544 514 516 545 559 550 532 556 590 558 587 562 570 571 597 575 560 597 567 567 583 573 588 603 594 557 505 523 566 568 553 571 565 551 553 538 530 564 569 571 572 577 556 547 547 580 544 561 538 526 529 546 561 575 579 551 551 551 555 531 558 572 532 549 562 546 564 603 609 585 561 533 541 561 558 545 540 557 575 553 546 562 541 526 527 552 555 550 558 559 551 549 574 597 560 515 502 489 522 515 521 506 494 522 543 518 550 571 578 570 591 585 540 571 555 517 490 483 512 512 553 561 551 538 
vem trace:

