SDId: 34738709
energy: 1.45563e+18
zenith: 1.00673
azimuth: 4.7188
GPSSeconc: 1126701227
stid: 333
spdistance: 549.638
radio trace:
446 450 417 399 454 471 462 439 435 439 461 464 491 472 481 458 424 429 426 400 404 449 437 421 467 481 510 464 444 428 433 443 451 440 446 469 454 418 439 437 461 476 468 481 482 452 460 464 447 448 458 450 443 430 379 370 421 442 453 453 464 454 440 432 459 439 424 436 446 409 449 468 473 446 468 489 434 445 458 463 436 459 442 438 440 438 450 441 447 448 410 420 443 437 467 419 403 428 444 413 402 415 427 429 445 466 437 413 405 452 477 476 469 494 525 495 481 432 404 428 404 432 457 432 435 426 437 443 416 418 405 416 402 459 455 483 460 431 429 471 467 436 457 453 428 443 415 405 406 465 466 463 464 459 446 492 449 452 447 434 424 415 429 453 453 444 411 421 422 442 425 459 466 444 418 455 453 465 451 403 405 418 388 408 455 463 456 477 486 448 458 464 460 454 442 434 444 465 431 435 469 502 472 488 490 511 487 446 450 464 454 436 469 450 439 459 447 444 446 426 385 421 414 423 397 427 459 448 471 425 409 415 447 441 456 434 415 426 419 414 423 446 447 465 440 418 416 455 427 416 451 443 477 461 470 420 420 413 424 441 448 458 440 428 408 441 446 436 410 415 410 400 433 464 438 435 397 423 456 464 453 426 428 433 465 480 455 476 465 433 451 453 430 425 407 399 421 468 491 486 457 449 443 443 460 438 415 441 455 408 410 419 442 461 455 474 494 500 463 451 429 427 425 444 437 443 437 461 431 489 483 446 416 459 470 471 462 449 460 438 456 454 483 462 449 457 469 451 435 443 446 443 443 454 452 473 453 438 459 482 445 468 456 398 387 409 401 415 450 415 442 452 436 469 475 489 439 444 453 460 442 420 410 389 404 432 452 433 438 406 450 436 422 421 461 428 455 428 424 414 388 389 426 427 407 426 385 402 426 388 395 416 440 455 464 457 466 444 447 445 451 432 439 461 417 450 448 448 487 471 448 440 429 410 383 408 445 464 454 435 428 419 433 438 441 444 438 423 449 388 371 404 406 452 450 477 468 461 457 422 428 407 391 387 419 447 443 464 442 436 420 434 416 407 433 445 465 466 470 421 439 464 487 452 422 366 408 429 449 473 448 441 442 430 400 417 424 433 444 457 451 435 433 446 456 463 450 491 480 450 466 477 438 431 400 409 409 422 462 420 401 371 393 440 431 446 446 438 423 422 437 426 454 461 467 498 461 478 465 439 442 438 441 438 431 446 429 420 423 388 421 442 432 426 433 436 449 437 431 426 419 427 428 462 439 423 402 387 418 447 459 447 460 474 456 480 474 454 416 410 454 467 448 463 432 436 413 458 432 413 420 407 385 405 396 433 442 468 480 457 430 440 405 408 416 409 439 434 423 422 428 433 442 486 488 470 446 417 446 443 395 395 429 407 405 410 454 457 431 424 421 440 420 432 447 457 437 429 434 446 460 450 436 449 430 418 423 423 408 394 422 463 460 435 432 438 442 457 427 418 444 488 473 482 479 497 469 433 428 450 439 443 468 443 425 452 436 438 423 439 441 448 448 405 418 430 444 425 444 450 479 478 465 484 470 467 482 497 490 489 483 454 437 452 489 483 483 481 466 459 443 442 423 456 501 477 430 421 431 395 406 416 407 435 478 458 445 443 441 414 441 445 448 425 448 456 443 459 464 445 452 454 458 428 429 431 427 442 476 480 479 467 459 460 435 433 419 413 435 405 427 446 460 385 429 442 452 469 
vem trace:

stid: 342
spdistance: 1054
radio trace:
451 460 482 461 428 421 417 429 460 454 466 453 435 433 449 442 435 416 415 410 387 389 411 416 437 411 407 393 392 409 448 428 410 413 375 420 441 459 444 447 429 457 488 452 446 457 424 426 441 432 421 414 430 417 409 433 444 416 393 399 393 413 425 417 430 423 414 402 386 428 400 388 413 433 408 410 451 437 411 401 424 418 406 393 414 430 433 418 425 439 433 468 469 437 435 476 456 453 431 447 443 424 443 391 425 441 445 423 411 420 412 425 441 399 402 418 414 408 436 433 437 400 419 458 471 471 468 463 455 448 483 474 426 421 430 395 413 471 445 430 402 379 380 428 420 431 448 436 446 455 436 441 448 433 418 425 472 467 411 395 389 405 412 441 466 461 430 431 444 431 447 461 475 475 438 414 403 408 420 412 418 407 418 426 422 432 430 436 407 427 416 422 444 437 456 449 437 434 407 416 411 424 424 447 475 493 445 453 434 408 425 429 425 424 429 404 433 420 420 457 456 431 422 418 436 467 413 394 397 422 449 425 426 437 452 463 450 455 430 423 433 426 440 457 448 352 370 405 406 395 403 431 423 431 450 452 462 439 431 406 400 424 441 451 426 433 467 467 460 453 448 444 417 417 380 390 415 399 429 430 435 451 431 431 437 441 418 418 406 386 391 401 429 428 419 433 418 421 403 424 421 444 432 450 448 445 421 437 434 458 448 431 428 451 462 458 447 429 429 419 404 398 405 377 408 415 422 419 452 455 439 405 385 413 424 427 433 430 434 449 403 431 428 433 461 440 471 477 474 465 471 450 424 451 451 433 419 410 425 437 444 438 475 477 443 412 437 414 440 436 428 428 416 407 412 393 437 448 427 412 462 461 414 413 416 437 442 425 436 432 462 461 442 456 444 443 409 402 405 407 407 422 457 426 417 431 434 436 442 428 424 434 423 412 420 449 486 487 442 418 428 446 434 439 428 434 396 428 409 435 439 406 398 439 451 446 439 422 401 453 483 445 422 427 442 420 390 432 387 349 412 429 416 431 410 403 423 437 455 472 451 444 433 472 431 420 422 440 438 457 432 427 402 426 445 463 433 435 441 441 450 427 427 447 416 402 408 424 452 459 469 485 440 453 437 430 411 437 456 468 443 451 425 425 430 427 403 416 437 436 447 433 441 430 462 482 443 393 389 409 421 450 448 451 455 429 442 433 414 450 455 436 423 425 441 456 443 431 434 438 447 440 405 447 444 438 428 423 436 433 410 431 442 449 441 455 442 452 449 445 421 387 425 445 420 415 434 419 407 396 430 450 432 421 424 413 390 430 447 432 442 441 422 415 421 439 475 454 438 464 446 470 432 423 425 457 449 466 436 409 421 440 424 405 415 412 442 460 480 466 446 424 425 417 422 430 463 437 436 402 403 434 423 448 455 478 436 422 407 420 419 431 412 404 424 411 440 440 431 425 420 444 438 421 428 408 399 410 446 440 432 428 450 463 450 448 428 425 450 426 434 425 433 446 449 409 418 408 433 436 428 413 445 437 386 403 417 455 455 441 410 437 421 444 411 414 453 436 416 402 401 404 425 436 470 460 456 485 469 448 426 430 453 462 453 436 424 433 452 453 471 450 418 410 438 448 430 398 408 420 431 449 448 446 463 444 428 447 435 409 413 438 468 459 445 463 460 450 440 428 428 414 436 454 433 430 424 436 463 464 450 451 462 436 461 463 435 438 408 408 425 424 431 399 401 425 441 437 
vem trace:

stid: 332
spdistance: 1095.35
radio trace:
533 515 485 484 527 550 536 533 519 486 509 550 552 540 531 533 546 522 521 545 546 546 532 524 544 540 573 542 567 559 538 568 552 560 559 552 557 548 539 541 515 522 515 539 571 548 532 553 548 535 541 519 544 566 551 520 518 517 483 518 509 512 533 519 525 539 539 559 528 505 520 536 548 520 478 489 552 540 534 518 513 504 499 506 549 542 536 560 555 582 556 570 552 526 518 538 545 553 571 539 516 540 554 564 527 526 554 544 570 540 518 524 527 493 524 544 553 519 505 496 475 507 511 529 550 537 535 538 542 505 521 514 541 555 542 538 554 533 530 541 525 511 508 529 514 552 515 514 542 535 535 545 532 514 538 528 514 505 528 538 541 585 573 529 480 486 499 504 519 536 518 522 540 507 523 519 524 559 549 527 525 523 555 551 547 535 505 553 547 547 586 564 564 572 533 529 549 545 519 504 536 508 528 543 561 539 527 538 539 545 544 540 551 495 508 516 546 545 546 585 570 555 572 516 541 554 587 547 516 500 518 565 538 569 531 526 543 523 538 544 532 548 568 561 568 555 534 568 572 577 554 541 536 577 548 511 496 539 536 529 531 529 499 510 552 539 528 538 536 510 514 536 519 537 527 512 519 487 517 541 524 521 522 564 530 505 500 494 482 510 515 533 533 530 497 507 521 519 553 547 533 532 515 521 497 503 531 522 522 495 532 566 546 509 519 508 554 528 523 537 553 517 489 501 471 499 540 524 520 514 531 523 518 516 535 510 505 539 556 552 576 563 535 536 548 542 541 537 520 531 548 524 536 547 567 538 543 544 541 502 531 548 518 519 545 508 526 517 544 538 537 528 552 553 516 551 572 568 559 594 565 544 529 542 540 549 546 525 489 505 526 548 569 541 506 490 499 550 580 569 548 545 561 547 545 516 545 514 525 529 555 599 560 538 552 537 553 538 545 555 557 544 537 529 533 528 519 509 537 566 550 544 554 567 570 557 543 525 534 523 502 542 523 500 539 533 524 529 491 497 506 509 505 515 533 532 527 519 519 503 536 506 496 526 539 546 540 548 531 527 511 515 535 537 562 579 591 540 515 534 544 530 523 516 530 509 494 526 514 555 568 556 554 533 531 537 497 486 503 518 519 517 535 540 525 518 530 465 512 494 478 519 520 527 482 488 506 534 568 583 554 545 558 493 501 539 528 536 532 524 509 482 534 560 529 523 520 512 507 522 541 499 507 507 497 531 548 559 545 532 584 511 504 504 512 524 551 538 515 508 498 510 531 540 520 500 479 485 491 511 502 491 530 526 505 497 515 552 516 527 540 556 543 525 509 503 523 544 521 555 550 553 534 545 517 527 535 545 555 517 549 560 564 557 518 535 523 510 537 550 565 557 537 508 508 493 552 586 548 524 559 557 530 538 533 512 498 536 523 509 525 551 562 536 514 529 530 530 512 529 546 522 520 525 524 530 525 540 546 513 519 506 510 528 539 563 530 552 535 517 533 559 553 561 551 564 520 521 526 526 537 534 541 567 541 524 533 533 518 514 505 522 523 536 514 502 512 562 561 551 560 573 555 577 543 546 548 535 514 530 514 523 498 515 532 524 515 504 510 525 509 564 579 563 554 569 516 496 521 534 532 517 548 509 519 496 497 493 502 475 488 527 534 552 559 558 544 538 520 531 537 574 575 593 570 522 512 543 530 533 563 553 529 544 558 547 494 504 527 524 536 572 541 555 553 533 512 514 
vem trace:

