SDId: 34767157
energy: 2.18001e+18
zenith: 0.664583
azimuth: 2.55539
GPSSeconc: 1126871679
stid: 333
spdistance: 1370.42
radio trace:
446 462 442 465 460 439 427 435 449 441 422 425 436 449 441 440 473 466 452 461 449 454 455 432 403 425 460 455 457 449 410 419 418 418 410 390 428 453 465 453 409 397 417 438 464 454 446 465 460 445 452 485 477 447 433 424 441 439 459 453 439 431 432 464 446 438 472 446 453 448 448 450 454 423 446 426 448 480 459 453 447 440 443 436 449 423 421 458 470 449 468 449 413 452 410 382 392 403 418 399 392 409 458 447 411 435 468 424 420 413 388 404 424 424 428 420 415 432 424 406 402 428 445 451 427 434 431 433 411 430 450 459 424 414 405 392 412 403 411 416 400 420 448 422 462 447 422 452 448 428 403 435 453 464 450 429 411 417 467 477 473 448 395 423 445 456 453 428 445 472 494 488 438 447 426 412 429 425 420 460 458 482 470 432 448 470 448 438 413 430 427 409 399 413 439 465 464 448 445 449 431 408 431 435 439 420 426 430 444 392 421 460 447 450 473 470 408 427 424 437 477 444 426 460 476 454 409 392 396 421 437 455 411 420 431 438 442 447 448 433 439 422 423 439 430 421 417 430 436 450 453 449 415 426 404 413 444 470 462 442 479 483 473 446 410 429 406 451 424 404 404 432 454 432 453 423 450 426 427 419 393 410 432 408 428 455 442 445 485 465 445 441 427 442 421 398 348 383 415 415 434 455 463 474 463 448 486 462 459 447 472 445 427 401 410 391 404 416 417 437 449 398 387 412 423 416 395 399 392 397 399 418 434 426 449 476 456 439 438 434 442 461 437 447 442 448 479 434 433 428 414 442 432 437 419 444 449 414 439 419 423 442 454 422 447 471 432 426 425 456 460 465 413 454 457 439 432 438 437 450 417 426 430 437 414 436 447 441 401 390 372 411 427 421 438 438 456 456 440 457 472 475 443 440 405 410 416 400 450 465 467 428 450 441 465 463 414 453 454 465 437 429 384 384 383 387 424 432 403 450 456 452 453 422 431 423 421 423 425 437 458 448 477 475 489 477 459 463 459 432 431 418 396 404 426 424 416 372 387 382 415 461 488 487 457 464 474 461 415 442 433 442 454 436 429 395 348 372 409 410 441 443 428 413 410 412 425 442 461 480 450 442 431 459 484 478 475 452 458 435 413 437 412 402 440 457 447 426 415 449 454 418 419 456 448 465 440 454 451 505 456 429 426 424 430 417 448 453 438 453 445 464 410 401 434 454 443 453 446 443 401 422 428 422 405 421 407 388 392 419 440 451 419 420 423 425 435 469 478 448 439 424 427 439 417 413 423 423 464 456 432 433 424 398 416 430 430 460 422 420 420 441 405 391 421 440 432 404 435 410 426 422 411 428 454 440 448 458 453 423 410 405 396 430 419 445 480 454 450 476 419 430 434 403 416 438 398 401 415 393 411 412 407 399 412 392 368 416 417 429 423 457 465 470 481 448 442 420 448 413 403 397 424 433 423 429 429 412 414 403 459 437 416 420 435 428 411 398 437 451 451 428 441 434 414 415 429 434 441 442 411 413 416 457 463 455 443 427 419 411 429 399 396 421 426 436 412 409 407 430 481 453 469 418 417 444 396 416 430 441 442 417 410 400 423 441 434 454 440 403 370 360 389 399 426 431 396 400 415 448 465 473 451 447 408 397 398 422 388 407 422 438 454 444 469 446 460 444 421 440 442 432 482 452 445 425 435 434 424 432 488 493 435 437 429 449 425 449 420 397 436 456 434 444 446 461 417 429 
vem trace:

stid: 343
spdistance: 2745.54
radio trace:
407 414 395 369 384 450 452 452 451 455 447 429 469 475 465 445 435 453 435 437 443 443 430 430 417 405 435 450 456 439 464 431 407 450 465 469 449 453 431 443 451 436 447 434 440 437 419 389 428 453 445 448 466 456 465 448 447 458 453 453 462 461 466 463 433 416 406 412 446 425 440 444 443 411 451 454 416 418 431 459 464 455 438 445 438 433 448 462 483 476 449 441 442 456 473 454 458 467 430 440 436 425 434 426 440 407 413 425 437 432 445 463 451 433 440 459 441 444 458 468 466 483 485 470 450 431 453 464 446 425 444 402 425 424 438 456 473 490 465 438 449 464 469 466 477 460 452 442 420 444 458 427 410 417 436 423 408 427 452 458 450 451 455 433 446 435 454 437 462 468 457 492 483 484 478 470 456 432 440 466 424 428 439 448 425 418 439 412 422 433 461 457 438 426 459 489 468 449 434 429 443 437 438 431 450 432 428 435 415 429 431 427 428 440 417 424 427 437 481 498 463 452 432 409 447 434 433 426 433 437 415 422 457 467 428 461 481 468 449 440 423 452 441 456 439 457 445 464 449 446 441 452 446 431 417 440 421 459 471 421 430 426 442 445 437 415 434 433 450 431 400 392 405 440 439 428 453 449 445 424 428 408 432 433 433 437 458 459 460 474 463 454 446 463 440 418 416 446 447 412 426 423 425 432 464 455 439 458 462 456 439 443 435 464 451 464 439 434 450 453 464 465 468 417 413 419 424 411 428 436 435 425 447 458 461 434 458 443 446 455 458 434 425 467 475 458 435 419 440 438 425 440 427 450 432 460 445 460 435 428 434 421 446 435 456 433 442 440 460 484 455 437 428 400 441 455 452 463 470 450 443 417 440 419 422 439 449 430 410 420 415 441 455 469 444 448 435 433 445 455 443 452 413 407 412 422 448 441 420 422 464 474 452 460 428 419 422 446 445 442 430 459 447 436 445 453 426 456 467 452 457 451 463 467 453 456 418 413 436 453 455 450 441 464 478 443 421 377 396 401 424 425 421 416 438 459 435 424 453 431 452 454 459 438 427 428 427 427 437 456 440 418 404 413 422 459 457 494 464 441 468 459 450 445 409 440 425 396 386 444 474 489 457 442 440 440 463 462 460 457 487 475 448 426 433 423 439 419 432 431 423 432 449 446 433 429 435 443 410 415 423 445 445 452 459 439 434 438 441 439 440 432 439 449 425 421 420 399 399 451 459 434 408 431 458 454 417 427 421 416 419 428 437 448 456 440 459 456 436 446 441 462 435 456 457 447 466 453 448 461 449 438 450 453 475 460 475 470 476 453 463 442 434 451 452 415 442 435 437 416 402 422 446 471 476 459 443 441 435 415 401 418 430 444 432 446 441 420 429 423 452 440 410 415 434 447 451 432 434 423 443 465 493 466 476 492 472 448 456 489 498 478 446 422 418 436 454 458 470 474 480 485 442 462 457 475 452 458 470 453 454 431 441 459 437 438 449 435 429 414 436 436 447 455 463 446 460 458 440 436 449 461 460 442 445 449 442 436 455 423 423 433 463 448 450 433 440 441 433 434 435 445 443 430 437 433 410 431 433 413 445 434 432 440 449 442 430 448 448 451 463 413 447 430 446 443 438 448 450 449 458 456 442 444 422 427 461 485 456 434 445 459 441 434 418 433 467 465 446 451 454 446 430 401 419 432 441 448 471 450 462 461 452 441 422 411 444 473 453 455 470 478 445 442 443 476 471 478 
vem trace:

