SDId: 34496331
energy: 4.42321e+17
zenith: 0.222718
azimuth: 2.73013
GPSSeconc: 1125227746
stid: 343
spdistance: 677.751
radio trace:
461 454 458 470 439 459 434 439 443 425 456 433 422 437 427 429 418 422 418 423 421 431 423 397 381 399 407 435 457 424 413 413 416 374 406 431 446 408 444 434 451 427 430 419 406 442 429 440 441 448 450 429 434 435 442 469 427 425 412 420 396 418 441 422 397 412 422 410 431 454 445 467 444 443 421 428 441 437 424 408 403 393 417 409 396 404 401 426 424 395 378 374 395 425 410 413 405 428 428 431 420 446 406 413 447 449 436 453 437 427 444 435 440 408 409 428 445 440 439 421 423 456 435 442 452 457 456 427 415 415 408 421 447 434 421 417 433 430 417 436 442 439 431 441 459 434 404 438 445 447 447 441 424 459 452 442 427 396 410 417 452 456 444 419 435 448 438 452 457 424 418 450 472 425 411 421 447 446 452 448 467 464 462 444 433 445 431 428 436 406 447 451 463 440 406 408 430 449 430 432 425 431 451 469 445 402 414 411 441 450 465 452 447 445 446 439 438 398 391 384 388 413 397 411 443 438 450 432 415 453 449 427 471 462 449 423 417 410 396 425 433 423 420 436 455 428 448 478 475 454 460 458 458 461 403 415 416 438 454 442 430 425 423 394 410 432 406 405 420 439 420 423 404 397 437 452 444 432 449 464 421 422 435 436 415 403 384 425 425 429 419 441 459 420 434 451 421 418 413 411 415 420 412 418 428 450 478 451 431 432 442 432 440 445 448 447 425 409 425 409 412 430 403 411 439 448 442 445 450 414 428 438 422 413 392 419 440 411 387 414 451 455 443 445 447 445 453 458 427 445 444 454 457 442 458 440 434 431 429 434 421 422 431 411 397 369 384 413 418 419 437 436 445 415 407 403 423 433 457 458 451 449 474 471 459 462 449 422 438 443 478 469 453 435 443 442 441 465 467 443 443 426 442 453 430 436 444 436 425 425 442 415 433 434 433 415 418 447 431 411 416 408 412 422 440 443 424 414 443 433 453 441 439 447 470 439 435 417 403 413 406 400 439 458 448 466 452 449 445 415 427 407 455 464 459 458 457 446 432 459 437 430 443 450 435 452 434 408 388 420 417 428 451 441 440 424 429 458 479 440 472 480 440 435 450 423 424 432 444 418 430 435 431 411 431 431 427 439 455 449 459 456 436 467 469 427 440 462 443 443 457 475 485 493 475 480 463 472 465 452 464 453 467 435 406 420 452 442 422 418 417 416 399 407 413 408 399 428 393 422 392 418 400 438 452 463 472 452 424 426 456 459 451 439 436 443 426 433 434 459 435 418 404 391 410 420 449 453 466 494 464 447 461 468 450 450 427 411 433 422 464 422 459 438 407 420 435 435 416 419 418 417 443 474 434 442 449 465 449 425 408 393 425 434 420 446 469 450 441 419 428 438 420 414 407 430 431 446 439 401 412 416 415 429 428 400 427 439 434 450 439 415 416 441 442 447 460 434 387 391 425 418 413 426 420 434 417 396 398 412 452 475 475 434 406 409 415 459 415 405 423 408 408 437 438 423 413 399 381 385 426 460 450 445 413 417 399 437 428 462 481 453 448 443 433 384 403 407 447 468 460 442 452 468 434 459 461 413 408 411 417 413 420 385 399 399 401 421 445 458 465 464 432 433 440 439 473 443 435 418 432 442 423 419 435 440 434 432 428 432 427 411 434 444 465 430 386 414 419 428 404 399 436 448 443 485 469 415 418 432 445 440 465 434 429 456 437 406 437 419 428 449 450 439 442 450 461 439 
vem trace:

stid: 341
spdistance: 833.648
radio trace:
508 457 453 474 463 478 479 476 513 498 487 506 485 480 461 463 498 504 530 491 473 456 458 439 478 447 421 491 516 509 494 467 463 459 487 513 472 492 481 478 439 469 485 457 486 508 527 520 520 541 543 505 468 481 457 433 437 450 492 503 477 464 457 459 423 477 498 444 468 472 460 428 450 496 490 438 438 447 460 486 463 498 526 526 506 525 491 500 471 506 511 512 461 456 478 443 430 461 463 480 478 484 500 509 500 513 505 523 512 520 485 427 432 470 468 469 464 478 482 491 465 453 494 509 537 490 473 475 501 477 455 479 454 449 468 490 477 505 458 415 462 475 508 519 497 493 515 505 499 520 502 484 451 478 503 523 527 511 516 525 477 471 511 480 492 473 442 439 441 430 445 466 470 505 459 437 484 455 450 453 494 531 532 530 503 501 488 490 479 478 503 464 461 475 463 453 509 498 515 477 483 497 473 479 484 495 498 499 503 499 511 496 463 487 485 486 502 502 480 489 508 477 460 455 485 491 503 487 472 474 461 493 497 494 519 529 540 524 511 494 478 472 450 428 480 482 468 479 462 476 472 498 467 434 421 439 443 471 451 481 488 490 509 521 530 514 515 524 485 431 429 445 513 503 497 501 506 478 480 470 506 506 521 490 496 504 502 463 445 449 472 507 477 438 436 474 489 464 490 438 455 470 453 450 472 517 516 516 516 535 552 532 528 469 495 533 536 482 455 508 506 519 504 435 412 443 473 470 502 503 513 520 460 519 484 484 464 458 486 452 480 500 485 449 442 442 445 440 459 499 534 522 476 464 469 454 450 456 497 521 484 479 490 495 498 553 586 519 500 497 486 471 487 494 436 460 506 478 488 468 464 499 516 516 514 523 514 490 495 504 480 461 432 471 486 462 461 457 463 495 483 441 465 515 482 503 502 477 453 454 436 466 450 481 505 543 515 501 531 530 510 490 470 478 496 497 526 514 525 485 471 476 473 455 463 482 522 507 493 465 482 522 493 518 483 485 447 439 463 476 484 514 518 499 502 496 521 516 488 511 486 519 514 539 528 490 476 476 467 432 443 471 461 500 476 427 457 467 426 418 407 440 455 461 528 524 475 507 465 480 497 494 510 510 500 504 509 501 509 567 514 517 531 528 477 489 520 510 499 464 462 466 484 485 520 496 472 501 490 501 502 499 496 519 487 482 480 475 478 455 495 477 474 468 473 460 468 467 483 488 482 500 491 472 467 498 506 483 486 485 491 481 469 459 480 447 469 462 436 460 477 497 504 518 453 427 403 438 492 513 499 492 504 519 529 468 462 453 462 440 448 463 477 498 444 427 456 489 502 525 498 507 511 494 487 522 523 526 492 528 519 524 527 487 520 494 468 484 475 502 462 458 474 440 454 471 444 423 440 449 468 480 504 482 484 504 524 510 507 452 440 445 446 477 488 487 483 508 461 436 458 459 462 474 459 485 482 506 486 495 493 507 534 546 480 467 478 503 504 470 482 483 497 475 500 509 509 492 486 473 423 423 465 491 462 467 456 479 479 475 499 498 511 571 532 459 442 474 455 490 495 493 466 484 508 509 506 490 487 492 496 484 479 501 504 495 493 460 450 474 444 412 385 401 441 453 489 468 461 485 506 495 525 538 524 520 542 503 473 435 503 516 516 523 490 486 511 524 478 487 524 513 537 482 490 503 496 495 475 480 476 472 537 519 500 489 509 553 526 473 480 468 455 489 489 486 503 480 
vem trace:

stid: 341
spdistance: 833.648
radio trace:
508 457 453 474 463 478 479 476 513 498 487 506 485 480 461 463 498 504 530 491 473 456 458 439 478 447 421 491 516 509 494 467 463 459 487 513 472 492 481 478 439 469 485 457 486 508 527 520 520 541 543 505 468 481 457 433 437 450 492 503 477 464 457 459 423 477 498 444 468 472 460 428 450 496 490 438 438 447 460 486 463 498 526 526 506 525 491 500 471 506 511 512 461 456 478 443 430 461 463 480 478 484 500 509 500 513 505 523 512 520 485 427 432 470 468 469 464 478 482 491 465 453 494 509 537 490 473 475 501 477 455 479 454 449 468 490 477 505 458 415 462 475 508 519 497 493 515 505 499 520 502 484 451 478 503 523 527 511 516 525 477 471 511 480 492 473 442 439 441 430 445 466 470 505 459 437 484 455 450 453 494 531 532 530 503 501 488 490 479 478 503 464 461 475 463 453 509 498 515 477 483 497 473 479 484 495 498 499 503 499 511 496 463 487 485 486 502 502 480 489 508 477 460 455 485 491 503 487 472 474 461 493 497 494 519 529 540 524 511 494 478 472 450 428 480 482 468 479 462 476 472 498 467 434 421 439 443 471 451 481 488 490 509 521 530 514 515 524 485 431 429 445 513 503 497 501 506 478 480 470 506 506 521 490 496 504 502 463 445 449 472 507 477 438 436 474 489 464 490 438 455 470 453 450 472 517 516 516 516 535 552 532 528 469 495 533 536 482 455 508 506 519 504 435 412 443 473 470 502 503 513 520 460 519 484 484 464 458 486 452 480 500 485 449 442 442 445 440 459 499 534 522 476 464 469 454 450 456 497 521 484 479 490 495 498 553 586 519 500 497 486 471 487 494 436 460 506 478 488 468 464 499 516 516 514 523 514 490 495 504 480 461 432 471 486 462 461 457 463 495 483 441 465 515 482 503 502 477 453 454 436 466 450 481 505 543 515 501 531 530 510 490 470 478 496 497 526 514 525 485 471 476 473 455 463 482 522 507 493 465 482 522 493 518 483 485 447 439 463 476 484 514 518 499 502 496 521 516 488 511 486 519 514 539 528 490 476 476 467 432 443 471 461 500 476 427 457 467 426 418 407 440 455 461 528 524 475 507 465 480 497 494 510 510 500 504 509 501 509 567 514 517 531 528 477 489 520 510 499 464 462 466 484 485 520 496 472 501 490 501 502 499 496 519 487 482 480 475 478 455 495 477 474 468 473 460 468 467 483 488 482 500 491 472 467 498 506 483 486 485 491 481 469 459 480 447 469 462 436 460 477 497 504 518 453 427 403 438 492 513 499 492 504 519 529 468 462 453 462 440 448 463 477 498 444 427 456 489 502 525 498 507 511 494 487 522 523 526 492 528 519 524 527 487 520 494 468 484 475 502 462 458 474 440 454 471 444 423 440 449 468 480 504 482 484 504 524 510 507 452 440 445 446 477 488 487 483 508 461 436 458 459 462 474 459 485 482 506 486 495 493 507 534 546 480 467 478 503 504 470 482 483 497 475 500 509 509 492 486 473 423 423 465 491 462 467 456 479 479 475 499 498 511 571 532 459 442 474 455 490 495 493 466 484 508 509 506 490 487 492 496 484 479 501 504 495 493 460 450 474 444 412 385 401 441 453 489 468 461 485 506 495 525 538 524 520 542 503 473 435 503 516 516 523 490 486 511 524 478 487 524 513 537 482 490 503 496 495 475 480 476 472 537 519 500 489 509 553 526 473 480 468 455 489 489 486 503 480 
vem trace:

