SDId: 34826114
energy: 1.56065e+18
zenith: 0.869384
azimuth: 0.94152
GPSSeconc: 1127248216
stid: 341
spdistance: 853.276
radio trace:
489 485 493 513 529 582 563 556 571 589 513 517 497 514 534 530 559 567 530 567 549 546 541 532 505 526 537 526 518 513 541 560 544 517 512 516 543 547 531 514 527 521 507 502 493 497 477 517 510 517 524 544 540 536 555 540 502 523 553 575 556 533 500 548 539 542 554 539 558 545 514 512 538 561 563 536 521 512 550 559 532 547 571 521 553 574 561 549 572 563 574 527 521 532 545 532 526 563 527 543 539 523 546 523 519 520 521 538 554 545 553 559 577 576 570 542 549 517 561 535 517 503 522 491 529 544 516 472 495 528 550 553 562 526 497 500 521 548 574 564 559 557 554 553 518 522 526 568 580 587 597 607 600 577 587 579 566 546 545 493 562 559 547 551 513 510 530 544 526 552 569 579 561 549 510 491 482 514 504 558 582 556 579 571 582 542 555 579 572 592 528 518 510 538 541 536 509 495 508 534 526 514 560 542 526 538 547 533 535 533 557 569 534 524 524 527 546 567 533 502 495 464 474 539 521 491 492 494 500 514 519 528 541 494 507 552 597 576 548 559 524 533 511 539 552 566 552 544 569 581 550 524 515 527 522 497 513 539 520 527 533 514 528 554 527 563 552 558 560 533 558 562 522 526 560 562 565 576 563 543 507 501 482 501 516 493 507 485 494 504 504 488 520 521 487 533 554 495 514 559 572 577 539 536 524 522 538 539 519 551 570 522 515 520 501 545 559 528 557 557 599 581 514 512 549 549 552 556 524 529 517 514 524 519 530 571 517 524 543 549 554 531 554 541 573 564 574 562 562 532 525 529 568 552 529 544 547 573 560 535 550 563 568 545 535 518 546 546 561 523 520 503 514 482 509 535 548 498 512 546 569 537 537 559 563 562 556 543 570 579 549 504 500 545 517 558 544 539 539 558 539 544 510 484 500 562 572 519 508 525 513 510 560 550 518 521 514 510 527 522 519 544 537 568 583 555 506 501 572 557 550 539 548 536 567 556 518 476 465 482 522 534 487 509 521 508 488 509 530 529 525 546 605 558 559 543 569 551 524 522 559 555 574 567 526 536 550 510 533 524 547 538 555 512 499 479 497 531 524 528 526 546 533 504 532 541 547 573 599 578 567 534 478 477 520 508 519 539 539 545 558 561 556 557 487 495 554 506 522 522 496 520 504 526 490 468 518 519 500 519 508 543 529 530 581 557 546 559 533 547 531 546 526 530 523 513 521 521 545 576 563 534 552 547 551 505 491 544 551 534 506 503 541 549 574 594 567 555 532 523 514 501 540 582 564 567 563 557 554 536 495 521 500 489 491 478 487 571 552 519 516 485 534 551 574 593 581 567 563 561 530 529 523 526 483 487 486 494 518 544 547 516 509 581 591 557 533 567 567 562 512 488 533 548 527 549 541 604 562 558 575 551 531 548 573 565 541 538 528 521 546 518 532 497 504 493 513 568 583 582 590 542 536 523 525 518 525 533 540 564 552 562 559 567 579 525 473 496 550 575 556 549 544 566 557 533 503 532 544 551 528 527 527 513 518 507 507 555 575 579 573 528 535 492 504 507 516 537 551 525 549 531 537 553 583 565 564 567 559 548 530 538 550 545 578 553 552 533 537 499 534 540 547 531 519 548 486 487 488 475 462 502 519 546 558 588 589 555 578 516 526 526 572 574 536 516 553 596 584 567 494 476 512 547 578 573 537 502 537 551 512 487 514 561 543 546 536 518 539 579 558 536 520 500 526 571 551 558 
vem trace:

stid: 341
spdistance: 853.276
radio trace:
489 485 493 513 529 582 563 556 571 589 513 517 497 514 534 530 559 567 530 567 549 546 541 532 505 526 537 526 518 513 541 560 544 517 512 516 543 547 531 514 527 521 507 502 493 497 477 517 510 517 524 544 540 536 555 540 502 523 553 575 556 533 500 548 539 542 554 539 558 545 514 512 538 561 563 536 521 512 550 559 532 547 571 521 553 574 561 549 572 563 574 527 521 532 545 532 526 563 527 543 539 523 546 523 519 520 521 538 554 545 553 559 577 576 570 542 549 517 561 535 517 503 522 491 529 544 516 472 495 528 550 553 562 526 497 500 521 548 574 564 559 557 554 553 518 522 526 568 580 587 597 607 600 577 587 579 566 546 545 493 562 559 547 551 513 510 530 544 526 552 569 579 561 549 510 491 482 514 504 558 582 556 579 571 582 542 555 579 572 592 528 518 510 538 541 536 509 495 508 534 526 514 560 542 526 538 547 533 535 533 557 569 534 524 524 527 546 567 533 502 495 464 474 539 521 491 492 494 500 514 519 528 541 494 507 552 597 576 548 559 524 533 511 539 552 566 552 544 569 581 550 524 515 527 522 497 513 539 520 527 533 514 528 554 527 563 552 558 560 533 558 562 522 526 560 562 565 576 563 543 507 501 482 501 516 493 507 485 494 504 504 488 520 521 487 533 554 495 514 559 572 577 539 536 524 522 538 539 519 551 570 522 515 520 501 545 559 528 557 557 599 581 514 512 549 549 552 556 524 529 517 514 524 519 530 571 517 524 543 549 554 531 554 541 573 564 574 562 562 532 525 529 568 552 529 544 547 573 560 535 550 563 568 545 535 518 546 546 561 523 520 503 514 482 509 535 548 498 512 546 569 537 537 559 563 562 556 543 570 579 549 504 500 545 517 558 544 539 539 558 539 544 510 484 500 562 572 519 508 525 513 510 560 550 518 521 514 510 527 522 519 544 537 568 583 555 506 501 572 557 550 539 548 536 567 556 518 476 465 482 522 534 487 509 521 508 488 509 530 529 525 546 605 558 559 543 569 551 524 522 559 555 574 567 526 536 550 510 533 524 547 538 555 512 499 479 497 531 524 528 526 546 533 504 532 541 547 573 599 578 567 534 478 477 520 508 519 539 539 545 558 561 556 557 487 495 554 506 522 522 496 520 504 526 490 468 518 519 500 519 508 543 529 530 581 557 546 559 533 547 531 546 526 530 523 513 521 521 545 576 563 534 552 547 551 505 491 544 551 534 506 503 541 549 574 594 567 555 532 523 514 501 540 582 564 567 563 557 554 536 495 521 500 489 491 478 487 571 552 519 516 485 534 551 574 593 581 567 563 561 530 529 523 526 483 487 486 494 518 544 547 516 509 581 591 557 533 567 567 562 512 488 533 548 527 549 541 604 562 558 575 551 531 548 573 565 541 538 528 521 546 518 532 497 504 493 513 568 583 582 590 542 536 523 525 518 525 533 540 564 552 562 559 567 579 525 473 496 550 575 556 549 544 566 557 533 503 532 544 551 528 527 527 513 518 507 507 555 575 579 573 528 535 492 504 507 516 537 551 525 549 531 537 553 583 565 564 567 559 548 530 538 550 545 578 553 552 533 537 499 534 540 547 531 519 548 486 487 488 475 462 502 519 546 558 588 589 555 578 516 526 526 572 574 536 516 553 596 584 567 494 476 512 547 578 573 537 502 537 551 512 487 514 561 543 546 536 518 539 579 558 536 520 500 526 571 551 558 
vem trace:

