SDId: 34552841
energy: 5.17202e+17
zenith: 0.291488
azimuth: 0.954909
GPSSeconc: 1125574346
stid: 333
spdistance: 547.231
radio trace:
408 428 425 432 414 402 384 428 437 390 396 430 427 415 436 420 418 444 416 395 428 431 413 412 401 425 438 427 437 438 425 433 444 438 434 424 413 411 381 380 394 394 382 388 406 397 417 401 409 399 423 446 425 445 410 396 430 434 441 402 370 366 374 383 370 406 384 431 472 484 445 437 418 423 432 462 426 427 408 409 417 430 411 425 439 416 416 425 463 469 425 414 458 469 469 459 404 401 415 417 463 424 420 441 453 443 417 423 438 429 448 452 427 389 371 367 424 435 447 451 456 480 453 455 440 462 447 430 447 429 433 440 450 417 388 395 373 426 413 407 360 450 475 460 428 444 466 448 435 475 457 452 465 431 437 445 438 429 415 420 427 448 455 425 437 428 426 424 429 454 487 464 485 456 456 458 445 409 428 433 456 430 420 414 437 456 449 425 387 393 438 451 424 416 403 422 395 425 456 442 432 422 418 464 449 439 432 442 454 457 433 455 463 473 487 437 432 417 443 449 456 402 427 427 432 421 420 420 425 389 409 422 415 410 387 418 457 449 477 467 444 460 462 425 414 419 464 451 436 402 399 398 412 391 395 408 444 420 431 452 449 424 435 442 464 458 442 448 448 473 455 437 384 403 399 396 435 435 436 441 447 448 413 419 423 427 437 389 385 370 407 416 429 454 487 489 503 448 458 451 435 433 407 421 427 431 447 413 402 406 420 435 450 432 434 454 440 467 448 433 425 407 395 434 413 401 392 400 439 436 412 443 448 456 464 465 423 411 408 413 441 443 473 456 441 457 412 392 367 401 422 420 419 425 427 408 384 399 407 421 440 436 430 431 420 427 415 435 472 461 451 416 437 440 425 422 412 415 407 383 407 423 413 410 392 389 394 421 444 448 427 454 428 453 443 439 436 435 426 434 435 455 430 415 421 436 430 438 460 443 443 450 439 463 483 437 428 448 453 444 424 410 403 399 422 457 474 465 421 439 408 375 383 393 422 410 477 463 441 449 431 424 451 435 415 409 424 439 467 428 396 393 396 413 420 414 427 414 408 419 432 430 439 425 410 413 403 423 439 413 412 452 457 422 408 421 435 443 403 407 409 434 443 438 396 406 403 414 404 398 406 408 409 409 409 423 432 419 399 412 420 446 416 408 412 412 391 413 433 434 447 412 413 446 445 449 436 430 422 383 405 410 407 405 433 462 444 431 440 423 388 398 412 436 412 401 420 415 420 433 430 431 427 433 435 415 431 436 459 471 464 451 452 449 468 456 440 457 452 450 434 433 470 455 427 417 417 429 459 452 409 383 400 427 429 446 437 421 423 413 441 432 418 411 428 431 430 421 453 444 428 425 403 409 436 470 462 457 462 455 441 430 435 419 468 433 435 424 460 438 439 433 466 472 407 379 419 424 414 400 407 380 410 408 441 424 409 381 395 406 383 432 431 427 383 405 414 402 387 444 433 407 420 425 437 403 408 395 399 420 434 444 402 405 448 454 455 420 418 419 416 423 450 438 421 439 414 400 422 429 437 436 422 445 456 450 417 468 440 474 470 459 456 433 422 392 393 401 398 340 372 396 415 449 459 447 431 389 396 417 429 414 443 438 443 420 434 436 439 444 450 463 431 429 408 392 372 433 450 463 452 427 451 414 394 391 424 391 408 384 387 414 448 434 465 433 436 420 411 408 425 442 444 444 440 450 390 408 446 417 413 447 421 430 453 435 440 400 417 436 433 413 428 431 435 428 413 420 
vem trace:

stid: 341
spdistance: 2781.9
radio trace:
528 524 502 494 514 523 504 493 489 479 473 490 519 526 490 478 507 515 508 489 484 474 480 474 458 462 515 519 485 459 460 467 450 478 496 468 526 524 487 474 506 540 557 557 548 484 491 486 470 467 492 495 505 489 438 459 437 422 450 477 487 489 491 489 483 485 514 519 513 531 516 492 469 488 518 532 533 496 495 500 463 459 480 546 519 531 543 539 528 509 498 492 505 505 496 509 522 516 516 510 489 519 525 504 516 495 491 496 472 441 463 449 452 479 456 437 488 523 497 465 496 532 557 524 504 492 510 561 554 522 540 567 551 536 529 548 551 546 488 478 485 494 480 464 510 523 510 555 524 551 517 506 513 503 463 501 483 458 466 500 484 479 497 454 480 499 519 478 472 478 485 459 492 473 496 512 504 455 470 533 518 477 433 421 420 463 474 453 474 488 461 439 451 467 483 478 464 439 477 533 512 527 493 512 529 506 507 509 502 477 472 500 529 508 498 485 467 475 466 505 552 544 515 514 525 533 501 464 477 513 508 500 485 446 428 479 511 505 523 499 504 504 519 517 489 525 486 513 510 531 526 544 510 514 522 521 510 489 471 511 486 507 498 548 531 526 537 536 535 527 480 505 536 570 593 580 522 484 479 504 503 464 477 503 488 440 440 480 470 474 488 517 499 524 515 495 508 492 511 480 471 470 516 524 524 559 552 503 486 486 522 500 467 420 437 456 459 488 541 516 511 487 489 489 470 460 461 469 459 463 517 541 519 480 531 524 492 486 496 509 534 523 535 516 517 493 492 516 516 496 520 526 549 545 519 476 487 514 522 514 505 471 483 507 492 504 476 453 470 492 528 498 472 531 591 574 537 516 516 481 490 535 513 481 538 529 535 506 498 493 520 515 547 550 549 527 502 497 520 515 510 497 520 518 525 507 538 580 530 494 517 502 510 528 460 493 533 521 529 506 492 506 525 504 512 520 561 534 561 542 528 521 535 489 479 515 541 531 531 530 505 491 504 553 518 489 457 500 478 495 469 515 511 555 515 466 441 476 483 524 570 506 522 475 442 437 462 492 531 561 549 526 508 485 521 502 511 521 504 485 485 502 529 538 565 484 472 472 468 473 436 514 520 492 461 493 455 464 458 490 503 513 477 488 492 475 482 488 484 547 542 501 540 522 493 514 520 521 545 523 522 501 497 462 482 490 525 521 535 506 489 494 478 504 514 500 469 471 500 497 478 457 475 488 479 442 494 513 474 478 535 550 522 529 543 507 507 504 467 478 510 496 490 501 476 468 478 470 484 498 495 504 533 492 493 524 546 552 550 516 510 449 456 483 471 506 503 470 502 481 487 504 496 489 493 510 558 549 518 450 423 440 454 484 451 452 444 510 506 477 483 479 483 476 472 440 466 499 509 477 506 533 501 528 497 461 439 449 475 502 516 521 530 511 561 507 502 499 533 522 525 496 496 520 543 528 514 536 447 435 473 469 479 491 478 456 452 487 519 536 528 533 511 497 496 492 482 505 466 501 482 450 448 457 459 466 483 531 539 514 529 509 513 477 494 515 456 498 480 463 504 501 488 469 490 481 458 455 456 461 478 494 509 530 524 481 488 463 497 492 492 483 501 484 489 505 522 532 555 510 509 499 507 484 505 500 507 499 483 490 499 506 486 561 551 515 541 512 490 483 432 475 494 504 521 503 506 505 507 513 484 502 488 512 498 470 479 473 488 530 539 532 546 511 538 501 498 479 
vem trace:

stid: 341
spdistance: 2781.9
radio trace:
528 524 502 494 514 523 504 493 489 479 473 490 519 526 490 478 507 515 508 489 484 474 480 474 458 462 515 519 485 459 460 467 450 478 496 468 526 524 487 474 506 540 557 557 548 484 491 486 470 467 492 495 505 489 438 459 437 422 450 477 487 489 491 489 483 485 514 519 513 531 516 492 469 488 518 532 533 496 495 500 463 459 480 546 519 531 543 539 528 509 498 492 505 505 496 509 522 516 516 510 489 519 525 504 516 495 491 496 472 441 463 449 452 479 456 437 488 523 497 465 496 532 557 524 504 492 510 561 554 522 540 567 551 536 529 548 551 546 488 478 485 494 480 464 510 523 510 555 524 551 517 506 513 503 463 501 483 458 466 500 484 479 497 454 480 499 519 478 472 478 485 459 492 473 496 512 504 455 470 533 518 477 433 421 420 463 474 453 474 488 461 439 451 467 483 478 464 439 477 533 512 527 493 512 529 506 507 509 502 477 472 500 529 508 498 485 467 475 466 505 552 544 515 514 525 533 501 464 477 513 508 500 485 446 428 479 511 505 523 499 504 504 519 517 489 525 486 513 510 531 526 544 510 514 522 521 510 489 471 511 486 507 498 548 531 526 537 536 535 527 480 505 536 570 593 580 522 484 479 504 503 464 477 503 488 440 440 480 470 474 488 517 499 524 515 495 508 492 511 480 471 470 516 524 524 559 552 503 486 486 522 500 467 420 437 456 459 488 541 516 511 487 489 489 470 460 461 469 459 463 517 541 519 480 531 524 492 486 496 509 534 523 535 516 517 493 492 516 516 496 520 526 549 545 519 476 487 514 522 514 505 471 483 507 492 504 476 453 470 492 528 498 472 531 591 574 537 516 516 481 490 535 513 481 538 529 535 506 498 493 520 515 547 550 549 527 502 497 520 515 510 497 520 518 525 507 538 580 530 494 517 502 510 528 460 493 533 521 529 506 492 506 525 504 512 520 561 534 561 542 528 521 535 489 479 515 541 531 531 530 505 491 504 553 518 489 457 500 478 495 469 515 511 555 515 466 441 476 483 524 570 506 522 475 442 437 462 492 531 561 549 526 508 485 521 502 511 521 504 485 485 502 529 538 565 484 472 472 468 473 436 514 520 492 461 493 455 464 458 490 503 513 477 488 492 475 482 488 484 547 542 501 540 522 493 514 520 521 545 523 522 501 497 462 482 490 525 521 535 506 489 494 478 504 514 500 469 471 500 497 478 457 475 488 479 442 494 513 474 478 535 550 522 529 543 507 507 504 467 478 510 496 490 501 476 468 478 470 484 498 495 504 533 492 493 524 546 552 550 516 510 449 456 483 471 506 503 470 502 481 487 504 496 489 493 510 558 549 518 450 423 440 454 484 451 452 444 510 506 477 483 479 483 476 472 440 466 499 509 477 506 533 501 528 497 461 439 449 475 502 516 521 530 511 561 507 502 499 533 522 525 496 496 520 543 528 514 536 447 435 473 469 479 491 478 456 452 487 519 536 528 533 511 497 496 492 482 505 466 501 482 450 448 457 459 466 483 531 539 514 529 509 513 477 494 515 456 498 480 463 504 501 488 469 490 481 458 455 456 461 478 494 509 530 524 481 488 463 497 492 492 483 501 484 489 505 522 532 555 510 509 499 507 484 505 500 507 499 483 490 499 506 486 561 551 515 541 512 490 483 432 475 494 504 521 503 506 505 507 513 484 502 488 512 498 470 479 473 488 530 539 532 546 511 538 501 498 479 
vem trace:

