SDId: 34734828
energy: 3.18211e+17
zenith: 0.398515
azimuth: 5.96163
GPSSeconc: 1126679386
stid: 419
spdistance: 532.68
radio trace:
435 465 500 479 481 471 499 483 455 461 452 452 455 466 492 486 483 468 449 471 490 521 493 510 483 458 453 422 419 461 462 450 442 453 466 476 462 442 392 452 426 466 444 471 459 474 473 444 453 468 494 508 486 470 479 497 455 419 465 440 454 412 444 473 470 463 455 426 470 508 490 482 439 457 479 503 449 432 444 470 480 464 444 399 403 412 447 447 433 418 495 510 516 491 491 475 494 489 438 468 517 497 480 479 474 512 490 491 442 411 408 457 502 456 479 485 448 459 437 421 440 503 500 483 513 496 498 471 443 464 507 446 438 489 513 497 488 436 462 457 435 457 481 494 462 448 477 460 464 436 423 436 416 433 478 457 468 453 482 495 510 467 473 492 480 486 515 519 476 479 438 423 452 450 440 468 452 455 434 422 443 468 443 461 476 489 474 469 496 458 393 417 462 458 435 446 437 449 406 387 441 488 464 468 481 467 467 445 457 462 425 452 473 497 496 482 471 484 419 450 479 459 496 487 448 486 512 484 477 467 408 412 451 471 472 458 471 499 494 491 449 426 445 460 497 450 491 491 524 485 490 488 481 473 469 486 454 467 467 413 448 479 484 449 424 447 425 443 410 414 443 447 470 436 477 485 486 449 434 432 447 458 503 506 521 520 503 455 453 487 496 495 470 463 446 464 463 501 511 503 478 446 496 519 495 474 480 485 485 445 447 446 464 436 461 476 488 450 447 492 497 483 519 510 494 458 430 437 447 436 447 493 451 427 436 440 474 451 442 489 470 397 430 485 420 404 397 430 446 411 447 461 494 471 470 458 472 436 434 465 474 432 436 480 493 460 459 424 494 481 461 443 514 489 481 487 444 417 433 459 428 423 432 419 426 444 461 480 498 478 438 424 477 477 464 475 479 494 476 451 474 496 475 531 504 495 472 456 499 501 526 490 459 448 468 471 479 492 481 496 424 466 479 472 518 507 482 464 477 483 456 444 394 400 394 454 503 487 447 442 453 505 503 490 492 519 511 503 498 492 496 509 500 473 433 432 402 434 438 467 454 448 439 443 484 460 477 458 455 455 487 499 480 476 449 431 424 455 489 504 481 460 443 430 421 445 481 458 426 453 482 473 480 451 455 486 451 445 421 422 481 500 523 488 475 453 456 461 480 496 497 503 476 463 443 470 490 487 498 513 533 506 483 479 496 462 468 447 461 484 513 506 510 478 425 434 487 498 484 476 457 429 448 465 457 499 481 451 476 455 474 476 462 462 485 489 462 475 444 445 489 497 424 447 389 416 437 460 445 439 448 459 424 426 444 462 480 485 512 533 443 429 472 486 476 446 469 460 454 516 536 474 424 437 456 440 439 470 489 509 531 542 514 478 453 463 504 464 454 466 485 473 438 446 475 531 465 467 476 486 458 422 420 473 429 384 421 488 520 444 439 458 424 437 491 512 494 474 511 484 476 478 474 439 444 444 464 428 447 464 445 463 370 407 449 464 486 464 465 452 430 436 421 484 452 428 454 424 460 450 481 461 460 405 429 434 475 484 469 466 444 443 462 441 443 476 464 490 464 474 459 481 472 464 472 489 459 447 459 472 467 485 499 511 484 449 434 447 460 459 432 398 375 335 370 411 477 483 482 481 467 500 500 498 498 507 492 450 461 456 502 506 529 551 492 497 466 454 417 440 448 426 425 434 421 456 457 496 491 499 475 453 451 446 462 447 479 481 525 517 509 465 484 457 461 479 512 522 
vem trace:

stid: 342
spdistance: 985.597
radio trace:
382 388 407 455 453 454 467 446 433 430 435 448 437 413 423 405 417 458 440 411 397 403 433 408 419 402 421 440 445 436 450 449 439 431 396 404 398 411 421 444 464 444 418 440 450 393 383 390 390 360 386 380 411 393 399 416 428 433 416 376 393 385 397 395 415 427 415 430 446 455 455 422 441 435 462 443 416 409 414 444 437 396 427 437 429 430 458 462 449 417 384 383 394 399 421 426 408 396 416 420 434 440 455 457 416 411 409 419 440 422 440 425 420 408 441 413 417 429 425 416 434 444 456 454 431 412 429 413 391 410 432 401 383 412 434 416 405 415 421 421 434 420 442 433 420 453 464 444 416 411 425 423 426 442 415 381 400 428 402 404 420 414 412 417 438 407 406 420 428 442 446 435 412 418 419 406 441 448 426 407 410 412 422 414 391 396 423 428 411 394 423 422 416 416 382 391 405 422 440 434 444 410 411 427 458 430 413 432 435 431 431 471 465 441 443 443 420 436 456 444 444 425 411 427 419 417 445 440 428 411 414 436 419 397 409 404 404 416 407 421 429 439 437 440 420 417 409 422 419 418 411 396 419 428 405 408 424 421 449 435 442 431 447 451 430 444 438 453 439 453 421 423 426 414 398 405 407 405 409 401 382 388 408 407 435 425 411 408 419 421 424 447 429 426 445 456 421 405 363 380 416 455 426 399 391 409 426 420 422 412 402 415 422 428 433 444 424 414 420 430 438 443 419 399 416 444 432 410 421 432 421 418 401 424 432 450 439 446 437 418 379 360 379 414 423 433 434 424 417 417 427 434 438 431 448 444 438 422 425 424 414 418 423 443 422 420 410 416 403 404 430 457 431 456 451 441 418 430 415 424 428 393 419 397 418 436 445 433 428 467 453 444 424 399 393 396 409 408 427 440 436 399 406 424 414 413 418 433 422 406 427 406 403 411 406 425 385 431 440 426 420 442 457 445 417 423 390 378 385 406 411 428 442 420 421 412 406 396 422 421 420 396 407 394 386 402 434 434 415 409 412 411 415 408 433 437 426 418 414 419 427 419 422 443 432 427 438 437 426 427 429 439 431 444 450 446 413 442 448 404 411 401 436 452 450 449 416 398 400 403 414 419 433 412 390 389 415 459 468 436 433 428 425 441 470 442 441 442 410 417 422 406 446 461 468 451 439 445 429 428 442 421 412 411 402 394 429 423 421 424 431 422 410 418 398 394 411 395 405 432 431 420 428 417 431 426 402 419 419 415 412 408 408 411 399 413 407 404 422 421 412 415 423 413 406 418 416 411 426 404 396 389 400 418 410 426 426 420 420 404 414 410 404 444 444 449 458 440 437 420 406 420 406 453 443 430 410 410 401 386 401 410 418 430 441 435 425 450 426 428 442 416 427 406 398 410 420 386 383 402 417 413 405 397 408 418 414 414 418 435 434 415 421 462 449 446 461 450 437 431 437 412 436 440 438 434 419 404 429 443 440 432 418 427 416 383 418 399 388 415 396 397 403 385 391 398 404 407 418 425 427 387 376 402 420 437 417 399 426 407 421 417 410 409 430 413 436 429 425 418 427 429 410 413 437 433 425 419 418 450 419 414 408 411 404 406 400 409 411 401 411 428 415 421 415 414 428 434 441 457 415 386 390 386 397 397 425 436 429 446 439 439 448 426 414 409 401 398 418 431 419 405 415 437 433 452 424 434 449 426 436 427 404 389 406 426 422 426 400 435 421 416 422 407 431 415 405 427 
vem trace:

stid: 343
spdistance: 1100.13
radio trace:
424 411 422 424 436 461 465 459 452 424 434 425 432 446 472 487 469 477 448 429 434 412 427 421 393 426 466 460 459 452 462 447 471 463 460 458 467 468 480 426 436 465 456 441 431 426 430 457 454 445 432 433 446 437 430 426 448 446 434 438 433 419 421 425 446 433 452 449 426 418 424 465 446 433 417 371 381 396 409 432 446 448 473 475 473 473 464 466 463 468 441 449 468 477 441 439 437 451 428 435 460 477 462 458 440 432 410 402 398 408 439 448 455 438 426 435 440 442 446 450 422 400 401 427 402 436 435 436 417 435 439 450 470 424 450 465 450 436 459 453 453 465 458 454 434 445 428 424 440 430 439 444 450 449 433 416 407 424 447 459 436 423 437 465 466 444 478 457 444 444 429 461 468 448 436 432 418 417 428 445 437 445 474 444 436 436 448 455 476 443 420 434 429 434 458 493 486 451 424 426 432 423 441 473 471 468 439 452 449 453 443 446 454 415 420 422 437 443 460 442 440 439 447 449 414 392 407 416 443 453 474 450 459 444 424 430 424 427 463 466 480 444 442 441 431 444 414 426 433 426 434 441 423 401 377 422 436 458 465 477 443 415 414 429 426 406 425 453 456 463 453 453 463 456 446 426 436 424 433 436 455 449 477 476 440 445 458 424 408 430 424 455 457 438 441 459 465 486 474 464 491 467 474 473 438 440 463 441 430 450 431 446 446 434 439 442 416 456 440 439 460 436 447 447 439 465 444 460 441 426 444 411 438 441 432 432 438 435 450 435 456 475 476 468 452 409 446 462 457 444 446 444 457 415 431 454 424 424 446 442 468 450 461 429 442 456 458 464 487 495 467 456 436 410 386 406 416 422 422 413 432 423 431 447 436 425 429 449 464 478 445 447 420 414 420 446 476 479 451 440 445 467 468 457 446 445 443 449 487 480 455 473 469 421 461 475 446 412 396 375 451 455 436 419 441 440 443 449 449 455 466 457 420 403 434 447 456 454 423 415 454 444 429 434 436 435 434 418 422 405 439 434 441 437 461 463 434 430 465 484 453 467 461 470 471 439 426 454 438 446 464 455 449 438 449 453 445 422 434 432 418 431 417 452 466 456 462 465 461 459 476 481 443 456 426 439 443 455 453 459 480 440 440 406 442 429 412 376 384 429 437 452 463 457 441 459 447 462 483 462 451 445 448 475 437 417 422 453 429 422 405 421 454 442 454 432 414 423 422 472 475 461 457 441 469 438 432 431 421 426 426 442 436 453 471 474 480 460 446 459 426 429 461 463 456 465 474 472 431 414 409 427 417 457 501 509 489 470 444 423 429 446 460 465 453 427 416 443 423 459 451 440 456 479 462 467 435 442 465 445 460 444 464 455 450 435 441 456 462 460 470 481 455 436 449 463 452 459 462 468 491 506 485 495 453 430 442 445 412 451 458 444 460 464 455 480 475 465 453 440 426 422 429 440 459 482 477 475 448 432 432 444 451 469 479 446 461 476 471 456 451 461 463 435 437 444 442 447 461 454 439 452 442 419 436 438 428 443 419 469 490 481 460 440 440 453 464 458 458 447 446 440 441 418 433 442 454 440 450 436 407 411 441 418 445 431 447 418 441 431 439 431 453 451 458 459 456 443 454 489 502 444 461 468 477 476 464 450 437 429 450 447 435 419 449 453 463 477 468 455 430 416 433 467 427 413 417 411 442 450 423 429 445 452 459 441 467 465 459 454 444 452 442 465 436 441 455 429 
vem trace:

