SDId: 34605583
energy: 7.74855e+17
zenith: 0.70751
azimuth: 1.46807
GPSSeconc: 1126011284
stid: 333
spdistance: 354.458
radio trace:
455 465 445 429 447 456 425 426 426 441 456 454 446 476 404 439 442 454 462 473 465 442 465 462 440 433 412 421 452 419 408 425 412 408 384 433 443 453 451 441 457 477 422 419 396 393 406 417 444 455 466 466 452 443 451 456 460 445 448 488 445 461 443 424 431 444 447 470 455 468 454 405 435 461 455 418 459 480 466 463 447 436 410 416 445 493 503 465 465 471 459 436 438 446 449 454 469 455 436 421 424 438 459 426 422 434 463 483 456 466 456 450 456 461 434 420 430 425 434 473 483 468 418 423 454 427 414 403 381 397 438 432 429 408 401 384 440 449 449 433 472 456 466 478 453 444 437 436 445 419 439 399 398 383 407 455 447 464 423 454 452 409 364 402 378 420 448 391 419 394 435 442 416 428 414 456 447 439 453 418 366 403 460 456 442 439 430 460 428 452 445 431 429 449 470 428 436 452 463 462 450 421 455 439 441 456 434 404 395 405 391 388 371 405 408 423 420 421 436 465 467 444 416 445 458 425 434 452 474 476 407 408 432 455 419 384 407 431 422 442 453 463 461 438 446 452 430 433 457 433 465 455 456 443 415 407 402 378 414 418 406 455 452 452 444 454 457 433 433 425 440 403 446 407 423 411 400 425 445 430 433 473 447 413 367 388 415 440 456 445 443 466 446 454 443 439 437 438 428 406 396 425 435 464 466 435 419 401 424 454 454 470 440 480 462 472 474 443 393 435 464 453 473 460 437 455 472 474 467 476 430 446 423 453 481 471 438 422 437 430 460 461 475 463 458 467 459 430 396 440 414 426 435 450 461 461 457 467 478 467 463 446 402 406 423 426 423 423 400 419 441 442 422 420 436 463 441 414 416 443 473 456 436 442 441 478 430 430 417 448 443 442 431 472 472 446 429 438 478 469 442 423 423 440 457 482 479 455 440 430 459 461 461 445 481 501 494 432 419 426 399 408 466 455 415 415 420 433 468 438 422 388 391 425 407 412 388 413 424 426 421 424 406 431 452 453 463 458 461 443 432 419 400 390 394 399 413 432 446 425 432 475 441 434 445 462 445 445 438 434 408 396 427 446 461 463 404 439 469 477 470 462 417 422 405 420 390 392 423 399 409 384 379 420 440 436 441 457 480 472 445 443 420 423 436 433 436 415 382 423 484 475 448 444 402 394 403 447 472 479 455 416 413 433 433 415 423 419 453 464 419 418 424 429 466 463 453 471 440 461 467 477 421 437 435 418 447 433 434 419 421 397 394 414 401 390 443 435 412 439 419 401 371 391 377 354 370 384 399 417 411 435 444 434 432 458 473 470 440 413 455 436 425 432 453 427 462 487 452 420 440 415 415 449 451 448 451 445 429 415 421 473 477 447 441 440 455 447 475 476 464 442 427 462 472 467 445 438 416 449 459 464 441 462 452 454 442 397 421 455 473 446 434 436 429 419 422 446 421 428 448 437 439 455 434 442 458 439 446 444 429 441 466 433 390 386 405 439 419 419 441 445 470 458 430 440 449 456 460 442 438 411 428 410 430 422 438 463 416 408 394 394 443 450 434 424 407 392 400 404 407 452 474 445 390 395 395 402 389 409 442 454 440 420 448 450 454 462 419 415 429 417 409 409 388 433 441 404 439 444 438 415 419 472 450 471 466 443 462 456 447 469 460 447 417 432 442 415 406 428 436 421 412 423 422 454 476 464 433 439 447 405 445 465 440 414 415 424 426 432 445 469 467 473 470 454 467 466 
vem trace:

stid: 342
spdistance: 941.334
radio trace:
376 418 411 392 382 396 387 390 381 417 404 386 399 421 413 416 433 420 412 421 414 419 411 425 436 452 446 419 403 428 411 407 398 415 421 424 429 427 429 448 415 414 428 426 391 385 396 409 413 418 399 400 419 430 421 434 417 364 378 410 421 400 423 451 460 460 438 414 433 452 425 439 426 451 435 445 441 377 381 394 412 415 406 410 396 416 434 424 428 387 386 418 392 398 408 392 409 393 366 382 393 375 389 421 393 422 443 450 451 450 458 437 459 441 412 395 416 443 423 418 434 410 417 416 430 419 423 433 426 436 443 443 439 439 464 422 438 431 415 424 407 426 426 446 445 423 386 417 415 426 436 433 430 411 396 412 419 413 397 402 404 402 431 436 449 454 423 415 410 405 432 441 412 439 420 415 416 423 411 418 426 436 448 425 451 431 399 449 443 452 427 436 432 453 410 382 411 394 418 431 453 443 415 421 415 447 445 420 422 430 452 413 427 423 430 428 426 435 420 415 422 430 422 437 416 395 424 415 449 435 413 394 407 401 373 367 381 424 422 429 410 426 449 432 450 446 454 457 420 392 379 400 433 393 398 429 433 403 394 421 418 427 411 415 429 445 433 447 416 421 437 456 462 425 445 433 451 435 396 430 425 457 475 443 435 447 408 415 429 440 443 387 391 411 410 411 426 401 411 382 406 413 415 455 452 456 451 442 432 423 427 426 437 429 427 446 415 417 433 444 455 446 435 427 456 435 452 448 450 433 415 409 385 379 396 406 400 436 446 449 439 446 451 450 434 424 455 446 424 404 382 381 406 402 427 460 437 454 439 396 394 403 399 428 431 428 414 436 439 430 423 429 417 393 428 444 439 411 408 415 419 427 429 406 422 418 409 425 444 440 435 410 404 405 422 444 448 443 397 381 396 403 396 449 467 449 452 438 436 412 417 415 424 432 456 445 407 397 430 423 405 450 464 447 396 405 410 421 433 453 441 451 455 432 404 418 405 416 418 408 414 422 439 424 428 449 452 452 433 422 416 404 433 473 457 430 442 456 443 421 431 443 416 434 430 455 448 435 418 427 424 417 415 437 426 445 425 412 405 406 422 434 435 411 423 426 440 427 418 407 384 405 382 409 437 443 455 419 406 427 427 414 434 414 426 456 466 476 416 410 410 434 452 427 430 416 440 482 463 421 456 439 440 438 443 430 410 386 383 379 407 404 449 437 431 431 393 391 410 434 425 428 434 428 433 415 424 402 398 412 416 438 424 430 427 417 424 401 425 414 417 425 434 423 414 417 406 401 405 433 397 397 406 420 449 436 421 401 424 427 435 420 409 411 441 425 424 447 443 438 442 433 432 432 416 424 387 372 412 416 419 444 441 407 421 448 447 430 459 489 478 450 467 457 458 429 365 388 423 440 416 406 410 432 436 434 412 407 411 389 422 429 435 438 436 434 444 453 429 423 405 412 411 421 420 395 407 434 449 457 449 447 438 422 414 419 405 442 442 419 430 420 448 422 422 406 415 410 396 382 390 418 395 400 442 438 430 426 435 463 472 476 459 411 392 388 405 398 392 392 405 407 414 422 426 404 435 428 420 437 429 430 436 405 413 419 403 433 457 463 450 436 457 451 432 444 423 388 394 420 413 415 430 441 446 445 430 408 400 406 424 443 443 413 411 406 422 393 411 427 408 374 386 429 419 380 400 401 412 392 435 448 451 476 441 420 419 416 432 436 427 433 439 425 410 427 448 453 
vem trace:

