SDId: 34728238
energy: 1.88845e+18
zenith: 0.430919
azimuth: 5.9344
GPSSeconc: 1126646682
stid: 419
spdistance: 985.731
radio trace:
471 461 449 480 500 511 483 491 447 464 460 444 486 491 547 516 508 540 471 402 437 520 555 569 527 520 547 558 538 512 499 498 478 493 467 514 530 533 522 516 553 549 517 499 506 484 485 476 449 462 440 429 440 434 478 520 533 535 517 499 482 471 485 432 478 519 539 519 463 492 478 479 516 494 486 468 459 462 489 522 496 468 475 492 477 528 493 502 522 494 544 552 522 482 482 494 458 474 472 448 490 518 489 470 455 493 483 486 491 507 535 504 532 521 514 484 506 516 525 514 511 503 512 504 477 489 488 518 518 533 509 499 508 498 501 514 539 547 490 423 477 519 529 538 509 512 516 537 509 497 494 467 494 509 504 501 518 511 523 499 511 476 484 471 498 479 499 535 537 493 499 503 500 484 476 468 488 456 481 513 527 517 534 523 467 494 496 468 511 537 539 561 543 504 495 496 499 510 527 506 522 510 529 500 495 518 523 542 477 475 508 505 527 569 547 538 526 515 492 510 493 505 506 485 481 475 487 498 464 538 525 543 536 569 563 540 508 463 488 478 483 462 478 497 535 491 468 491 517 549 497 485 496 536 510 508 517 520 496 473 475 477 528 539 471 466 513 479 487 489 488 497 525 522 457 465 450 456 462 453 400 461 492 524 506 519 527 511 513 485 504 486 461 447 444 463 487 512 487 488 520 512 499 517 509 491 462 464 494 453 476 523 520 519 518 508 526 515 533 502 525 478 490 460 438 434 470 493 464 451 465 491 492 480 509 458 483 488 519 542 533 523 479 481 503 537 534 541 567 585 593 574 562 583 582 565 508 472 481 479 447 484 491 492 464 486 497 499 505 510 500 512 484 503 543 494 498 529 521 502 514 476 490 505 506 517 536 479 499 471 515 495 476 505 513 490 479 462 509 457 485 526 498 494 506 484 474 487 475 477 473 498 505 475 486 521 530 502 522 491 490 475 460 463 502 469 448 490 513 472 471 475 469 502 517 542 493 457 465 509 479 480 485 498 486 472 457 448 482 505 495 533 572 518 472 456 432 457 457 469 510 516 504 493 445 491 504 534 554 558 508 505 450 452 504 481 489 463 469 436 462 502 542 557 563 510 453 482 478 482 447 453 420 447 450 478 489 511 514 521 473 488 467 465 465 470 500 477 456 504 551 547 492 459 470 513 523 493 498 484 474 500 503 513 528 491 438 462 486 491 442 447 466 453 441 462 505 497 438 420 467 433 410 433 476 491 471 446 468 479 487 499 512 486 491 486 492 511 500 526 479 441 444 458 462 500 495 526 531 540 510 498 501 526 512 511 507 503 509 471 455 487 466 459 481 483 521 513 520 552 504 485 510 485 482 498 463 438 460 472 500 510 526 508 489 453 466 529 545 520 476 486 499 502 496 535 497 493 473 481 498 498 475 461 465 477 477 514 520 531 535 521 531 569 537 553 499 516 496 494 469 485 479 479 463 496 527 511 457 494 510 515 518 507 471 492 517 492 489 473 478 504 504 447 429 474 477 468 468 466 433 472 485 506 476 496 501 477 474 469 467 452 491 493 491 490 434 460 465 494 491 469 456 430 453 517 472 471 492 486 468 494 481 513 530 522 538 534 516 517 528 518 466 440 476 441 469 478 472 528 550 513 460 435 470 469 473 514 524 514 491 485 474 496 500 467 455 435 483 494 482 521 498 487 500 508 526 516 502 510 524 530 538 538 538 479 509 475 466 482 459 501 486 406 440 503 479 474 
vem trace:

stid: 341
spdistance: 3143.9
radio trace:
531 555 543 589 553 526 540 567 531 521 523 546 544 560 604 592 586 540 530 540 550 545 562 572 559 585 566 520 492 518 513 509 531 520 470 533 541 539 517 505 492 503 504 522 476 513 485 485 532 542 525 533 568 557 505 496 527 513 548 544 521 508 513 505 521 537 531 527 560 519 543 551 573 539 504 493 512 515 535 543 551 543 502 525 531 497 484 507 535 512 512 520 502 488 510 514 512 523 515 508 512 528 533 524 552 575 568 536 513 501 480 486 480 489 505 528 547 544 531 493 512 532 551 576 557 552 538 544 531 508 486 507 511 491 521 543 523 526 540 573 564 562 543 522 533 508 501 535 565 577 546 547 516 524 539 544 524 536 528 528 580 546 553 521 511 541 554 586 573 599 532 546 556 536 525 559 556 542 549 555 574 529 543 576 564 579 567 524 502 513 525 503 520 532 543 527 510 482 473 489 502 500 521 558 528 509 523 532 507 494 506 510 502 522 511 487 504 495 534 539 497 495 525 553 528 563 549 517 558 596 578 562 545 534 557 550 530 517 515 516 585 511 494 515 553 525 490 507 538 495 535 536 540 521 494 501 524 518 519 496 484 506 508 488 534 539 533 555 600 572 581 545 541 523 479 496 529 542 530 553 529 564 560 523 528 519 535 530 550 540 529 521 498 542 509 494 524 539 546 519 516 533 531 508 494 490 537 538 515 577 539 568 589 594 562 556 514 550 535 506 512 461 468 480 526 503 509 530 542 564 560 561 553 560 577 549 530 544 527 474 511 493 522 563 575 567 546 572 604 600 611 589 539 508 548 550 560 567 593 606 570 574 533 580 574 592 535 552 567 563 549 532 535 517 524 548 532 512 524 536 583 575 563 515 506 488 469 478 545 550 552 511 497 531 559 554 516 511 530 526 576 568 533 507 542 560 559 546 531 555 543 493 497 545 525 518 522 501 553 540 544 528 532 563 524 524 526 539 569 582 554 493 495 475 454 488 537 577 550 550 578 599 560 558 569 565 565 559 499 549 546 516 508 487 524 525 511 512 526 513 517 513 565 544 546 537 543 534 501 511 564 549 543 570 578 536 543 520 526 511 516 519 490 488 480 477 489 539 532 523 548 520 545 530 531 500 517 452 510 499 501 515 530 544 500 490 511 518 540 573 552 551 513 529 549 557 566 537 502 545 546 525 508 514 499 495 518 559 537 550 569 563 560 557 527 572 529 557 548 548 561 545 521 543 524 499 502 489 523 552 564 540 557 536 543 559 546 485 475 515 525 536 527 526 519 544 562 561 537 561 541 580 560 528 494 493 508 493 488 489 459 474 489 515 527 524 511 475 519 517 513 532 574 540 576 586 539 523 494 501 512 542 574 581 592 584 568 522 493 509 531 541 548 572 554 520 468 491 516 537 514 508 481 510 564 586 563 532 534 524 523 488 506 525 569 585 576 544 533 501 494 516 561 576 561 576 517 492 493 564 550 547 543 516 516 542 550 506 499 537 566 568 587 591 566 567 555 571 525 532 523 573 565 551 543 569 574 591 595 577 548 536 526 569 579 531 523 468 479 506 507 528 516 518 540 545 565 555 534 512 518 565 522 558 559 518 517 506 468 522 534 508 507 527 571 584 543 518 533 523 520 544 570 541 529 554 537 529 544 546 526 553 525 529 555 538 554 558 577 538 534 563 581 568 553 553 538 563 542 557 576 627 596 572 565 538 517 548 592 589 572 583 579 552 554 563 551 525 
vem trace:

stid: 341
spdistance: 3143.9
radio trace:
531 555 543 589 553 526 540 567 531 521 523 546 544 560 604 592 586 540 530 540 550 545 562 572 559 585 566 520 492 518 513 509 531 520 470 533 541 539 517 505 492 503 504 522 476 513 485 485 532 542 525 533 568 557 505 496 527 513 548 544 521 508 513 505 521 537 531 527 560 519 543 551 573 539 504 493 512 515 535 543 551 543 502 525 531 497 484 507 535 512 512 520 502 488 510 514 512 523 515 508 512 528 533 524 552 575 568 536 513 501 480 486 480 489 505 528 547 544 531 493 512 532 551 576 557 552 538 544 531 508 486 507 511 491 521 543 523 526 540 573 564 562 543 522 533 508 501 535 565 577 546 547 516 524 539 544 524 536 528 528 580 546 553 521 511 541 554 586 573 599 532 546 556 536 525 559 556 542 549 555 574 529 543 576 564 579 567 524 502 513 525 503 520 532 543 527 510 482 473 489 502 500 521 558 528 509 523 532 507 494 506 510 502 522 511 487 504 495 534 539 497 495 525 553 528 563 549 517 558 596 578 562 545 534 557 550 530 517 515 516 585 511 494 515 553 525 490 507 538 495 535 536 540 521 494 501 524 518 519 496 484 506 508 488 534 539 533 555 600 572 581 545 541 523 479 496 529 542 530 553 529 564 560 523 528 519 535 530 550 540 529 521 498 542 509 494 524 539 546 519 516 533 531 508 494 490 537 538 515 577 539 568 589 594 562 556 514 550 535 506 512 461 468 480 526 503 509 530 542 564 560 561 553 560 577 549 530 544 527 474 511 493 522 563 575 567 546 572 604 600 611 589 539 508 548 550 560 567 593 606 570 574 533 580 574 592 535 552 567 563 549 532 535 517 524 548 532 512 524 536 583 575 563 515 506 488 469 478 545 550 552 511 497 531 559 554 516 511 530 526 576 568 533 507 542 560 559 546 531 555 543 493 497 545 525 518 522 501 553 540 544 528 532 563 524 524 526 539 569 582 554 493 495 475 454 488 537 577 550 550 578 599 560 558 569 565 565 559 499 549 546 516 508 487 524 525 511 512 526 513 517 513 565 544 546 537 543 534 501 511 564 549 543 570 578 536 543 520 526 511 516 519 490 488 480 477 489 539 532 523 548 520 545 530 531 500 517 452 510 499 501 515 530 544 500 490 511 518 540 573 552 551 513 529 549 557 566 537 502 545 546 525 508 514 499 495 518 559 537 550 569 563 560 557 527 572 529 557 548 548 561 545 521 543 524 499 502 489 523 552 564 540 557 536 543 559 546 485 475 515 525 536 527 526 519 544 562 561 537 561 541 580 560 528 494 493 508 493 488 489 459 474 489 515 527 524 511 475 519 517 513 532 574 540 576 586 539 523 494 501 512 542 574 581 592 584 568 522 493 509 531 541 548 572 554 520 468 491 516 537 514 508 481 510 564 586 563 532 534 524 523 488 506 525 569 585 576 544 533 501 494 516 561 576 561 576 517 492 493 564 550 547 543 516 516 542 550 506 499 537 566 568 587 591 566 567 555 571 525 532 523 573 565 551 543 569 574 591 595 577 548 536 526 569 579 531 523 468 479 506 507 528 516 518 540 545 565 555 534 512 518 565 522 558 559 518 517 506 468 522 534 508 507 527 571 584 543 518 533 523 520 544 570 541 529 554 537 529 544 546 526 553 525 529 555 538 554 558 577 538 534 563 581 568 553 553 538 563 542 557 576 627 596 572 565 538 517 548 592 589 572 583 579 552 554 563 551 525 
vem trace:

