SDId: 34736664
energy: 4.06789e+17
zenith: 0.286456
azimuth: 0.477502
GPSSeconc: 1126687797
stid: 419
spdistance: 667.856
radio trace:
457 464 482 473 451 475 451 453 491 493 492 452 414 405 417 382 478 472 457 492 471 406 366 407 448 459 462 475 421 409 409 425 446 412 424 440 450 472 465 475 476 480 491 445 478 498 481 495 499 462 468 468 459 431 481 464 437 434 465 479 467 436 393 424 454 442 492 468 467 475 498 533 509 489 466 475 476 491 482 469 445 461 435 447 439 451 480 419 406 389 442 495 481 475 499 449 451 461 480 489 466 477 513 494 437 459 413 424 427 461 434 439 462 447 429 487 467 474 410 427 453 478 453 424 446 408 447 449 476 525 457 431 431 412 455 429 432 436 464 470 449 425 407 429 457 477 474 513 465 440 435 433 449 455 494 467 486 490 473 455 461 488 515 517 464 452 456 445 488 468 490 483 464 447 460 514 462 454 431 441 439 408 403 416 425 444 444 462 509 489 507 505 513 426 396 465 469 449 435 443 475 475 514 457 440 452 389 439 440 420 455 462 455 486 450 432 421 434 474 502 503 493 459 414 418 429 444 387 367 404 438 464 475 440 477 480 428 473 493 484 480 475 456 445 454 456 457 466 449 464 441 441 432 449 473 477 429 458 473 446 485 495 484 427 409 406 440 477 503 452 470 450 445 448 455 406 411 432 426 486 497 473 485 477 503 513 458 446 432 427 480 486 509 512 521 534 522 476 482 508 499 497 490 457 468 461 451 446 457 438 444 460 449 435 391 418 433 401 376 401 473 493 493 469 491 495 464 466 458 445 448 461 480 449 438 497 452 413 452 481 483 437 487 476 492 478 456 473 449 429 447 467 447 449 487 500 481 482 459 501 490 468 444 485 483 460 430 386 367 394 401 379 395 436 440 427 453 439 417 431 445 481 473 428 418 413 435 440 455 469 460 474 476 449 432 414 393 456 451 445 446 393 405 424 469 457 440 433 486 500 500 506 480 424 387 420 445 440 456 460 478 433 412 464 478 450 463 440 461 457 443 408 426 444 441 425 451 409 435 464 460 457 468 470 450 429 456 450 444 468 487 453 463 476 496 459 464 444 417 395 423 426 484 490 456 490 468 449 452 448 469 461 423 455 433 436 470 450 478 519 471 499 457 472 482 476 493 469 457 476 497 484 463 451 468 458 420 466 459 439 463 483 431 425 434 462 473 433 441 461 468 505 479 499 441 446 465 463 462 494 468 478 430 433 467 486 455 463 447 452 481 508 500 469 428 380 405 483 488 484 471 491 494 441 482 489 463 458 469 488 465 449 405 450 457 469 512 509 486 452 440 474 439 413 451 439 488 458 449 461 476 476 475 493 484 461 412 426 440 425 386 413 448 449 450 437 431 448 472 472 525 523 465 363 398 405 424 443 430 447 447 415 428 431 475 474 429 430 481 471 467 448 446 422 437 461 498 497 479 437 460 481 458 421 450 454 490 477 470 525 507 443 452 486 495 482 500 496 502 493 511 467 518 500 473 503 527 459 461 460 475 423 427 482 458 451 415 437 454 480 463 485 475 488 474 486 502 510 511 466 441 449 485 498 464 475 477 498 469 457 456 465 446 394 425 464 460 450 419 440 415 423 460 475 466 421 437 445 394 419 432 444 490 471 439 459 425 402 402 417 433 484 482 495 494 483 493 465 452 454 459 497 461 437 453 476 475 501 472 456 392 387 433 446 428 458 452 422 409 382 421 429 444 407 440 451 419 452 458 436 458 425 454 501 489 477 464 461 415 402 422 459 465 485 463 450 390 405 
vem trace:

stid: 342
spdistance: 806.305
radio trace:
368 374 403 412 393 416 426 404 401 410 414 419 424 412 428 416 420 439 431 404 374 346 368 395 421 405 406 428 430 431 409 417 428 418 429 408 380 373 408 429 419 400 395 392 398 411 416 429 444 414 406 407 416 430 444 459 440 422 383 397 432 428 437 435 413 402 390 411 437 423 401 396 407 380 380 402 406 433 440 419 414 419 431 432 422 412 400 400 388 380 414 419 430 398 408 400 399 404 392 376 361 378 396 398 404 426 432 409 404 404 432 451 443 419 434 419 415 410 403 404 392 400 415 429 398 390 413 418 430 428 431 405 391 436 445 406 411 438 435 427 438 434 435 429 417 378 414 392 424 425 395 388 416 428 445 421 424 406 392 396 395 405 419 423 410 400 429 448 414 426 441 416 401 442 432 439 428 428 447 423 411 399 408 429 394 392 418 421 418 398 379 393 381 396 395 413 424 418 414 413 408 391 392 387 390 395 398 404 381 398 401 402 410 424 419 425 433 459 429 427 454 436 429 435 424 442 406 392 384 391 397 405 438 420 382 393 438 430 407 407 408 410 417 386 385 410 389 386 388 394 414 414 377 379 405 401 417 419 386 396 412 416 420 423 412 416 425 408 413 433 406 412 428 437 434 442 432 431 443 439 454 464 468 412 383 398 402 398 414 420 436 428 442 455 440 454 417 414 388 371 400 429 427 411 388 368 409 413 399 387 392 399 390 395 394 398 437 436 402 406 432 407 405 397 429 414 400 414 384 388 423 399 401 426 425 438 435 423 449 442 425 416 424 424 415 414 420 418 428 426 415 422 438 399 415 430 395 404 410 373 359 388 374 395 427 416 403 392 394 379 357 363 394 421 406 415 418 419 418 393 371 394 407 402 401 390 408 393 394 392 385 398 423 423 430 409 402 410 412 444 409 413 425 451 432 438 418 428 404 401 435 445 416 419 402 390 420 424 412 417 420 392 366 397 403 419 440 429 401 396 406 390 392 391 372 409 429 435 416 397 402 408 431 416 410 397 395 393 421 415 445 434 428 429 434 444 457 443 423 429 423 418 447 434 399 429 430 437 429 414 410 428 421 412 434 423 434 417 417 413 424 413 391 404 403 397 392 371 372 361 361 387 410 447 439 428 404 430 460 454 439 427 416 392 378 401 382 390 427 453 443 437 425 441 429 415 395 400 401 446 409 394 417 429 437 450 412 400 418 411 402 401 415 434 417 409 389 416 414 429 418 426 436 422 393 417 423 408 421 405 387 404 389 395 384 376 382 377 391 409 450 459 441 436 390 417 403 417 448 430 407 423 446 458 439 424 422 386 392 411 435 428 444 401 378 407 441 440 443 408 377 411 409 420 438 391 373 399 412 417 440 419 425 440 439 436 405 372 400 413 407 411 431 414 422 419 401 429 401 401 400 397 424 448 454 428 412 433 424 393 379 403 402 408 419 421 427 452 444 417 383 374 409 396 419 422 432 436 444 438 417 413 422 420 422 432 391 416 399 391 380 403 411 412 418 440 429 437 381 378 411 395 394 426 376 396 400 417 410 379 380 394 399 387 394 418 407 418 406 381 376 360 370 398 432 422 395 409 428 422 439 450 444 459 434 451 419 422 415 422 431 429 431 453 427 419 419 419 423 427 423 402 436 459 466 450 445 456 467 478 459 444 420 405 412 448 454 426 412 397 413 409 422 423 419 410 391 397 397 398 411 407 408 412 379 393 427 413 419 416 428 437 437 432 447 433 389 393 
vem trace:

stid: 343
spdistance: 1391.38
radio trace:
456 485 475 469 474 412 447 450 430 407 425 449 464 452 441 439 423 438 424 462 483 452 433 456 465 496 457 456 451 463 473 453 446 427 411 421 418 436 426 423 432 450 406 407 443 478 462 448 463 463 449 465 470 463 439 426 421 422 430 443 416 453 449 468 454 422 448 456 431 414 414 453 473 445 448 467 438 449 466 450 419 434 443 465 472 447 448 426 404 396 386 434 453 457 459 457 444 440 444 459 464 435 422 445 456 445 460 444 445 426 433 452 444 390 418 452 482 442 462 449 469 465 446 440 483 447 440 432 411 440 428 431 439 469 478 424 454 458 431 430 396 408 429 444 454 477 487 476 452 425 442 452 428 414 443 468 458 430 453 456 465 478 454 463 446 422 425 458 438 446 453 465 443 476 453 459 435 434 451 463 446 412 448 448 444 451 439 447 469 447 441 473 458 434 440 456 447 450 447 472 483 517 501 451 429 415 404 451 460 482 478 439 463 462 475 456 418 412 407 429 446 435 444 425 411 410 416 446 464 428 447 435 428 432 454 453 457 428 459 474 474 485 451 439 461 447 446 464 456 454 460 463 486 478 477 462 431 453 439 440 409 397 400 414 447 445 448 452 446 464 465 456 452 457 457 435 451 474 467 439 424 404 407 408 415 430 439 426 440 445 460 448 484 484 478 471 443 446 453 450 394 365 404 409 419 406 426 411 424 414 405 427 410 412 435 447 459 460 451 413 392 436 441 460 449 472 483 461 459 436 461 439 456 434 450 458 423 449 458 448 431 439 435 429 449 440 456 446 453 443 461 458 464 428 433 448 470 483 485 456 451 464 484 484 458 474 471 447 454 445 438 445 422 434 457 447 439 456 432 433 413 426 416 443 443 427 432 426 413 426 442 487 497 455 433 438 417 420 428 447 450 412 410 433 420 429 439 452 469 449 460 436 402 405 405 440 460 473 449 438 390 429 433 449 428 417 455 480 453 442 421 441 433 443 463 451 461 431 418 424 441 449 459 462 448 431 452 486 462 446 453 470 457 456 438 424 440 456 428 433 432 462 456 466 466 448 415 442 425 419 446 442 441 443 416 434 437 425 450 460 431 422 415 437 493 455 449 457 458 406 425 437 484 466 458 468 492 500 474 445 442 429 450 479 426 446 479 446 470 436 428 434 432 441 467 472 489 477 463 437 444 441 449 418 453 478 473 479 477 462 427 455 441 453 439 434 430 385 391 424 448 437 423 446 434 426 417 412 423 428 430 406 391 406 458 461 447 465 463 426 430 439 436 413 422 432 446 440 419 443 423 438 445 450 429 434 422 427 417 436 411 426 449 447 434 435 427 417 457 470 442 435 442 440 451 436 428 439 474 487 492 460 449 447 444 451 432 428 442 462 465 484 459 454 460 439 427 391 440 458 436 433 435 421 453 426 416 420 429 437 437 443 448 470 467 477 471 474 464 441 455 424 436 400 400 423 403 416 417 434 462 443 453 474 461 451 457 425 452 459 471 430 439 436 432 452 431 458 472 448 449 442 440 459 458 445 426 457 476 437 446 441 448 450 463 461 462 445 446 443 434 485 470 431 435 458 479 459 458 448 456 419 407 437 455 469 458 443 442 431 414 445 427 451 484 464 463 465 480 501 487 476 465 419 403 403 426 448 476 464 449 437 437 411 417 407 413 435 460 467 478 464 436 417 432 436 430 420 429 453 428 421 435 421 421 404 420 424 456 465 429 435 405 447 449 433 442 463 
vem trace:

