SDId: 34796776
energy: 1.267e+18
zenith: 0.597857
azimuth: 1.74008
GPSSeconc: 1127062291
stid: 342
spdistance: 811.172
radio trace:
462 472 460 492 482 497 483 470 473 429 477 490 489 498 482 467 513 503 505 530 504 521 519 514 480 476 518 510 510 478 493 510 520 516 518 489 475 470 462 507 529 534 517 501 491 485 449 475 495 513 497 492 455 458 495 438 482 486 479 494 459 472 454 485 483 483 486 455 444 457 483 482 473 493 461 503 492 484 466 481 484 509 521 515 532 531 516 503 485 490 504 511 472 477 492 475 450 446 477 453 454 488 463 429 432 473 485 518 478 450 436 462 468 503 485 490 485 482 479 487 506 497 470 464 457 492 478 455 479 488 479 491 483 501 487 476 468 501 527 545 522 521 501 464 471 503 509 509 506 524 529 483 475 475 496 503 497 469 479 507 522 521 512 513 507 522 496 526 536 525 494 501 514 516 507 474 480 485 456 475 483 490 488 465 470 481 460 501 506 488 453 454 488 482 479 491 504 519 478 481 514 525 503 493 506 473 477 459 461 490 488 492 503 475 463 489 480 503 498 481 475 500 482 456 434 472 461 483 483 492 450 462 476 512 484 496 479 485 473 492 493 492 476 486 495 493 496 452 438 467 516 487 488 481 462 511 545 555 501 462 468 487 515 475 469 459 481 483 490 511 529 525 526 504 488 474 491 485 518 507 495 518 518 485 472 502 485 476 461 487 472 469 498 537 519 522 514 502 478 513 524 508 513 489 473 446 452 458 477 502 468 498 485 487 461 463 473 493 500 490 468 494 521 515 507 483 521 519 520 509 471 467 485 496 497 473 494 490 498 489 520 502 471 496 504 502 495 493 489 505 487 475 448 412 450 474 485 466 472 468 478 511 508 519 506 464 484 519 506 502 519 511 496 475 431 455 460 479 456 487 502 479 463 507 506 504 468 508 511 491 455 494 505 526 521 501 517 497 468 468 470 492 482 466 448 488 495 496 522 481 486 521 500 470 457 442 474 465 471 489 492 528 506 502 488 443 432 450 480 444 505 464 432 462 469 463 479 528 518 481 479 468 523 526 496 522 526 517 539 528 501 465 473 493 491 477 458 473 487 470 483 489 537 540 538 479 490 506 501 515 511 483 457 457 483 495 513 499 502 494 487 481 497 449 483 487 466 457 459 490 506 500 502 509 507 530 511 492 500 465 455 464 447 471 512 469 470 508 472 493 522 512 502 499 487 465 486 493 488 485 489 490 483 500 522 522 479 475 486 451 462 481 472 473 483 481 456 492 502 534 525 494 509 476 472 473 458 459 470 481 457 471 470 508 512 522 500 510 525 522 532 494 495 519 511 508 477 473 490 486 485 473 488 484 481 511 500 463 453 464 455 506 509 483 509 479 472 470 460 477 497 498 473 475 495 481 480 477 491 466 483 511 508 494 517 500 481 472 457 445 476 472 478 490 491 489 498 503 502 537 550 517 481 501 504 494 497 490 499 512 519 557 557 500 503 472 447 476 454 491 495 498 493 502 489 507 524 512 497 473 510 499 488 497 487 471 493 508 494 494 509 501 495 488 530 514 493 500 493 499 501 536 507 476 472 486 480 498 514 516 489 465 444 470 515 497 474 479 452 457 464 506 483 463 476 489 473 456 462 497 494 506 493 490 500 511 495 494 510 535 542 521 530 495 512 524 511 497 461 468 460 464 449 447 489 525 515 480 486 517 508 492 472 464 454 452 450 477 459 490 504 503 467 479 523 508 500 491 486 465 452 492 477 469 493 483 514 489 498 506 522 509 516 492 435 451 450 444 
vem trace:

stid: 332
spdistance: 876.342
radio trace:
502 512 534 553 538 497 504 508 503 520 494 565 596 557 539 538 543 544 547 555 560 544 531 514 545 570 572 543 547 544 510 516 529 548 523 537 547 549 569 547 527 574 571 556 572 545 546 537 556 557 551 556 536 517 535 511 531 533 576 575 533 506 533 542 560 529 546 587 593 528 488 484 494 505 502 525 561 531 544 522 505 526 531 573 585 569 538 532 558 577 541 516 505 529 536 534 531 521 530 545 581 597 582 551 545 550 565 558 545 536 523 511 528 539 527 546 547 534 561 527 508 527 542 554 510 507 524 547 584 555 547 538 564 547 525 538 540 562 548 564 548 570 581 579 583 552 536 541 555 538 531 554 566 549 540 528 518 518 556 552 555 547 557 532 566 551 544 542 553 577 564 556 526 529 563 549 547 591 571 578 565 525 516 516 546 558 511 530 546 558 532 522 576 535 543 490 495 525 559 559 526 516 504 523 531 547 553 511 514 472 499 519 540 569 564 545 523 513 597 562 521 564 556 574 580 546 529 522 569 575 540 541 549 542 532 526 554 553 563 551 548 578 554 499 555 565 531 532 533 527 537 552 553 560 574 551 519 518 533 529 570 541 536 549 572 547 520 505 530 553 562 563 556 523 556 560 518 517 529 559 533 518 528 524 534 564 543 527 527 533 518 552 565 546 549 523 533 546 529 508 524 540 553 569 555 551 525 558 591 583 572 535 528 531 519 546 551 577 573 548 555 555 545 517 547 527 530 501 522 525 530 532 516 553 561 538 525 527 559 593 583 545 539 549 565 544 569 564 560 557 525 514 541 543 538 560 569 565 575 538 541 519 520 515 500 511 530 574 548 539 549 576 567 546 569 590 549 504 538 546 559 542 576 542 551 533 557 572 568 538 528 551 564 554 545 542 553 567 562 577 553 508 486 515 518 498 526 539 538 537 532 528 554 552 595 614 576 556 533 561 558 570 561 551 551 579 564 542 569 557 554 571 545 542 557 530 525 528 553 519 551 560 554 524 557 540 522 493 512 541 579 554 490 509 564 560 549 557 579 558 551 570 545 534 558 574 550 574 551 546 548 546 542 545 548 531 512 528 513 500 504 518 516 513 539 564 548 553 520 518 543 544 541 520 520 528 511 530 542 520 522 551 541 532 541 534 568 557 544 557 593 558 553 599 574 534 537 553 540 534 530 511 516 498 531 561 572 568 579 583 602 598 545 579 568 576 595 598 581 552 561 562 563 590 534 516 498 514 520 548 516 528 541 571 524 530 532 530 536 543 575 572 567 585 602 585 591 555 539 535 519 512 531 553 527 546 517 518 522 540 552 567 558 538 521 530 566 571 532 537 547 543 524 505 499 479 486 535 570 564 569 549 536 512 539 563 550 538 545 529 540 567 578 557 552 554 588 542 545 538 520 522 517 500 523 539 543 525 535 549 538 575 561 561 551 557 542 532 533 551 569 567 553 539 527 506 502 506 531 554 556 565 519 543 548 561 572 574 531 478 469 504 528 562 559 575 550 516 541 539 556 543 541 546 526 510 540 559 548 572 535 514 540 529 515 513 507 543 541 523 553 574 559 533 534 534 535 565 532 521 532 526 575 580 557 588 580 566 533 568 586 569 545 540 510 523 514 551 551 536 564 562 527 527 559 558 562 529 550 560 547 541 542 554 577 570 564 526 526 502 542 554 543 560 574 603 586 554 594 581 549 547 528 518 505 526 572 592 575 541 541 569 589 549 506 527 545 563 
vem trace:

stid: 343
spdistance: 1293.01
radio trace:
487 494 485 480 484 491 481 468 474 454 457 483 494 464 463 449 482 466 450 463 455 486 492 481 473 485 493 499 509 489 440 461 470 477 485 453 455 484 507 477 473 483 495 492 516 498 466 470 471 498 499 460 448 446 485 485 465 459 468 477 489 496 500 496 475 479 479 484 499 512 506 515 516 499 518 516 495 489 520 501 493 500 503 496 488 504 498 507 465 465 452 492 505 506 503 494 482 499 523 526 510 500 512 527 530 495 481 507 516 502 496 503 494 495 473 460 502 506 508 464 489 490 478 446 455 460 475 445 450 479 504 462 481 502 490 469 476 436 434 449 482 481 509 496 501 514 512 500 483 488 488 499 497 499 496 488 504 487 479 489 508 496 508 494 477 495 486 494 514 497 491 483 447 463 476 492 480 489 500 497 494 519 510 491 473 482 483 476 515 526 505 492 477 487 479 465 482 472 485 489 495 497 505 499 465 479 466 487 478 495 516 527 485 459 470 481 481 479 484 483 495 495 481 479 476 476 488 501 509 495 471 474 472 470 484 490 503 521 514 515 519 489 491 483 463 463 473 466 458 474 472 487 498 476 442 459 489 479 465 477 500 504 506 469 480 467 485 482 471 472 493 482 505 502 512 479 476 478 485 468 481 474 493 504 510 473 471 463 489 509 504 498 488 496 520 471 473 462 460 497 487 491 511 504 520 504 475 491 470 473 482 477 468 449 480 466 485 490 487 478 486 479 460 473 514 532 533 530 524 509 511 495 489 494 504 508 497 484 474 488 510 478 467 456 492 487 467 476 472 498 502 499 493 500 471 492 488 471 501 507 503 479 490 506 530 521 490 500 508 499 515 518 496 482 491 512 525 527 482 487 485 469 468 463 490 509 483 497 518 514 527 511 510 472 460 478 487 487 509 527 503 495 480 505 496 461 468 494 504 496 488 499 503 498 496 498 485 440 463 437 454 473 457 471 480 489 497 487 469 478 510 521 518 462 465 466 474 489 485 497 514 525 515 485 498 504 497 500 512 506 491 505 491 507 488 480 510 497 484 500 477 480 475 484 468 475 493 515 538 507 510 506 486 488 494 483 492 486 476 469 508 492 466 493 500 495 495 474 465 481 505 503 467 451 453 481 499 485 483 472 490 518 508 479 489 480 474 458 440 479 498 495 496 472 478 483 496 501 467 450 472 503 475 486 522 526 514 495 483 513 519 473 509 482 482 470 469 483 480 501 504 507 499 493 482 446 454 475 482 470 484 517 546 514 513 500 481 473 475 483 483 466 493 498 485 492 463 485 510 512 478 489 495 488 480 495 484 497 508 487 489 476 490 481 453 477 501 486 480 514 530 505 508 500 508 464 433 453 471 485 513 464 467 486 518 508 534 500 519 509 503 497 512 448 480 476 476 473 475 497 506 492 475 481 490 495 525 497 493 504 500 510 486 505 484 479 514 503 490 491 476 491 469 488 480 491 510 521 533 506 509 507 486 485 473 455 467 506 483 478 483 477 455 489 496 488 480 497 498 493 493 480 465 490 508 490 473 497 481 461 477 474 466 488 521 529 518 501 482 514 496 498 495 487 452 415 468 483 475 468 487 499 508 494 500 507 509 489 455 472 488 513 476 447 466 470 471 472 452 455 495 508 486 475 442 441 468 482 488 511 506 500 457 466 498 501 508 504 502 506 501 499 479 457 492 473 463 474 494 514 509 520 513 498 484 489 501 506 502 500 485 505 495 495 479 477 471 480 
vem trace:

