SDId: 34497294
energy: 9.06044e+17
zenith: 0.426497
azimuth: 4.36158
GPSSeconc: 1125234616
stid: 332
spdistance: 475.477
radio trace:
497 499 482 522 533 559 554 576 546 526 529 527 525 523 540 520 539 575 582 520 485 484 501 560 527 490 493 478 503 538 509 531 562 551 560 532 535 537 529 553 519 510 514 528 537 526 516 487 504 528 502 512 513 512 511 507 492 516 517 527 493 511 507 535 518 556 533 546 560 578 547 533 516 528 522 508 486 508 522 495 518 572 581 570 524 537 533 524 502 516 535 508 503 514 490 467 487 492 498 513 528 518 532 541 519 521 545 568 549 536 558 550 564 541 547 552 530 510 506 494 528 512 496 503 515 485 531 595 562 541 541 548 508 516 519 541 526 531 535 574 555 515 522 548 534 525 540 530 507 501 471 523 549 508 547 567 527 491 521 481 499 543 548 538 534 530 550 505 507 528 495 513 556 589 556 506 507 520 533 540 551 562 567 553 533 540 560 579 555 563 534 507 535 534 514 529 535 537 524 559 542 514 524 508 483 500 523 526 524 520 557 567 564 556 577 543 567 537 577 566 538 544 502 493 504 542 544 526 519 519 522 530 514 557 584 561 516 511 515 528 535 538 542 549 537 549 526 488 545 528 520 563 551 578 586 553 534 555 520 545 542 512 535 516 537 550 549 541 513 506 520 505 493 536 518 517 523 503 533 515 518 520 536 536 519 521 535 530 548 549 531 520 558 598 566 546 540 535 523 509 579 580 539 534 541 551 515 501 525 497 524 524 541 547 541 553 557 524 527 554 525 499 532 533 530 502 504 518 526 518 539 535 518 551 541 556 549 548 531 540 550 559 550 533 550 503 499 498 520 510 488 503 504 498 498 528 516 511 448 466 508 507 487 510 520 521 490 483 507 511 528 527 511 499 473 486 470 500 513 524 496 506 532 503 535 541 515 503 489 498 492 511 542 478 499 527 521 539 549 531 545 578 541 530 521 541 568 545 542 539 560 563 543 516 543 569 552 551 543 541 560 563 554 523 544 522 510 526 494 531 554 556 559 563 537 538 526 514 517 520 508 520 510 542 561 517 516 532 550 547 530 541 540 569 583 567 540 520 539 506 526 519 528 532 511 484 522 535 527 531 529 513 511 535 533 563 544 543 541 554 560 551 527 536 528 543 539 503 500 521 556 576 543 525 535 569 577 559 523 527 490 481 491 487 503 518 509 508 512 523 525 522 559 555 552 558 574 580 571 581 551 544 535 528 508 497 516 535 540 556 554 566 567 548 565 583 572 540 534 530 501 523 547 547 538 551 561 535 539 512 514 518 537 527 520 529 505 532 514 479 475 501 514 525 552 562 538 537 522 506 484 505 479 486 510 544 532 541 517 486 504 508 538 532 544 524 497 507 514 493 527 528 540 531 510 540 571 571 518 514 524 533 533 528 528 554 561 511 524 539 545 515 537 556 557 579 550 533 559 552 519 522 533 507 500 501 516 487 505 526 540 564 546 564 566 578 586 577 596 570 506 508 507 505 480 501 530 547 526 555 523 514 510 500 515 499 503 509 546 550 533 505 483 502 507 551 567 568 584 563 485 460 478 504 517 524 509 533 546 566 567 550 538 496 508 515 529 518 488 497 504 518 527 551 539 574 537 514 513 506 495 503 517 516 513 516 521 515 531 530 564 554 518 483 487 507 497 489 510 516 500 482 529 505 491 498 513 565 594 558 556 564 564 586 603 612 587 534 509 528 507 533 531 524 559 531 549 533 525 559 546 527 551 526 534 501 506 528 528 529 543 511 520 505 489 510 532 519 
vem trace:

stid: 333
spdistance: 1014.43
radio trace:
482 477 444 482 437 409 432 418 400 413 358 386 412 435 409 427 430 417 390 414 419 442 449 428 422 431 422 434 419 441 422 435 467 469 434 439 436 460 453 442 440 453 438 410 395 412 418 415 428 449 459 452 430 429 432 459 450 443 441 457 415 462 455 452 469 457 436 413 418 438 446 408 401 437 447 466 446 442 423 449 425 403 427 447 464 461 420 395 406 410 397 402 424 450 428 417 444 441 440 461 437 408 394 380 400 430 434 438 432 419 412 422 441 481 473 440 398 406 423 460 419 427 411 431 401 417 412 403 424 415 432 462 421 420 446 439 450 445 399 377 396 449 438 404 399 403 376 419 420 424 435 404 400 424 418 423 409 430 424 434 446 398 396 418 419 431 420 416 427 447 423 436 430 423 404 415 417 397 402 417 424 391 433 452 469 448 436 425 426 446 439 460 432 446 416 398 400 408 429 440 450 477 455 477 436 410 423 398 406 413 429 473 428 443 498 464 446 447 411 421 446 409 437 424 419 413 409 436 384 394 394 356 389 440 443 448 437 438 444 448 445 418 430 420 411 418 406 384 398 401 428 426 455 443 456 446 444 472 435 421 436 439 439 427 408 454 484 448 420 389 406 412 421 446 457 472 450 425 432 446 448 447 440 471 449 460 438 392 390 392 392 416 434 419 426 421 393 380 404 441 423 404 434 442 448 453 416 405 410 435 420 401 413 385 402 416 404 421 417 422 421 461 432 444 442 459 418 400 440 454 433 409 407 420 414 416 400 451 469 461 454 434 399 378 412 451 458 443 456 413 414 431 420 441 421 447 428 384 390 437 487 474 446 427 412 415 420 403 417 431 419 425 468 432 382 436 477 481 480 485 492 446 420 438 457 427 401 403 415 421 420 436 471 462 474 469 428 427 445 462 450 442 438 436 444 437 412 375 401 366 404 444 432 416 437 479 451 445 451 435 438 441 395 425 437 479 465 417 427 415 433 453 459 464 413 425 431 467 440 421 404 428 439 435 415 407 403 407 416 411 418 418 427 446 443 436 440 421 403 431 423 439 433 420 459 469 449 422 402 395 387 420 412 434 409 442 458 468 416 448 429 429 483 481 442 425 443 449 463 468 470 462 449 421 410 404 401 417 424 434 440 440 447 463 440 441 439 450 439 456 439 453 421 416 421 444 435 417 443 425 413 417 440 436 429 425 401 427 418 438 427 436 449 467 459 440 447 447 479 428 450 451 430 408 414 439 452 414 424 415 399 392 403 428 423 461 451 421 408 433 428 430 414 425 450 468 448 471 459 460 446 476 474 459 443 433 439 421 431 398 410 440 452 439 456 444 427 432 423 409 454 470 465 419 389 420 439 441 417 406 415 410 402 405 396 398 392 433 470 450 384 363 390 411 415 410 424 438 451 434 384 390 416 433 442 438 427 445 432 428 483 417 404 418 425 426 428 408 417 415 437 429 452 426 436 468 475 457 432 442 418 448 463 459 442 474 438 424 401 382 439 462 427 411 412 450 435 450 491 466 460 440 426 425 425 407 440 466 463 442 433 445 452 448 404 421 396 426 411 404 394 400 408 424 459 452 434 446 407 427 448 443 428 421 413 434 412 405 435 436 433 442 442 435 437 431 423 399 385 415 454 445 475 470 440 434 414 416 429 411 400 400 395 412 413 419 454 415 419 435 445 444 438 411 419 434 453 452 434 409 432 434 431 446 454 440 444 440 441 406 392 420 413 420 439 450 464 458 
vem trace:

stid: 342
spdistance: 1272.58
radio trace:
393 394 399 436 428 391 402 429 422 410 379 391 418 453 416 411 395 401 421 454 438 434 424 431 442 437 432 433 420 418 408 442 416 424 434 403 397 408 406 432 461 469 471 400 413 432 446 466 486 446 437 405 409 386 410 412 407 374 417 418 405 382 405 393 415 433 448 425 427 418 412 401 411 432 443 470 473 481 439 435 410 376 393 399 423 424 431 419 398 373 393 415 418 442 435 426 427 418 423 437 424 418 435 409 425 412 440 419 407 446 438 443 418 382 396 410 419 432 427 414 374 395 426 406 416 424 401 416 419 440 437 419 402 422 418 430 428 415 407 405 451 445 422 379 414 470 504 496 467 440 427 404 425 414 449 421 454 440 449 428 430 426 433 432 409 413 418 449 448 447 444 418 399 411 404 416 395 388 375 396 373 386 405 390 411 417 428 448 396 424 415 435 454 408 383 394 395 409 407 413 420 394 422 439 427 425 443 435 416 385 396 402 398 400 411 385 424 410 412 405 423 419 449 421 422 387 411 420 432 461 473 463 425 416 445 434 467 449 456 479 492 467 434 415 412 413 444 417 420 421 403 366 387 399 407 409 413 414 399 372 359 409 437 449 434 424 459 463 458 465 433 413 399 383 421 417 431 432 407 426 399 393 410 409 426 453 426 418 395 402 409 422 439 429 414 424 418 435 436 437 437 405 401 398 403 424 441 433 452 408 390 373 417 447 434 446 442 421 444 457 496 452 437 430 432 433 426 425 424 439 466 450 426 410 396 427 441 469 472 452 442 417 410 409 420 415 445 425 426 407 436 408 410 447 452 472 442 413 400 403 372 378 379 396 402 411 412 443 453 431 408 401 412 418 414 374 357 380 366 403 450 459 454 439 433 443 450 416 429 405 391 381 395 442 423 421 416 378 376 406 429 437 419 429 439 409 392 426 410 428 422 453 450 422 416 408 459 473 473 442 431 441 416 433 447 445 424 427 462 459 424 475 480 467 455 418 460 455 456 480 473 444 437 438 415 417 385 380 398 405 386 406 383 386 411 378 353 389 399 414 413 437 414 401 413 423 449 434 404 423 410 407 440 454 427 416 400 424 457 422 411 435 425 444 444 475 451 428 440 450 449 445 437 444 441 414 432 431 472 462 435 447 435 436 410 424 423 424 433 412 432 434 431 435 418 442 443 458 460 429 414 427 440 430 434 411 421 409 395 374 354 349 375 392 370 377 402 419 434 422 417 417 434 391 351 361 380 403 438 418 429 427 445 431 439 457 456 454 446 418 426 430 429 432 436 456 458 458 491 460 457 434 404 419 388 401 394 400 453 451 437 428 406 416 425 390 401 437 441 440 441 458 446 401 404 408 425 417 437 451 427 434 453 414 447 419 396 417 429 432 451 484 447 417 424 410 419 415 457 463 464 438 419 401 406 425 425 421 421 416 416 412 448 455 436 382 384 411 427 417 419 434 447 440 437 446 427 414 416 444 456 436 434 441 446 460 440 415 422 442 434 418 416 416 419 418 404 415 431 420 427 443 442 411 380 420 428 428 444 464 471 441 423 425 431 417 433 443 414 416 433 409 454 446 439 417 400 394 424 418 396 410 417 400 395 409 415 427 453 448 423 409 395 378 384 376 407 411 415 385 446 437 414 431 434 436 446 481 446 437 408 385 376 411 403 412 440 442 424 447 418 400 419 443 403 413 420 445 432 430 440 416 428 439 433 417 447 426 411 408 399 428 455 455 443 449 451 423 
vem trace:

