SDId: 34557477
energy: 3.66612e+17
zenith: 0.510124
azimuth: 5.36017
GPSSeconc: 1125602493
stid: 419
spdistance: 771.27
radio trace:
514 502 505 512 505 498 505 514 493 518 542 525 518 488 481 497 448 480 519 517 475 505 514 490 478 492 516 538 505 512 517 522 550 519 489 503 520 561 520 505 513 467 486 545 507 490 497 488 511 527 535 477 501 498 504 452 525 548 534 509 470 495 489 505 554 483 454 497 460 468 513 502 480 476 473 524 520 503 515 521 547 525 515 491 462 481 538 500 522 555 514 513 523 525 533 521 497 495 449 479 464 436 504 520 501 507 530 508 480 460 528 513 498 502 512 475 511 527 509 481 465 487 511 500 474 519 502 477 458 482 508 517 479 512 533 544 557 531 504 513 508 500 469 499 526 542 543 534 525 508 539 505 485 493 477 522 501 513 480 534 483 488 482 469 475 511 541 492 470 438 470 488 539 556 504 481 489 520 515 527 509 499 462 468 468 483 511 511 522 511 557 513 492 429 465 460 511 524 528 512 528 503 482 449 409 445 517 518 486 452 490 507 481 472 453 446 494 545 504 501 488 511 551 543 506 523 526 535 504 475 467 488 517 498 505 567 527 486 484 494 486 485 516 506 486 544 560 540 459 495 525 544 572 557 560 545 547 515 511 513 487 489 524 505 492 475 500 516 520 517 500 514 516 513 513 522 519 514 500 485 499 528 537 565 535 521 512 495 515 542 544 493 494 512 485 457 494 508 515 534 523 541 515 497 448 502 552 561 560 509 498 493 504 508 501 475 476 535 545 528 512 521 538 519 530 510 515 526 529 485 518 467 484 493 508 517 480 502 486 486 493 491 519 500 500 535 516 509 448 430 419 425 465 482 494 496 530 551 492 520 524 559 546 505 530 554 542 517 522 553 572 556 586 567 542 524 525 492 503 512 534 534 499 478 528 513 552 535 527 499 514 518 514 519 549 527 482 522 564 495 490 477 516 521 552 577 546 548 539 532 501 496 515 519 521 526 526 532 541 542 525 531 522 488 516 473 463 467 478 499 487 525 503 512 510 483 474 507 529 506 456 516 536 501 505 495 486 535 503 515 515 506 511 523 464 487 522 521 528 523 518 493 485 531 548 512 477 516 551 528 568 541 511 471 470 519 547 572 559 546 525 531 554 517 512 482 495 522 525 474 506 512 493 475 492 502 529 522 517 527 523 522 530 536 542 530 529 472 479 512 484 468 506 499 481 461 510 509 505 543 497 493 471 490 490 533 503 509 526 514 548 500 497 489 529 513 527 508 523 529 544 495 496 483 482 487 476 522 514 512 493 500 549 526 512 503 516 523 515 486 506 534 493 528 548 553 544 523 540 533 515 503 447 458 505 510 490 449 504 522 509 542 524 508 558 549 526 497 512 530 517 530 548 520 536 550 548 530 514 521 520 521 494 529 493 506 526 522 523 506 493 448 458 513 532 529 531 538 504 496 489 507 502 513 470 429 475 510 491 490 478 517 517 509 464 498 480 496 512 478 476 522 544 508 489 479 511 483 492 486 486 532 462 486 489 519 517 466 478 497 519 544 463 499 555 540 516 484 526 521 518 541 566 535 547 504 498 499 485 517 507 543 532 535 502 502 523 538 503 468 482 527 559 566 561 503 497 501 503 513 492 490 537 533 539 546 569 556 506 462 491 515 516 499 482 507 490 482 504 487 526 505 517 486 458 437 480 478 458 479 475 499 530 531 540 521 518 535 525 569 594 558 492 463 469 508 515 508 508 490 505 479 486 492 476 431 519 534 521 516 506 486 467 438 481 494 528 504 
vem trace:

stid: 343
spdistance: 915.841
radio trace:
452 461 472 486 498 456 477 493 488 447 456 454 463 445 439 459 486 481 486 514 504 505 457 475 439 454 462 421 427 437 443 447 455 438 415 413 440 485 471 459 485 480 471 483 490 500 513 468 434 486 478 461 468 455 448 485 473 461 457 459 462 476 456 405 448 431 472 467 462 455 459 470 464 476 460 451 462 458 470 481 466 486 490 472 468 465 471 465 474 450 477 475 439 462 457 469 457 490 499 480 464 490 486 505 486 477 465 486 492 447 422 450 485 474 497 511 470 465 429 459 458 455 434 445 467 442 425 454 468 456 449 441 433 426 458 448 464 457 441 457 481 459 468 475 445 449 459 477 484 484 490 482 483 467 444 460 452 452 484 477 461 458 497 488 474 483 496 513 491 482 459 514 505 502 474 482 462 427 447 447 456 461 490 485 491 498 507 474 472 480 489 466 457 467 475 467 460 460 486 507 484 468 472 478 459 466 468 459 468 450 452 441 452 464 492 489 488 466 482 465 455 468 504 516 536 488 441 433 454 477 453 477 481 467 462 426 428 462 441 465 466 426 465 475 428 435 461 480 482 483 480 486 491 464 436 450 451 444 449 471 456 478 450 469 480 489 479 473 497 500 488 474 430 445 458 477 470 451 464 481 484 490 494 486 475 447 406 410 446 434 448 454 454 460 430 451 434 446 458 460 443 458 460 471 472 486 485 480 484 494 487 447 467 446 475 448 434 459 450 438 430 443 469 507 470 489 506 480 452 472 464 450 471 467 460 480 451 446 450 458 457 462 463 476 464 475 485 457 473 512 478 481 462 474 454 477 473 481 458 442 436 471 465 471 467 473 464 449 461 462 454 454 459 461 462 461 474 468 453 462 457 469 453 468 482 473 439 450 455 436 466 485 481 477 474 454 472 478 496 496 481 456 453 481 506 500 491 492 498 494 509 483 462 433 458 478 499 519 511 489 450 454 477 451 458 439 444 465 494 481 463 454 446 461 498 491 468 482 455 413 452 464 470 465 481 491 491 482 489 495 519 495 469 445 449 493 488 460 473 491 484 478 474 444 466 490 508 473 461 466 501 504 498 479 461 483 495 474 482 488 492 481 475 488 497 473 450 453 496 470 462 477 492 459 460 475 466 474 469 459 458 475 476 476 466 494 476 467 471 475 473 474 482 490 488 452 459 476 479 473 465 448 440 461 454 477 499 513 496 506 472 470 487 455 459 493 482 469 475 470 455 440 454 490 496 466 486 488 495 461 437 476 478 489 497 489 458 476 451 452 444 454 481 484 435 418 425 470 476 478 490 474 473 490 506 490 472 477 494 478 495 491 484 467 477 499 485 518 520 507 494 463 462 449 419 426 469 480 442 439 462 445 445 443 454 479 474 473 509 501 485 475 468 490 476 456 461 444 450 458 448 451 480 482 464 436 418 457 472 473 469 471 433 441 485 477 492 461 455 458 443 458 471 445 463 479 464 499 516 497 470 431 460 472 490 477 490 470 491 471 459 445 461 478 472 461 497 514 497 511 511 471 454 473 477 467 472 464 464 439 418 435 450 475 457 476 463 419 465 491 458 456 457 491 491 473 484 465 468 466 465 449 439 454 441 444 448 452 477 478 454 481 468 420 454 480 496 477 491 491 487 485 482 463 466 455 491 476 495 487 466 468 473 463 475 461 482 477 476 448 463 480 476 465 478 458 478 464 473 450 460 466 471 495 468 478 466 457 467 460 455 493 494 504 476 452 456 458 
vem trace:

