SDId: 34637470
energy: 3.01993e+17
zenith: 0.241363
azimuth: 5.32363
GPSSeconc: 1126168067
stid: 342
spdistance: 803.215
radio trace:
411 392 383 397 395 391 390 377 378 395 386 392 396 406 414 403 409 406 401 416 415 416 386 391 377 378 419 401 398 394 374 402 367 355 359 373 368 401 384 391 400 399 380 393 379 393 394 403 400 411 410 419 417 402 401 399 385 392 402 386 406 382 374 387 384 365 378 406 398 386 364 374 417 406 414 410 402 370 376 370 396 416 397 402 401 394 389 378 390 371 385 408 436 431 449 425 385 345 357 373 388 389 386 399 396 392 380 408 399 396 397 383 355 380 392 424 415 408 399 393 412 388 373 364 377 387 376 390 404 415 413 393 391 383 390 397 386 394 414 380 400 398 414 401 390 350 380 396 371 399 391 373 370 358 378 377 381 382 398 388 405 401 432 400 409 393 380 358 395 394 390 383 391 400 403 402 397 395 417 432 431 439 425 422 396 385 402 383 377 355 385 389 389 399 427 402 401 421 441 437 433 421 434 411 418 404 417 421 419 411 402 383 364 393 405 398 389 393 385 388 384 382 402 399 372 383 381 370 382 391 387 384 384 382 386 412 404 416 399 413 417 406 422 418 417 400 401 391 375 401 420 400 390 384 375 373 382 351 365 387 395 401 372 382 399 397 412 425 405 390 376 397 375 387 367 389 381 373 384 365 368 358 404 389 402 388 402 418 405 410 408 416 415 402 375 380 389 405 376 412 428 428 438 391 388 382 388 382 366 357 377 374 403 419 426 396 397 411 369 392 381 413 429 457 416 406 386 379 401 416 414 402 389 378 374 359 406 399 409 407 398 421 429 418 412 409 391 363 392 405 405 408 383 387 411 410 371 376 373 374 376 386 395 377 384 355 378 390 402 404 434 416 410 389 387 395 407 400 370 369 384 396 403 405 384 337 333 392 398 384 361 381 410 415 388 378 376 388 412 419 412 401 384 353 365 383 378 380 378 392 375 386 388 404 419 410 405 389 395 365 373 391 373 392 384 391 393 392 377 388 416 423 378 389 398 399 397 387 365 396 415 410 378 402 404 399 406 417 389 362 378 378 374 397 404 388 399 390 392 371 365 392 411 419 404 388 391 387 377 398 394 396 436 444 428 409 410 425 413 386 386 392 401 398 382 390 407 432 416 380 411 405 387 383 389 383 362 385 387 380 379 397 389 387 358 372 385 387 385 379 403 399 410 401 397 389 399 405 395 377 405 413 408 372 373 393 379 397 406 431 423 398 411 416 427 388 388 387 410 370 369 367 379 390 375 366 386 355 365 354 367 401 402 408 398 386 396 391 399 426 409 400 397 379 397 403 402 363 382 387 398 385 370 384 388 409 417 420 417 409 397 389 389 396 390 398 398 387 382 383 352 362 367 397 385 404 389 387 387 367 379 390 404 438 434 405 408 388 383 368 358 375 405 397 399 409 395 407 379 376 376 378 395 421 424 413 383 381 394 396 379 397 379 374 358 358 381 379 398 394 400 411 414 400 388 405 404 423 401 407 397 397 384 364 387 394 387 385 374 393 393 394 373 350 349 367 366 369 395 425 399 388 397 382 383 392 371 367 367 379 389 391 392 370 370 371 354 379 385 399 399 374 380 377 380 391 388 402 412 375 384 376 398 426 430 402 402 395 386 403 408 425 429 407 417 398 359 388 404 391 369 380 400 391 380 395 414 393 383 383 404 414 409 386 368 386 423 427 397 376 376 379 371 375 358 385 372 398 436 432 395 401 375 366 391 368 381 357 362 363 377 364 351 360 354 364 366 362 
vem trace:

stid: 332
spdistance: 835.94
radio trace:
507 501 538 519 543 545 525 513 529 506 534 543 536 531 506 491 503 506 537 547 533 543 554 511 508 520 502 533 537 495 509 529 509 486 493 526 548 555 509 516 513 530 497 486 511 535 525 520 512 498 506 545 562 565 480 501 514 484 506 498 524 527 496 509 497 488 481 533 525 531 510 486 539 555 512 517 535 561 556 535 540 532 510 530 558 541 551 558 533 551 540 533 546 566 567 505 535 530 520 524 532 508 549 552 566 584 600 563 557 539 572 582 570 538 537 503 524 540 531 531 544 543 551 570 535 554 531 548 553 539 550 566 582 568 523 512 504 481 532 536 567 510 507 516 536 546 514 528 542 519 541 568 550 583 546 527 518 530 522 538 541 520 480 513 514 530 534 537 510 521 485 485 475 481 501 483 496 513 519 551 527 570 546 512 519 539 557 547 522 515 522 512 495 515 564 533 532 553 544 537 541 526 557 551 515 523 544 533 544 537 550 560 555 515 503 538 540 544 517 546 522 554 520 496 482 518 503 513 516 525 514 498 502 472 496 518 526 544 513 503 515 534 554 528 532 517 481 512 473 494 542 542 521 513 515 526 524 526 532 549 545 483 522 577 567 553 527 533 592 558 519 524 549 552 537 507 479 482 534 550 551 510 522 576 579 550 544 546 557 540 558 550 573 524 495 493 453 485 517 514 519 519 551 579 557 527 558 578 546 538 535 517 503 552 554 554 560 508 509 518 470 501 514 540 548 567 574 543 476 509 486 516 526 524 535 499 521 526 485 495 551 527 520 485 492 536 556 556 533 546 556 551 535 542 536 587 541 553 521 483 525 521 489 503 498 514 539 536 510 538 517 535 545 535 562 526 518 501 507 488 501 524 527 524 506 531 591 591 557 525 536 556 527 540 554 558 544 530 550 527 549 540 535 535 510 497 517 546 533 569 539 524 530 557 539 512 518 547 526 512 511 515 512 501 532 583 555 496 510 507 492 498 502 506 503 493 514 539 533 533 523 506 512 525 536 547 536 523 474 504 503 511 510 570 539 494 506 536 492 514 531 509 528 514 525 516 488 480 516 535 536 564 550 551 534 536 524 530 534 507 498 503 536 542 508 516 559 550 531 510 532 517 541 538 519 552 523 511 524 536 542 520 553 567 576 552 548 518 501 560 578 509 504 508 493 503 516 502 546 575 556 536 543 529 516 507 526 550 533 492 514 512 543 547 534 518 525 565 525 526 531 526 515 512 534 519 546 550 504 508 558 562 557 521 500 495 478 510 530 539 531 540 504 488 551 581 560 528 524 544 515 467 522 513 523 536 531 500 486 516 523 532 547 520 543 551 524 533 507 460 503 552 546 520 539 512 518 525 542 529 497 513 512 510 543 542 518 488 528 549 544 575 546 490 524 529 513 491 526 513 503 555 562 578 554 529 549 505 492 488 529 498 515 519 532 502 493 511 515 522 569 534 539 537 538 484 532 560 537 486 496 511 531 546 547 563 554 556 535 522 523 514 522 516 527 551 553 559 546 524 502 556 538 539 539 517 529 512 490 487 545 544 527 515 480 469 519 545 545 539 544 527 555 547 556 549 532 540 526 516 512 548 543 544 546 523 510 506 511 542 563 569 552 583 536 539 554 526 553 564 563 564 580 550 523 561 555 525 543 545 549 551 542 550 544 567 558 573 569 537 578 602 589 563 544 555 557 530 511 531 536 544 553 566 542 515 518 519 529 543 541 485 468 507 494 506 513 514 
vem trace:

stid: 333
spdistance: 935.278
radio trace:
448 452 452 404 415 406 398 408 426 444 427 424 441 436 435 466 454 432 409 437 455 413 402 382 383 404 434 424 388 378 407 391 420 385 399 399 411 402 435 405 410 394 410 393 421 412 430 400 428 456 479 473 478 425 428 445 443 429 446 456 449 438 425 431 426 424 426 413 408 396 428 444 445 454 443 426 430 375 357 396 415 407 441 473 468 475 470 468 468 463 447 434 449 434 470 482 447 424 403 426 430 441 451 441 425 457 472 480 450 416 429 422 412 448 424 419 443 425 445 420 384 440 450 455 441 413 416 374 362 383 421 460 447 407 426 435 427 397 381 401 427 431 406 427 415 423 414 416 403 384 402 407 418 406 424 393 391 391 377 382 373 376 392 401 405 423 407 398 392 379 410 417 432 435 430 414 423 408 375 402 423 376 374 409 441 441 411 394 380 359 386 386 403 423 447 446 463 423 404 382 369 365 373 450 471 462 444 387 373 406 415 429 399 405 399 440 414 424 442 428 440 456 435 406 439 464 472 457 392 372 398 408 420 425 433 438 427 417 433 409 402 429 446 428 425 446 441 447 458 427 431 417 452 418 401 399 419 412 417 408 414 434 437 448 423 449 432 407 387 374 410 418 435 406 399 413 429 411 419 460 439 445 467 448 451 440 463 492 486 473 456 434 388 384 402 371 378 371 393 449 469 434 400 387 402 409 417 440 438 419 405 371 404 426 436 423 405 408 384 402 431 393 398 413 428 427 433 470 484 458 427 406 411 389 420 435 468 480 452 436 428 449 443 440 437 426 435 440 410 396 386 408 402 402 450 445 383 374 389 390 388 353 399 408 385 384 396 415 435 458 474 479 458 419 403 380 442 493 493 469 466 455 444 433 416 450 442 405 431 430 417 426 445 446 392 407 403 399 403 428 432 398 401 419 426 405 406 433 456 411 432 461 426 358 384 418 396 410 452 458 407 400 425 412 418 375 374 380 396 401 412 451 451 442 440 434 464 413 417 415 435 447 424 431 418 395 396 399 419 425 396 369 407 402 385 393 397 412 413 421 402 436 436 431 436 416 409 424 437 453 455 428 409 405 411 358 381 407 400 411 415 435 455 456 449 451 439 399 378 390 420 407 382 412 403 402 395 393 441 461 429 438 440 449 477 441 449 420 396 426 444 411 392 412 379 408 437 431 426 406 399 440 427 429 466 447 469 495 465 445 411 411 395 423 416 392 443 425 389 395 387 390 383 406 403 458 445 445 447 431 437 441 435 403 361 401 435 421 423 402 391 413 417 388 402 399 411 417 420 453 453 453 445 457 442 414 413 387 382 421 408 406 426 436 424 411 435 448 461 425 427 403 413 438 431 401 439 449 391 417 409 446 432 427 410 411 363 408 410 394 385 404 391 406 401 427 430 437 388 392 439 421 423 421 403 404 411 407 411 452 478 441 434 386 437 434 430 424 422 427 431 450 440 416 404 389 393 423 412 431 401 430 439 412 421 433 437 395 410 393 392 392 438 435 407 418 447 433 402 429 408 367 394 390 375 397 423 401 400 425 446 409 447 460 448 405 382 369 383 405 410 437 468 432 428 453 444 427 428 457 434 436 459 437 400 420 414 411 384 420 463 451 427 406 424 447 432 427 430 402 407 424 419 409 429 386 430 428 402 387 396 407 408 409 428 419 402 369 387 413 425 434 398 383 379 407 404 408 421 408 445 437 442 439 421 422 449 438 431 408 406 447 454 464 448 424 435 434 
vem trace:

