SDId: 34607935
energy: 3.05058e+17
zenith: 0.458752
azimuth: 5.42881
GPSSeconc: 1126026479
stid: 342
spdistance: 540.008
radio trace:
493 493 493 476 502 488 474 448 463 465 459 472 454 435 432 471 462 465 482 497 487 492 475 475 477 458 459 461 501 506 507 522 522 516 476 475 479 460 465 483 467 486 518 525 522 502 483 500 511 503 502 503 480 511 503 496 464 445 483 492 469 461 480 492 526 509 454 448 447 447 471 467 455 453 428 452 497 522 495 491 464 493 503 504 502 484 445 468 497 480 510 490 496 482 487 491 504 481 431 482 498 476 489 487 464 483 485 482 511 494 467 455 507 524 533 503 485 475 483 487 491 492 509 506 491 489 474 476 490 497 499 507 487 496 500 485 449 451 451 468 495 494 507 494 514 532 504 518 523 503 483 497 466 477 464 495 465 444 477 481 477 495 491 493 461 457 448 453 444 438 460 508 493 484 483 476 464 473 468 485 506 514 483 450 461 475 510 480 459 463 482 477 465 464 483 469 462 424 439 457 463 487 478 478 492 486 498 485 470 447 459 449 490 492 468 416 411 474 483 480 482 455 486 474 470 448 468 482 455 467 504 511 488 473 459 461 450 469 458 473 474 467 475 480 507 451 437 450 474 472 455 467 483 467 442 448 472 455 479 448 456 442 448 468 457 448 470 460 443 471 499 478 493 469 462 443 417 461 500 494 474 453 461 441 451 463 446 438 444 427 441 501 513 514 454 464 425 401 448 450 459 490 504 482 469 466 474 457 462 441 487 503 509 500 432 460 501 478 487 482 464 456 467 484 486 502 500 461 470 476 455 444 440 454 447 447 452 466 472 471 488 461 443 458 492 489 437 434 434 435 473 514 527 507 528 497 469 429 461 498 511 490 489 479 495 452 448 451 440 436 479 487 508 490 473 484 493 510 495 492 494 480 480 506 470 468 484 507 517 503 469 465 473 464 473 454 459 477 469 481 491 464 489 470 432 420 448 489 506 490 486 469 481 498 533 517 513 477 428 443 455 489 497 494 475 497 507 497 500 480 465 431 452 460 437 443 423 445 455 449 474 470 446 462 459 440 448 440 473 492 485 465 453 470 502 508 501 492 478 462 442 463 434 435 444 475 487 498 511 552 513 503 499 471 454 455 472 471 478 477 497 485 512 483 479 492 502 498 492 469 481 473 511 518 519 474 475 456 460 441 475 505 494 449 482 492 484 478 495 505 485 489 497 495 473 479 459 474 500 489 494 503 464 471 489 497 500 483 459 445 435 481 523 530 489 485 502 461 443 452 468 454 465 508 532 506 502 492 492 488 492 504 475 485 494 518 537 513 497 489 496 491 484 474 486 504 477 432 469 472 456 467 462 476 489 513 528 478 471 471 437 437 435 458 450 455 476 481 471 478 501 500 520 536 527 522 495 505 452 453 441 439 459 459 464 483 510 485 470 455 481 473 472 497 488 491 475 497 493 501 507 513 507 466 468 432 440 469 477 466 479 466 473 458 446 425 433 470 438 443 458 464 474 472 478 464 475 451 447 470 503 497 489 471 493 512 498 476 464 475 460 449 474 475 498 506 490 473 467 465 452 462 478 465 508 517 490 463 458 506 495 464 451 454 463 455 473 454 468 502 474 424 414 410 402 440 427 442 470 469 463 491 534 489 479 480 480 487 484 466 473 446 469 506 495 474 452 440 467 464 444 436 477 493 489 475 466 481 493 486 508 480 463 468 484 459 441 424 470 482 492 509 516 475 494 508 520 528 511 513 517 518 524 519 487 463 485 476 473 483 481 468 466 482 495 536 550 496 
vem trace:

stid: 332
spdistance: 958.036
radio trace:
532 563 530 533 544 540 547 563 582 565 556 527 519 522 568 567 571 567 567 553 545 556 555 532 555 533 528 533 538 518 540 557 569 518 517 504 518 489 520 559 562 574 548 542 562 598 566 586 568 563 550 540 539 519 529 568 536 526 560 537 562 549 542 551 524 532 524 566 540 531 585 601 581 546 524 513 477 532 521 509 539 558 577 587 600 585 566 555 549 530 523 506 536 528 553 544 519 549 564 560 539 542 572 569 542 537 522 535 584 585 570 566 561 576 578 581 571 553 545 576 585 541 538 522 549 535 542 526 542 505 498 511 554 539 559 569 585 571 573 589 593 556 571 565 569 540 513 559 554 540 562 544 535 537 536 531 527 533 546 522 538 535 491 516 535 524 522 534 524 524 538 542 567 544 550 533 551 525 519 505 536 577 604 561 560 559 559 497 542 572 543 503 528 510 530 528 529 535 546 550 558 584 565 581 576 585 558 563 562 528 522 502 530 554 528 503 547 566 503 558 583 576 587 556 566 538 544 494 530 537 519 549 547 570 589 545 568 604 599 553 534 538 522 540 532 531 527 522 566 568 536 541 543 551 564 531 555 534 520 514 536 521 575 554 563 532 525 529 536 549 549 521 513 495 539 568 549 568 548 528 511 533 518 552 558 573 582 578 550 540 565 549 555 555 554 551 556 566 556 534 577 548 519 559 581 565 542 538 555 536 539 538 518 503 519 503 517 510 503 559 535 551 546 563 541 535 536 544 529 535 483 524 551 591 556 589 568 533 568 575 578 569 555 564 572 535 556 481 519 547 536 582 539 528 534 534 546 557 551 536 553 561 567 528 534 535 527 551 567 573 588 570 564 537 520 534 514 510 500 505 509 537 512 506 551 594 582 554 560 525 532 564 575 551 524 519 499 506 536 547 509 530 539 540 535 569 585 543 497 488 523 551 540 509 507 513 526 518 555 529 539 565 561 565 558 534 550 577 577 576 539 544 534 540 525 510 535 558 541 547 576 560 526 520 487 503 525 570 597 580 598 578 571 539 574 576 557 521 516 498 517 540 526 553 509 507 530 521 531 546 545 557 575 550 559 549 563 524 563 545 555 540 528 541 535 535 528 519 528 505 503 560 560 554 537 530 534 562 543 544 509 526 542 526 550 538 515 506 529 502 527 519 516 549 533 568 557 544 527 521 516 532 535 543 561 557 568 550 554 516 506 492 524 555 525 509 514 498 504 537 544 527 530 543 537 510 540 539 548 547 574 589 544 530 534 537 528 506 458 452 488 535 556 534 544 590 586 559 561 539 538 545 538 565 599 580 531 530 515 524 532 540 539 541 533 566 566 519 513 484 487 496 533 561 542 533 543 499 518 519 551 577 546 546 537 557 564 591 561 528 530 557 513 519 531 528 546 525 534 519 532 576 578 547 555 585 570 574 555 548 548 550 540 534 538 560 564 520 546 564 557 518 510 546 544 514 550 528 530 558 538 528 544 572 503 510 493 491 504 532 533 530 531 540 552 520 526 556 528 509 522 527 533 535 544 530 533 571 570 562 560 592 572 553 550 554 546 496 509 518 527 540 526 516 516 484 530 534 548 537 542 524 522 538 554 556 558 559 569 587 546 550 540 541 548 548 538 565 578 539 506 522 522 499 519 495 496 524 508 515 536 543 525 547 586 563 543 545 532 535 536 568 592 566 553 552 542 535 518 533 531 531 536 534 538 551 541 537 524 491 517 501 542 555 524 523 524 551 
vem trace:

stid: 333
spdistance: 1105.99
radio trace:
498 468 464 480 459 435 436 466 433 439 411 424 479 479 476 503 498 470 475 518 501 492 519 512 457 449 414 411 454 482 475 484 468 456 438 441 441 456 460 505 494 477 508 486 492 494 446 458 464 495 504 500 500 512 496 520 504 510 512 495 504 496 497 472 472 502 514 512 489 482 489 492 450 489 464 455 479 484 476 462 478 475 480 471 459 471 479 489 485 484 483 455 443 492 471 459 443 463 485 449 452 430 438 475 504 515 498 507 499 498 463 473 442 437 444 478 493 526 528 523 503 457 473 477 492 479 496 516 467 486 482 490 492 523 495 500 489 509 480 465 471 498 476 465 476 479 467 472 481 499 495 504 523 544 540 526 463 445 472 436 419 437 475 478 509 493 470 506 510 498 492 502 521 507 511 492 441 449 471 498 486 477 474 465 448 480 486 505 491 505 500 466 475 490 456 468 486 461 455 474 486 455 444 465 510 503 532 506 506 505 491 449 458 470 453 431 471 445 405 433 447 447 439 426 465 487 443 438 437 456 453 454 469 497 470 454 473 485 475 501 457 433 456 499 501 524 496 492 470 452 452 441 425 425 439 450 485 471 448 468 512 525 506 494 508 467 450 448 453 466 469 510 507 492 482 440 458 489 459 458 447 454 450 430 403 432 435 450 474 506 476 446 478 496 504 477 485 497 462 455 452 462 492 516 512 515 501 482 465 475 499 495 465 480 459 467 478 455 452 431 453 493 447 421 400 411 436 420 440 457 483 490 432 438 479 467 462 452 472 483 501 512 491 476 489 482 475 492 505 463 487 498 520 483 464 463 478 450 424 439 456 451 441 461 474 479 486 497 505 471 452 472 446 459 507 518 497 503 487 451 461 455 465 436 444 475 508 503 501 494 493 490 491 467 435 438 458 452 430 440 433 463 431 462 464 448 462 441 480 484 480 448 443 489 472 442 431 439 463 491 490 500 481 462 497 494 474 479 502 521 482 483 452 467 474 488 486 476 492 462 496 506 450 455 474 500 474 463 459 484 473 497 492 504 495 462 468 440 450 448 428 416 420 447 509 539 531 516 429 466 469 466 461 485 500 507 492 477 499 475 480 484 478 470 444 478 450 427 442 425 452 466 471 461 478 487 461 422 446 463 474 498 470 489 504 477 483 478 513 486 490 487 470 462 493 515 536 520 469 484 470 453 477 473 489 483 409 410 444 471 476 424 468 470 493 497 504 502 492 485 482 440 456 480 449 444 431 433 462 472 466 493 492 478 494 466 455 460 488 479 501 516 515 477 455 450 440 446 483 435 458 432 395 464 474 468 457 437 421 436 441 433 452 470 459 453 449 466 446 495 503 501 460 436 468 498 506 500 466 441 468 474 413 417 401 441 433 415 480 498 481 458 417 419 449 451 459 477 472 438 483 477 480 459 443 454 492 443 405 438 464 471 454 439 424 460 464 489 487 467 483 494 468 482 519 520 493 500 462 466 453 466 483 514 485 486 515 516 456 425 436 460 442 445 491 483 472 465 468 464 459 461 465 445 459 430 423 459 440 462 460 449 476 500 488 453 491 503 499 485 459 463 495 511 505 518 490 519 500 487 498 503 488 488 507 518 473 474 447 431 483 450 458 506 488 486 477 465 460 453 436 485 468 450 433 430 462 488 436 436 427 457 470 493 486 509 495 475 451 446 460 497 492 488 460 460 448 477 468 448 422 415 413 442 434 465 482 469 486 484 478 466 479 476 481 480 488 509 
vem trace:

