SDId: 34834041
energy: 7.9657e+17
zenith: 0.62007
azimuth: 1.41873
GPSSeconc: 1127300174
stid: 419
spdistance: 563.412
radio trace:
482 479 472 427 417 410 480 493 490 495 490 498 503 475 436 436 405 410 434 440 396 400 450 501 500 441 409 383 427 435 410 441 482 445 444 450 460 483 410 364 383 437 411 422 461 431 475 421 362 434 452 472 474 481 429 414 454 429 385 420 449 429 445 494 503 494 486 481 502 494 522 550 556 486 437 407 419 422 469 496 457 457 460 451 430 448 475 448 478 460 451 467 443 439 405 394 441 400 409 415 428 433 389 408 455 445 445 458 470 461 459 476 462 490 514 443 409 416 414 411 444 412 392 399 442 449 479 474 438 419 435 469 459 459 401 390 451 461 471 479 433 429 390 404 379 415 387 394 445 423 428 402 435 407 447 502 455 448 445 407 396 384 389 400 442 478 445 454 478 454 466 490 468 425 399 404 426 430 409 426 449 481 456 436 498 483 445 477 501 467 440 478 463 451 445 425 421 443 505 499 487 470 430 380 411 428 461 452 441 414 451 415 445 465 412 440 456 453 460 471 472 434 442 428 432 446 436 412 449 464 398 388 430 411 424 440 402 451 445 452 463 469 453 465 411 405 444 473 464 465 488 483 444 476 521 452 413 446 476 464 442 444 421 438 436 446 429 441 431 457 432 413 432 428 465 440 432 434 444 443 417 391 403 437 471 485 476 412 441 455 431 431 476 444 421 399 404 457 430 445 454 460 409 370 384 412 400 452 481 485 417 409 429 438 411 435 452 454 370 385 432 485 465 477 437 409 460 500 472 461 414 418 437 446 456 480 453 448 437 419 398 433 429 394 423 505 469 446 438 400 426 457 479 484 456 465 429 407 432 451 486 448 449 462 472 497 504 519 489 458 469 452 504 463 461 466 501 484 449 478 453 488 464 478 433 444 442 429 426 416 389 407 427 459 463 488 456 440 466 467 423 438 429 420 491 477 466 453 493 464 450 423 395 421 422 446 420 455 444 445 482 440 443 465 495 508 496 493 479 481 502 480 484 430 438 476 426 458 468 442 446 472 463 462 443 454 473 457 491 474 461 464 454 431 460 431 403 414 443 450 472 507 511 462 478 454 458 465 418 455 479 483 471 460 439 489 491 442 460 506 502 442 477 493 402 412 426 418 398 432 446 488 505 489 454 447 470 477 474 450 474 498 473 382 392 437 481 489 494 472 460 446 439 470 467 458 483 478 473 454 446 460 428 449 399 429 436 453 452 453 427 427 442 456 496 515 460 440 455 426 443 452 465 482 488 467 475 471 470 442 411 408 432 463 446 488 434 419 425 454 496 492 498 550 548 497 441 413 394 411 442 422 419 452 470 451 442 452 505 458 490 461 464 453 415 381 428 397 424 415 455 461 487 496 447 452 423 415 441 491 466 443 456 473 478 494 469 457 464 458 475 493 500 508 477 513 472 398 410 418 435 451 439 468 470 445 438 450 429 449 459 487 466 471 438 443 441 473 453 455 474 467 478 482 440 479 482 507 448 420 447 469 417 444 447 424 446 484 468 457 485 484 456 443 373 420 462 474 474 457 474 502 476 458 479 455 444 449 464 496 451 450 479 447 440 442 439 453 410 390 396 395 404 447 402 433 464 478 440 429 392 419 447 490 465 425 469 488 459 413 440 451 442 429 457 447 461 460 440 433 451 471 482 446 437 432 476 494 470 462 433 454 480 459 449 457 483 501 472 479 505 499 476 412 436 499 465 427 403 429 458 438 460 486 492 513 434 468 486 496 480 469 444 460 490 493 476 470 
vem trace:

stid: 342
spdistance: 872.798
radio trace:
376 402 395 426 407 368 396 412 430 417 428 413 407 415 409 402 386 374 382 402 402 389 384 376 372 392 416 420 447 435 387 373 374 368 338 373 379 398 381 393 389 381 398 409 433 400 382 383 365 391 405 401 439 418 423 406 392 393 399 417 434 426 416 428 409 400 390 401 418 419 407 393 386 400 376 388 392 384 399 389 415 448 430 381 407 415 406 393 387 410 417 414 422 421 433 410 413 391 396 379 374 410 401 391 402 432 406 379 390 388 374 374 403 424 440 416 420 394 419 432 464 435 421 420 421 395 367 394 409 432 412 384 393 395 415 425 407 412 420 421 395 381 400 428 422 397 378 395 410 421 382 368 361 374 399 423 407 397 396 388 388 393 401 436 447 428 416 418 421 437 423 423 407 422 398 411 426 418 409 429 402 377 368 391 410 400 381 394 401 395 432 445 428 428 398 389 413 420 383 399 403 398 389 401 383 395 391 399 410 419 386 406 429 443 443 427 411 428 441 417 397 379 402 395 376 409 426 401 398 413 415 407 415 401 397 410 428 438 428 426 401 401 422 401 414 411 404 414 424 425 385 388 391 387 399 398 408 403 423 408 407 415 421 433 414 403 406 384 379 399 400 405 406 418 444 421 403 398 387 388 403 398 386 357 388 396 402 412 394 392 389 388 407 385 353 392 426 419 393 417 410 370 384 388 410 428 414 411 382 362 366 364 397 375 397 414 411 409 454 444 411 411 434 408 370 386 401 370 353 365 403 410 403 405 399 413 419 412 404 417 420 428 391 411 419 422 413 391 409 399 395 415 390 384 381 396 401 399 392 359 374 380 405 411 424 438 418 406 384 399 409 412 396 408 415 405 407 405 402 391 396 396 393 378 368 403 415 398 401 388 364 375 394 396 403 399 383 380 379 380 394 405 406 422 419 423 418 407 409 434 389 384 370 396 388 416 445 435 419 405 390 390 387 369 398 407 403 400 434 413 386 411 413 423 406 399 385 413 404 394 404 389 397 410 399 395 394 406 389 391 396 399 387 391 398 415 397 404 387 417 442 432 414 408 393 395 407 422 424 381 389 380 378 384 358 367 374 394 396 395 396 371 381 411 383 400 374 373 387 421 420 436 396 397 397 383 368 379 412 408 407 410 386 386 391 393 386 384 400 409 414 441 426 412 411 388 380 406 444 433 390 375 388 388 395 395 409 439 416 402 402 405 395 416 441 468 461 431 398 383 405 415 412 408 366 373 401 386 411 414 400 405 391 387 391 377 380 390 401 414 392 403 402 425 414 410 396 378 395 394 381 362 374 376 361 393 416 419 398 398 397 414 395 403 394 383 399 425 429 428 410 393 408 410 389 386 386 396 429 434 406 403 396 396 401 425 397 423 403 406 415 393 410 394 411 426 410 387 390 414 390 387 402 434 413 378 382 375 384 394 389 405 423 408 407 395 411 390 396 408 391 393 367 357 354 357 370 406 418 422 430 411 399 383 374 405 391 406 408 431 415 420 416 405 400 401 405 402 380 400 403 385 394 402 411 390 392 375 372 382 402 381 382 368 376 392 375 383 407 402 428 411 407 393 408 389 401 392 401 420 390 421 427 441 400 398 389 389 421 420 431 435 433 431 414 411 399 387 397 395 367 341 362 399 398 387 417 399 395 410 413 391 402 425 425 418 401 414 404 386 393 393 405 437 417 387 376 399 414 396 388 413 403 405 385 416 422 419 435 408 397 415 394 392 379 412 405 369 
vem trace:

