SDId: 34659500
energy: 9.06368e+17
zenith: 1.04364
azimuth: 3.86771
GPSSeconc: 1126283933
stid: 341
spdistance: 545.204
radio trace:
533 558 526 507 510 518 534 513 547 527 547 573 572 599 546 517 533 508 533 566 518 526 545 513 511 526 534 497 507 536 558 553 508 512 524 503 533 528 505 498 477 493 492 491 504 529 567 578 601 614 562 570 590 540 517 532 518 532 537 538 494 499 527 544 535 576 544 547 553 579 614 621 570 567 559 536 537 533 539 553 520 524 518 568 572 607 592 568 577 573 556 515 535 516 544 511 510 522 529 533 574 552 554 537 540 542 537 543 524 530 534 531 509 490 524 496 493 544 538 499 514 517 538 535 550 561 564 555 552 516 505 529 577 606 556 567 596 557 532 557 558 570 561 496 511 532 491 514 482 486 503 528 562 522 545 561 560 553 565 552 540 517 487 530 584 588 547 498 533 541 544 572 558 520 550 565 560 547 564 498 529 548 595 568 529 548 537 543 559 599 597 554 516 518 504 524 525 537 554 535 533 508 538 536 553 538 522 512 463 502 528 559 569 566 525 520 541 560 589 544 526 550 499 511 536 547 514 510 510 496 492 504 485 495 540 527 535 587 613 587 575 589 548 558 552 552 557 591 581 600 599 565 549 499 489 538 535 574 526 519 538 550 516 551 584 553 523 519 557 538 558 582 564 527 466 452 497 532 534 552 533 531 584 532 532 531 535 571 580 579 571 559 534 547 536 559 583 562 492 538 563 569 558 530 513 504 518 546 574 554 563 545 505 550 570 577 569 551 560 532 490 482 448 476 478 536 537 521 535 530 571 574 572 586 572 543 520 526 521 549 537 532 503 515 538 584 535 562 534 537 551 548 539 519 523 571 560 578 575 544 541 509 509 532 527 520 514 533 530 553 542 513 515 512 581 502 499 502 541 553 521 496 486 482 502 508 527 535 519 539 538 539 574 543 489 464 493 483 472 495 513 560 547 497 502 559 567 583 553 507 534 513 495 537 541 562 512 508 536 531 582 577 589 577 583 593 567 542 548 544 521 509 525 538 526 522 530 501 539 496 506 514 538 525 538 558 562 562 562 563 561 510 520 551 536 502 517 517 524 544 564 565 574 588 549 500 519 543 575 567 537 570 543 515 514 519 479 506 548 556 521 531 531 530 522 536 540 546 556 572 595 540 518 510 555 569 569 585 545 539 547 534 526 545 529 523 509 510 513 480 524 503 527 538 572 581 541 514 545 529 506 514 507 550 553 586 578 562 555 542 532 532 509 512 526 511 532 565 542 535 525 563 552 517 509 539 572 616 565 572 574 546 562 560 501 502 543 542 573 558 548 580 608 591 619 560 559 565 579 588 538 545 543 558 558 529 499 517 530 532 503 504 549 579 546 574 555 522 505 519 538 540 536 519 511 529 504 501 508 553 590 577 581 530 568 549 536 508 554 542 537 522 549 530 529 534 514 502 552 547 512 535 566 565 548 547 527 575 559 570 555 527 490 460 451 509 525 531 543 548 529 545 521 543 543 549 541 514 515 522 520 520 520 510 495 508 554 583 542 548 538 524 505 541 560 551 556 574 540 504 527 542 530 514 505 518 496 512 539 581 553 521 486 473 515 534 557 550 542 526 485 501 536 568 557 552 542 529 533 555 548 551 508 506 526 515 482 508 530 561 547 554 535 540 514 535 529 514 528 538 553 522 502 496 527 534 539 560 585 554 560 565 514 565 524 538 563 550 554 527 527 596 589 590 554 561 550 523 546 576 567 573 546 558 547 541 577 546 542 559 554 547 546 532 511 503 497 486 
vem trace:

stid: 341
spdistance: 545.204
radio trace:
533 558 526 507 510 518 534 513 547 527 547 573 572 599 546 517 533 508 533 566 518 526 545 513 511 526 534 497 507 536 558 553 508 512 524 503 533 528 505 498 477 493 492 491 504 529 567 578 601 614 562 570 590 540 517 532 518 532 537 538 494 499 527 544 535 576 544 547 553 579 614 621 570 567 559 536 537 533 539 553 520 524 518 568 572 607 592 568 577 573 556 515 535 516 544 511 510 522 529 533 574 552 554 537 540 542 537 543 524 530 534 531 509 490 524 496 493 544 538 499 514 517 538 535 550 561 564 555 552 516 505 529 577 606 556 567 596 557 532 557 558 570 561 496 511 532 491 514 482 486 503 528 562 522 545 561 560 553 565 552 540 517 487 530 584 588 547 498 533 541 544 572 558 520 550 565 560 547 564 498 529 548 595 568 529 548 537 543 559 599 597 554 516 518 504 524 525 537 554 535 533 508 538 536 553 538 522 512 463 502 528 559 569 566 525 520 541 560 589 544 526 550 499 511 536 547 514 510 510 496 492 504 485 495 540 527 535 587 613 587 575 589 548 558 552 552 557 591 581 600 599 565 549 499 489 538 535 574 526 519 538 550 516 551 584 553 523 519 557 538 558 582 564 527 466 452 497 532 534 552 533 531 584 532 532 531 535 571 580 579 571 559 534 547 536 559 583 562 492 538 563 569 558 530 513 504 518 546 574 554 563 545 505 550 570 577 569 551 560 532 490 482 448 476 478 536 537 521 535 530 571 574 572 586 572 543 520 526 521 549 537 532 503 515 538 584 535 562 534 537 551 548 539 519 523 571 560 578 575 544 541 509 509 532 527 520 514 533 530 553 542 513 515 512 581 502 499 502 541 553 521 496 486 482 502 508 527 535 519 539 538 539 574 543 489 464 493 483 472 495 513 560 547 497 502 559 567 583 553 507 534 513 495 537 541 562 512 508 536 531 582 577 589 577 583 593 567 542 548 544 521 509 525 538 526 522 530 501 539 496 506 514 538 525 538 558 562 562 562 563 561 510 520 551 536 502 517 517 524 544 564 565 574 588 549 500 519 543 575 567 537 570 543 515 514 519 479 506 548 556 521 531 531 530 522 536 540 546 556 572 595 540 518 510 555 569 569 585 545 539 547 534 526 545 529 523 509 510 513 480 524 503 527 538 572 581 541 514 545 529 506 514 507 550 553 586 578 562 555 542 532 532 509 512 526 511 532 565 542 535 525 563 552 517 509 539 572 616 565 572 574 546 562 560 501 502 543 542 573 558 548 580 608 591 619 560 559 565 579 588 538 545 543 558 558 529 499 517 530 532 503 504 549 579 546 574 555 522 505 519 538 540 536 519 511 529 504 501 508 553 590 577 581 530 568 549 536 508 554 542 537 522 549 530 529 534 514 502 552 547 512 535 566 565 548 547 527 575 559 570 555 527 490 460 451 509 525 531 543 548 529 545 521 543 543 549 541 514 515 522 520 520 520 510 495 508 554 583 542 548 538 524 505 541 560 551 556 574 540 504 527 542 530 514 505 518 496 512 539 581 553 521 486 473 515 534 557 550 542 526 485 501 536 568 557 552 542 529 533 555 548 551 508 506 526 515 482 508 530 561 547 554 535 540 514 535 529 514 528 538 553 522 502 496 527 534 539 560 585 554 560 565 514 565 524 538 563 550 554 527 527 596 589 590 554 561 550 523 546 576 567 573 546 558 547 541 577 546 542 559 554 547 546 532 511 503 497 486 
vem trace:

stid: 332
spdistance: 1023.27
radio trace:
557 577 533 541 554 556 566 544 536 547 528 534 561 556 555 545 539 517 552 580 572 559 550 518 572 550 544 558 559 520 504 476 513 558 559 532 550 531 519 560 581 549 550 536 536 563 575 567 560 580 563 536 554 573 546 569 582 568 560 598 586 534 524 546 535 572 574 538 579 584 569 540 568 549 518 511 519 540 535 536 537 581 580 579 598 583 551 548 554 561 525 500 531 544 525 520 520 523 538 561 532 555 550 538 545 516 550 598 583 535 532 545 566 535 570 539 532 512 505 503 530 551 544 517 553 537 514 519 510 517 528 551 533 523 527 562 562 531 554 584 560 575 562 577 574 553 553 564 583 520 534 569 576 612 602 572 579 559 578 549 520 526 576 547 572 541 546 603 588 564 555 576 578 561 518 520 531 508 547 564 558 563 593 581 572 562 564 585 608 600 575 568 532 514 522 527 517 540 561 566 566 559 516 531 531 552 506 529 541 547 546 585 578 575 601 605 579 555 582 570 562 552 576 558 575 586 574 569 552 569 572 578 570 568 543 573 555 537 568 572 572 570 541 563 556 557 578 549 549 563 545 547 557 610 599 574 577 590 584 590 593 574 586 581 563 598 557 543 544 545 565 540 546 528 539 546 575 571 569 547 555 529 509 543 561 562 530 536 561 551 548 554 562 548 551 510 491 544 580 542 540 543 571 565 574 590 597 587 589 601 572 571 574 588 575 548 542 545 527 505 549 541 552 566 556 558 560 576 559 568 598 603 551 548 545 571 577 554 565 551 544 516 503 538 558 597 619 617 578 585 559 568 566 582 546 574 574 576 543 515 524 530 532 553 552 552 536 530 535 550 579 576 567 596 574 562 582 604 575 563 564 547 580 575 572 540 567 571 539 565 571 603 555 554 555 575 549 527 516 517 545 580 594 565 599 572 547 524 559 584 592 575 562 584 601 565 544 522 540 569 556 569 553 522 561 561 554 544 527 568 604 579 558 575 589 550 568 544 541 567 559 549 541 549 567 555 534 555 582 597 599 562 563 552 570 527 581 573 558 565 553 543 524 482 522 543 556 513 512 553 542 549 557 585 590 552 582 553 556 570 531 555 556 526 563 577 591 586 543 530 548 521 509 499 536 542 531 553 579 561 569 597 571 494 489 505 550 567 591 555 539 517 555 544 538 550 558 536 568 576 564 590 560 527 569 591 581 560 601 570 548 582 573 572 584 576 579 591 568 554 578 548 527 501 540 575 582 583 572 586 596 562 587 584 554 592 573 537 559 587 585 555 553 572 582 591 558 536 556 545 546 574 537 561 550 543 547 586 603 589 578 578 574 570 565 576 569 575 568 568 569 573 565 576 577 545 545 554 571 551 570 569 560 560 583 610 576 549 542 528 536 524 555 541 549 560 537 553 571 580 591 565 580 573 588 582 575 566 545 575 558 567 541 562 569 573 553 559 556 555 563 580 558 570 556 591 598 538 550 565 583 559 529 521 568 570 574 570 562 568 576 559 552 532 557 543 533 510 531 548 562 554 542 551 575 567 578 583 576 588 568 556 569 558 503 523 558 556 564 568 546 568 586 569 553 551 541 539 563 570 570 539 531 562 569 579 569 558 572 612 598 566 555 580 600 588 609 559 548 516 538 541 550 565 592 564 566 531 533 513 514 515 501 540 534 565 575 576 575 530 529 530 518 510 533 537 550 570 568 561 551 567 563 553 528 572 562 546 533 539 538 546 541 554 535 564 550 558 
vem trace:

