SDId: 34691171
energy: 3.34143e+18
zenith: 1.19798
azimuth: 3.60539
GPSSeconc: 1126446030
stid: 342
spdistance: 1005.21
radio trace:
439 448 441 420 376 390 410 393 419 409 464 469 417 420 398 401 397 420 409 427 439 496 454 437 438 424 425 415 386 405 422 379 403 418 419 412 397 406 397 414 422 414 385 393 390 387 400 414 416 449 453 427 393 398 422 426 433 452 459 434 437 432 409 407 399 371 423 420 426 407 397 371 390 392 374 399 412 417 420 420 440 421 450 458 445 442 446 429 424 440 411 455 444 448 410 414 435 402 377 394 406 410 413 449 449 431 425 434 431 445 437 434 414 407 425 382 403 447 449 404 377 391 414 427 435 427 417 428 428 411 380 375 416 446 440 437 433 418 456 441 416 428 434 445 431 425 435 421 415 398 410 414 418 414 367 401 416 420 432 410 379 397 375 388 431 431 421 390 403 403 417 442 450 448 424 427 443 438 427 443 455 404 386 381 416 447 426 436 398 391 418 418 406 415 390 380 385 394 399 382 415 436 413 405 408 433 448 468 439 434 433 436 418 449 434 439 443 414 404 391 380 419 423 401 412 441 415 426 422 436 456 465 442 442 454 443 459 434 423 426 439 418 460 462 449 415 408 390 369 368 390 392 425 401 431 454 410 405 402 409 421 423 408 470 459 429 417 433 400 376 388 388 412 405 405 427 434 416 431 423 427 403 411 415 393 405 414 410 397 383 382 413 424 435 420 410 412 398 412 400 390 393 425 446 423 409 418 426 434 418 394 414 403 416 404 419 420 433 395 384 396 450 455 470 458 462 457 441 429 433 439 447 422 442 431 441 413 423 443 453 459 456 446 425 450 434 443 443 428 437 422 391 414 436 398 411 410 430 420 428 445 470 415 402 421 420 418 407 439 440 419 435 449 408 388 371 375 414 435 422 421 416 424 432 415 403 418 431 445 423 436 434 429 398 388 407 416 456 460 429 443 441 427 441 429 416 414 441 425 386 385 389 394 403 451 421 396 424 402 413 426 420 431 404 421 431 432 454 471 478 479 480 459 400 379 403 422 429 413 438 456 444 459 446 448 438 460 444 417 414 430 426 401 393 420 406 396 418 384 394 427 413 412 410 402 405 431 457 425 439 464 454 445 443 452 446 434 425 440 428 452 482 464 446 429 435 426 418 430 425 403 398 374 382 418 441 440 448 427 407 407 379 371 382 373 400 431 434 457 430 422 417 378 388 387 402 397 392 399 414 440 430 424 439 440 456 423 409 407 403 438 424 440 434 444 428 414 404 391 400 414 433 450 432 408 432 437 430 440 439 390 376 428 436 432 449 438 401 417 421 419 403 434 447 452 409 421 434 462 437 432 416 441 431 451 436 420 406 409 414 420 453 434 433 417 437 423 396 392 391 413 426 428 397 394 391 427 412 372 402 401 407 421 415 412 415 432 433 402 414 440 447 425 439 436 438 448 429 422 423 419 385 371 409 402 405 411 422 400 397 379 387 430 448 432 467 445 428 399 418 421 398 404 406 419 406 421 438 388 419 444 442 433 412 401 436 442 471 452 447 442 400 412 403 407 391 396 406 423 423 422 458 462 439 428 391 425 433 424 451 425 424 451 473 445 438 460 435 416 426 422 423 415 419 442 432 403 405 390 419 432 398 403 425 420 430 421 402 433 411 409 415 400 380 396 386 415 390 418 402 425 410 409 427 421 443 443 417 429 411 397 385 401 397 424 420 415 422 427 437 440 429 426 413 423 426 413 394 400 398 382 413 411 431 432 410 434 420 425 395 379 400 405 415 420 432 436 461 
vem trace:

stid: 332
spdistance: 1409.43
radio trace:
541 538 533 536 522 515 506 525 535 562 547 549 547 552 539 512 536 515 507 561 583 569 546 548 570 571 555 553 533 510 529 551 537 544 540 587 587 568 554 559 536 549 558 557 515 537 538 552 563 553 523 531 531 555 546 534 519 543 506 512 495 502 496 527 555 533 507 523 528 531 508 508 495 520 535 544 578 552 533 514 537 573 553 516 524 573 576 566 540 512 517 519 551 562 570 547 527 553 563 529 518 572 552 537 519 520 529 543 525 519 545 544 547 559 563 482 487 523 559 529 495 497 513 526 539 541 544 539 577 559 545 538 514 558 536 557 544 531 511 531 519 526 532 507 517 507 552 549 519 494 527 528 517 536 520 489 510 543 532 523 535 505 550 545 568 580 561 549 543 514 542 524 513 527 549 518 551 515 462 506 545 572 582 544 571 539 543 539 518 528 526 545 525 527 552 564 554 526 544 532 526 532 505 476 525 542 539 516 524 545 565 541 582 573 558 533 537 561 593 583 590 564 555 516 557 568 557 562 558 546 538 536 549 522 517 537 542 531 490 547 574 535 508 497 515 498 505 542 523 491 533 538 521 526 518 516 544 538 563 535 506 545 528 542 510 546 501 514 516 520 527 548 541 521 519 540 519 483 528 507 493 521 530 519 523 518 487 478 516 552 546 513 540 560 528 487 480 516 499 525 544 551 579 548 541 539 531 546 539 538 531 574 579 564 554 571 555 550 554 525 543 562 595 562 570 539 522 499 486 503 525 512 519 550 579 567 556 514 508 525 523 525 543 516 499 527 562 592 562 530 560 542 515 522 521 546 530 516 504 523 543 563 569 558 537 535 552 536 545 561 532 519 507 498 511 523 537 533 512 545 554 548 545 547 529 541 544 519 520 505 514 520 541 543 549 574 572 529 507 519 519 526 517 531 539 567 557 525 495 519 526 526 557 565 526 536 507 493 517 520 503 490 532 516 539 566 551 530 529 500 477 462 475 515 492 491 503 493 519 516 535 519 549 544 512 562 562 586 582 524 529 551 509 540 519 541 528 525 535 540 531 551 522 547 544 551 542 544 528 508 497 519 516 538 561 559 576 536 531 556 610 549 538 498 515 496 539 517 534 546 558 539 546 534 527 501 528 531 511 509 495 497 506 509 535 545 537 533 548 516 484 516 522 518 515 521 529 554 554 549 527 474 480 522 546 528 511 512 503 521 521 512 526 558 568 538 563 557 535 503 499 540 569 561 581 531 522 529 535 520 513 519 529 528 523 543 541 512 527 540 518 483 507 507 522 509 544 539 558 578 586 550 541 572 536 503 479 528 534 553 535 557 540 538 542 521 512 533 554 553 555 563 571 553 508 517 503 491 467 489 557 580 580 583 587 594 585 547 520 508 486 487 481 521 520 553 544 560 542 546 556 533 512 524 526 491 504 528 514 541 545 578 564 509 527 524 541 561 572 558 559 567 542 527 491 517 526 555 557 533 518 520 532 553 553 589 580 545 545 551 521 508 503 492 524 571 565 531 529 527 523 528 505 503 512 538 526 527 502 518 499 522 499 516 550 546 546 554 563 572 551 541 551 521 525 553 555 558 563 556 564 553 544 555 524 506 534 540 539 508 482 525 540 517 540 536 525 526 520 543 538 517 535 574 560 580 584 564 552 528 507 497 541 527 549 559 576 586 577 559 537 546 544 555 544 547 527 488 495 513 536 516 479 471 502 506 541 570 566 550 507 488 513 525 538 524 526 494 
vem trace:

