SDId: 34628361
energy: 3.51189e+17
zenith: 0.496406
azimuth: 5.77276
GPSSeconc: 1126133527
stid: 341
spdistance: 6806.14
radio trace:
548 549 530 558 525 469 459 459 494 496 490 524 531 534 532 529 515 521 490 529 503 525 547 533 523 497 486 511 495 490 506 493 498 487 498 472 485 505 495 514 499 502 523 524 535 548 560 515 493 516 508 476 541 558 557 551 526 525 525 520 512 524 517 515 511 497 498 512 501 526 529 565 526 523 528 528 533 538 541 555 541 523 546 515 517 543 572 543 491 512 506 493 506 509 495 511 511 514 496 495 496 524 507 495 487 486 505 542 504 502 479 496 496 461 485 528 517 493 513 505 509 522 530 536 538 480 491 507 510 480 495 485 497 523 526 533 543 523 508 500 521 502 467 510 496 546 557 528 519 527 540 489 517 513 553 551 562 564 536 507 499 506 500 515 546 558 555 563 540 535 525 507 513 487 481 551 559 537 511 507 518 562 556 517 498 545 553 567 555 522 498 519 548 555 578 519 490 479 515 521 538 559 546 534 493 510 524 455 504 533 519 501 512 530 557 560 586 569 533 537 495 509 520 514 537 561 538 536 526 547 555 565 515 473 489 493 503 501 542 482 453 500 572 532 516 519 528 533 538 482 524 506 509 486 499 510 539 507 512 518 498 520 534 533 557 548 505 479 510 487 521 548 561 564 537 538 532 522 515 501 493 480 490 488 475 524 517 518 499 495 545 575 560 517 520 494 502 530 531 542 527 509 511 521 538 533 550 565 569 564 545 507 513 512 519 490 521 538 532 493 538 529 512 477 500 512 494 502 536 543 557 533 515 526 516 502 503 490 473 486 506 499 525 505 516 536 553 523 526 536 554 523 519 540 539 531 499 515 547 544 559 535 560 547 512 506 525 540 570 548 528 529 520 499 522 522 542 557 554 524 509 457 471 468 507 538 562 517 499 508 525 545 498 515 527 523 514 485 527 558 560 547 537 524 509 529 567 541 523 538 543 485 487 499 533 523 527 524 538 526 531 529 560 518 491 494 532 520 513 540 546 516 528 529 510 508 544 546 548 567 529 553 528 519 517 473 485 523 540 527 521 495 508 482 491 529 541 525 517 536 527 505 479 473 557 582 556 537 533 518 531 591 548 528 506 533 523 514 554 539 518 498 500 531 511 501 491 553 564 530 518 519 556 562 539 538 525 458 477 465 452 510 542 515 545 547 532 514 533 554 563 552 525 504 496 511 493 524 506 531 522 532 529 518 486 532 506 498 515 490 475 482 475 529 508 543 516 490 522 547 601 564 581 580 529 510 488 503 520 518 520 506 526 532 545 519 517 525 527 501 479 502 527 575 602 567 559 563 514 527 531 513 546 544 498 553 557 559 554 580 560 484 491 489 483 487 489 481 519 514 519 505 523 525 528 540 530 488 509 545 563 535 504 499 513 470 508 544 497 527 581 556 543 517 576 544 544 538 493 517 516 485 510 536 513 507 471 480 504 550 566 541 538 512 525 534 528 545 546 559 508 515 534 530 494 470 502 496 496 477 480 502 517 509 536 551 535 547 530 536 503 488 520 483 488 517 518 491 526 569 521 513 477 454 455 453 498 507 538 557 493 483 484 499 542 574 515 496 529 558 535 558 565 585 516 500 564 531 566 551 540 522 501 479 528 477 479 506 530 529 540 527 485 485 504 539 510 525 534 551 526 487 510 491 482 529 503 500 506 563 564 536 511 503 492 546 512 527 542 554 586 522 516 538 537 530 506 502 515 522 489 493 551 593 600 563 543 499 463 447 475 527 526 508 493 518 498 532 
vem trace:

stid: 341
spdistance: 6806.14
radio trace:
548 549 530 558 525 469 459 459 494 496 490 524 531 534 532 529 515 521 490 529 503 525 547 533 523 497 486 511 495 490 506 493 498 487 498 472 485 505 495 514 499 502 523 524 535 548 560 515 493 516 508 476 541 558 557 551 526 525 525 520 512 524 517 515 511 497 498 512 501 526 529 565 526 523 528 528 533 538 541 555 541 523 546 515 517 543 572 543 491 512 506 493 506 509 495 511 511 514 496 495 496 524 507 495 487 486 505 542 504 502 479 496 496 461 485 528 517 493 513 505 509 522 530 536 538 480 491 507 510 480 495 485 497 523 526 533 543 523 508 500 521 502 467 510 496 546 557 528 519 527 540 489 517 513 553 551 562 564 536 507 499 506 500 515 546 558 555 563 540 535 525 507 513 487 481 551 559 537 511 507 518 562 556 517 498 545 553 567 555 522 498 519 548 555 578 519 490 479 515 521 538 559 546 534 493 510 524 455 504 533 519 501 512 530 557 560 586 569 533 537 495 509 520 514 537 561 538 536 526 547 555 565 515 473 489 493 503 501 542 482 453 500 572 532 516 519 528 533 538 482 524 506 509 486 499 510 539 507 512 518 498 520 534 533 557 548 505 479 510 487 521 548 561 564 537 538 532 522 515 501 493 480 490 488 475 524 517 518 499 495 545 575 560 517 520 494 502 530 531 542 527 509 511 521 538 533 550 565 569 564 545 507 513 512 519 490 521 538 532 493 538 529 512 477 500 512 494 502 536 543 557 533 515 526 516 502 503 490 473 486 506 499 525 505 516 536 553 523 526 536 554 523 519 540 539 531 499 515 547 544 559 535 560 547 512 506 525 540 570 548 528 529 520 499 522 522 542 557 554 524 509 457 471 468 507 538 562 517 499 508 525 545 498 515 527 523 514 485 527 558 560 547 537 524 509 529 567 541 523 538 543 485 487 499 533 523 527 524 538 526 531 529 560 518 491 494 532 520 513 540 546 516 528 529 510 508 544 546 548 567 529 553 528 519 517 473 485 523 540 527 521 495 508 482 491 529 541 525 517 536 527 505 479 473 557 582 556 537 533 518 531 591 548 528 506 533 523 514 554 539 518 498 500 531 511 501 491 553 564 530 518 519 556 562 539 538 525 458 477 465 452 510 542 515 545 547 532 514 533 554 563 552 525 504 496 511 493 524 506 531 522 532 529 518 486 532 506 498 515 490 475 482 475 529 508 543 516 490 522 547 601 564 581 580 529 510 488 503 520 518 520 506 526 532 545 519 517 525 527 501 479 502 527 575 602 567 559 563 514 527 531 513 546 544 498 553 557 559 554 580 560 484 491 489 483 487 489 481 519 514 519 505 523 525 528 540 530 488 509 545 563 535 504 499 513 470 508 544 497 527 581 556 543 517 576 544 544 538 493 517 516 485 510 536 513 507 471 480 504 550 566 541 538 512 525 534 528 545 546 559 508 515 534 530 494 470 502 496 496 477 480 502 517 509 536 551 535 547 530 536 503 488 520 483 488 517 518 491 526 569 521 513 477 454 455 453 498 507 538 557 493 483 484 499 542 574 515 496 529 558 535 558 565 585 516 500 564 531 566 551 540 522 501 479 528 477 479 506 530 529 540 527 485 485 504 539 510 525 534 551 526 487 510 491 482 529 503 500 506 563 564 536 511 503 492 546 512 527 542 554 586 522 516 538 537 530 506 502 515 522 489 493 551 593 600 563 543 499 463 447 475 527 526 508 493 518 498 532 
vem trace:

