SDId: 34511905
energy: 5.65785e+17
zenith: 0.745697
azimuth: 2.88877
GPSSeconc: 1125334885
stid: 332
spdistance: 639.567
radio trace:
578 564 568 559 568 558 562 561 576 529 561 565 557 550 550 580 586 583 540 550 551 602 589 570 566 572 567 568 554 558 551 534 541 541 525 550 542 539 540 507 507 543 574 531 530 523 540 549 547 540 543 560 565 579 588 555 534 513 580 594 574 560 533 528 535 544 559 557 562 560 559 578 548 553 566 553 527 506 527 545 536 528 481 458 511 500 501 512 569 560 524 553 548 550 564 560 537 532 558 559 553 554 536 520 577 525 521 553 527 528 520 531 548 556 560 559 524 514 514 512 544 556 528 532 553 557 550 578 542 517 542 523 504 536 547 556 557 563 547 527 516 545 545 539 548 567 537 537 544 548 557 557 531 548 562 578 569 549 525 525 565 592 585 596 566 526 528 533 537 518 522 523 569 565 534 510 560 576 555 552 528 582 575 551 545 553 571 552 552 545 563 576 553 549 583 582 559 567 553 563 546 573 561 551 528 520 551 572 559 550 577 556 535 531 539 517 523 526 545 544 536 516 547 572 561 538 571 600 599 590 579 546 555 523 520 575 569 523 552 566 556 509 521 539 545 538 545 536 549 598 608 572 567 568 567 555 559 511 526 533 533 560 547 544 538 526 563 535 568 570 568 551 541 530 583 604 579 548 575 576 591 565 567 524 491 492 509 546 553 594 588 552 553 572 554 561 591 602 582 555 544 576 579 599 598 568 572 528 537 567 606 593 577 543 509 530 541 532 535 537 519 492 530 555 567 555 579 585 562 547 563 577 595 584 557 601 584 573 618 576 587 581 607 604 554 534 523 550 588 559 571 564 579 549 541 557 561 549 532 563 536 549 568 532 539 558 539 578 612 549 530 547 534 527 540 515 554 579 579 524 554 562 546 499 551 599 596 570 566 554 537 537 540 551 524 529 543 533 544 527 545 539 535 547 530 563 576 583 572 558 588 579 555 517 513 548 551 526 513 525 548 566 560 568 554 566 568 561 536 546 533 527 560 535 535 559 582 542 539 531 552 593 579 562 569 560 570 542 563 557 558 564 576 592 612 581 600 559 537 542 557 553 575 541 531 536 529 518 553 546 570 553 518 511 523 531 540 581 585 581 550 539 572 576 583 580 569 548 506 510 545 537 524 514 559 531 545 573 571 561 545 533 520 548 583 578 574 577 589 578 553 571 603 599 581 549 530 546 578 558 567 576 566 561 586 576 526 497 537 539 562 567 587 573 519 513 534 537 530 522 520 528 524 537 576 562 551 547 552 537 531 514 495 514 516 543 500 543 515 503 518 524 520 548 579 557 548 557 529 549 553 563 565 599 600 599 599 563 567 571 551 549 572 549 571 567 563 564 542 521 547 556 560 526 517 540 553 542 552 587 573 579 551 571 560 573 550 515 511 543 562 579 555 492 501 530 541 533 533 575 573 554 557 567 577 560 551 534 577 589 557 540 551 546 514 508 555 538 521 489 493 514 518 498 492 469 506 527 534 502 527 556 611 584 552 549 551 578 573 582 544 545 609 597 582 577 566 557 541 541 580 574 535 568 580 547 575 526 524 524 553 542 532 539 520 529 537 523 539 558 562 558 568 575 576 549 539 540 559 577 559 571 549 530 545 535 540 535 500 494 549 557 538 554 572 570 572 530 497 507 485 504 536 561 535 537 533 517 527 508 511 506 498 486 480 536 509 557 560 535 564 583 564 589 583 560 576 541 565 566 541 516 541 586 539 536 531 561 549 536 542 530 546 581 562 554 553 561 
vem trace:

stid: 333
spdistance: 1097.92
radio trace:
475 455 432 468 477 454 442 447 446 447 466 489 467 499 506 484 472 504 484 463 441 461 492 499 476 468 458 456 473 459 428 420 413 437 468 481 497 486 461 464 459 483 485 497 476 441 450 485 502 495 459 473 466 431 432 466 457 445 473 499 487 478 444 437 425 453 481 474 453 473 461 481 508 472 441 446 473 472 479 479 453 483 461 463 462 460 488 507 491 462 438 439 461 441 468 459 449 449 465 457 478 510 492 496 457 468 489 492 470 458 508 480 438 400 398 444 450 461 411 422 450 469 481 466 500 483 469 472 458 472 414 432 453 426 413 452 468 497 504 500 496 525 529 476 460 470 497 537 513 467 464 496 475 473 429 447 422 458 473 490 465 445 450 433 466 466 477 501 502 505 495 490 497 501 497 505 470 462 466 475 454 479 452 500 497 481 472 492 514 464 460 467 495 443 412 423 445 459 479 494 495 509 513 478 493 480 509 529 519 458 484 514 525 513 523 499 483 477 455 475 454 451 437 448 456 436 451 467 476 480 468 477 469 482 483 454 477 462 434 507 512 443 457 434 459 493 485 435 431 460 444 500 483 487 488 501 503 458 459 454 476 469 451 475 474 461 486 511 484 508 445 454 454 472 496 489 479 461 466 453 491 479 497 490 473 469 477 493 469 452 423 414 423 441 463 455 419 450 503 536 534 485 483 491 506 506 459 458 471 451 425 464 491 438 480 514 494 522 506 473 442 446 477 457 427 457 451 458 473 511 506 475 468 478 497 514 477 480 474 451 454 475 448 430 442 447 448 449 480 485 493 465 455 458 465 502 473 449 476 483 484 454 451 443 491 482 469 417 420 467 452 467 495 522 481 436 449 413 436 493 494 497 485 484 515 500 478 498 508 481 467 454 463 449 454 440 454 387 405 444 481 423 441 450 429 473 447 459 464 456 464 426 447 475 417 420 451 494 512 502 492 477 491 507 488 491 493 482 447 449 481 455 430 432 459 490 432 437 455 459 470 458 459 462 458 480 474 473 437 445 466 487 488 492 447 444 453 455 463 431 454 478 488 497 454 475 475 477 458 492 460 502 486 469 447 429 400 388 422 458 453 437 472 467 446 456 490 498 443 438 484 511 436 446 475 495 478 445 459 442 456 481 513 475 455 454 439 426 441 438 410 404 396 457 449 443 461 455 458 448 438 461 428 453 496 465 438 444 433 424 448 455 420 434 441 460 446 423 446 424 478 432 463 488 494 481 467 484 498 467 416 427 448 485 503 449 447 436 476 485 466 457 472 476 486 473 494 530 510 456 436 436 441 494 494 468 490 501 486 467 500 490 480 467 477 485 481 464 451 457 493 480 482 476 473 441 449 430 448 431 469 444 437 461 442 453 452 462 468 515 523 511 513 471 514 491 433 465 469 453 454 488 477 482 490 472 453 477 473 474 437 427 449 499 496 484 457 463 484 466 450 451 474 478 449 434 423 467 450 423 475 475 456 487 475 455 454 438 461 463 463 478 481 421 443 438 485 480 460 471 480 486 474 461 448 466 472 462 426 448 446 473 479 474 494 517 485 470 506 504 521 508 505 517 491 494 493 456 472 457 433 492 499 492 467 470 446 423 486 481 467 469 458 501 477 504 524 491 440 411 426 408 426 448 473 490 466 468 479 470 437 424 440 474 465 480 461 450 441 444 449 485 532 477 444 471 453 474 496 480 422 442 501 492 471 429 449 485 499 489 457 434 453 446 428 427 462 443 
vem trace:

