SDId: 34486572
energy: 2.0006e+17
zenith: 0.367627
azimuth: 0.121245
GPSSeconc: 1125158156
stid: 343
spdistance: 565.585
radio trace:
450 444 420 425 430 458 438 467 450 473 482 460 488 478 477 465 490 478 447 455 467 467 452 438 451 459 424 458 455 446 467 488 463 471 440 432 430 414 448 424 442 457 449 431 423 436 468 463 471 437 461 472 470 460 438 446 433 441 441 465 441 458 466 472 437 447 451 457 472 458 467 468 438 427 433 453 435 465 464 475 491 475 442 421 439 445 467 467 454 452 454 474 468 485 493 436 464 477 472 466 470 444 425 448 448 468 470 443 474 484 484 491 472 480 472 496 511 517 467 448 417 416 446 475 474 453 441 416 418 437 440 446 465 478 466 428 471 466 499 491 496 479 482 461 464 464 487 447 444 466 460 455 458 450 448 446 449 432 449 478 472 471 463 422 409 440 459 448 429 438 460 458 449 487 492 445 445 456 461 445 428 428 429 447 458 452 462 468 492 462 470 466 459 446 450 437 435 438 446 451 467 467 456 463 467 455 467 461 469 442 445 444 441 414 445 466 467 467 465 461 441 454 455 452 465 464 448 459 439 423 396 398 408 446 473 444 435 447 446 455 461 497 496 491 482 430 462 448 452 476 465 448 440 452 438 460 471 474 472 459 456 418 433 444 467 457 462 431 432 437 451 434 445 441 462 506 456 460 456 460 477 462 477 475 459 471 457 473 476 428 438 446 443 436 473 486 462 473 494 467 434 416 435 459 464 462 454 446 453 428 457 478 466 450 455 452 441 468 437 447 460 454 483 487 487 485 449 469 445 467 470 474 434 432 474 478 498 498 472 453 442 472 445 465 458 468 450 458 484 489 463 466 462 480 454 465 477 459 438 469 463 473 486 459 460 473 460 441 440 471 462 489 491 484 460 464 472 467 464 462 465 461 459 479 476 466 444 459 440 446 478 421 425 430 438 476 485 470 488 464 449 459 448 444 470 467 433 444 450 449 402 415 439 473 461 450 464 460 466 463 474 482 503 502 471 446 454 465 448 441 455 458 461 450 449 459 448 429 417 402 415 464 467 454 445 443 480 456 458 493 493 471 451 427 451 441 433 470 494 511 500 476 461 479 487 471 448 460 415 422 462 437 460 450 472 474 501 489 459 444 417 418 458 465 455 457 474 496 491 489 492 444 463 466 450 445 439 452 455 458 482 475 435 436 429 447 449 440 439 441 413 447 445 455 452 452 431 444 440 437 423 453 469 472 436 459 449 436 417 431 417 415 444 461 464 436 423 409 417 455 476 472 435 438 446 444 472 440 461 473 478 455 466 497 443 457 450 450 476 467 444 489 475 453 444 470 491 480 480 472 462 442 424 437 465 483 487 494 508 486 463 478 493 472 477 464 455 464 475 495 471 465 482 474 447 486 495 480 462 460 445 446 446 432 449 462 454 475 501 497 507 495 466 437 435 471 455 446 450 424 424 435 449 438 439 442 417 453 475 447 439 486 482 464 463 475 488 504 481 461 465 489 468 458 464 460 440 434 465 474 473 475 485 502 445 454 456 459 455 457 433 437 448 448 471 467 472 488 460 500 483 460 440 477 478 473 476 492 492 488 474 435 442 449 461 463 473 439 458 473 450 452 443 453 420 453 454 478 457 481 481 475 488 477 453 474 439 448 460 468 443 452 458 459 440 408 416 436 453 476 473 479 444 491 498 480 473 452 458 465 461 442 436 460 474 480 467 468 455 473 481 470 447 469 467 454 447 437 443 438 452 458 442 453 454 462 461 442 445 437 454 484 491 479 462 474 465 480 
vem trace:

stid: 342
spdistance: 960.327
radio trace:
445 428 459 440 438 454 472 460 475 491 447 453 465 458 462 423 430 455 491 475 450 428 441 489 452 443 434 433 454 466 455 455 476 506 504 478 481 522 484 475 472 445 454 460 461 494 484 487 482 497 512 517 479 448 484 492 499 478 466 427 469 481 499 505 534 490 481 479 507 474 448 457 447 454 479 438 452 457 456 454 470 470 461 451 465 484 514 519 523 483 461 476 451 469 471 477 492 483 490 465 463 473 484 487 478 450 446 493 528 503 475 475 427 417 413 418 448 482 475 463 469 444 465 484 455 449 484 470 462 468 496 478 452 463 467 464 469 475 486 475 448 454 463 457 466 479 466 471 501 470 484 490 486 487 486 493 507 483 465 493 460 487 481 507 489 459 457 452 477 461 469 472 473 487 477 456 473 466 478 481 499 494 467 482 499 476 457 431 484 472 456 467 470 490 469 457 464 476 472 453 465 452 470 462 479 486 444 470 469 468 456 471 488 510 486 443 413 449 441 445 487 505 495 497 519 470 451 454 455 487 454 464 470 447 419 422 432 424 461 457 464 464 456 482 454 451 439 470 463 467 449 464 475 475 481 480 492 504 525 531 521 488 467 477 498 506 479 454 472 484 483 475 472 441 428 417 423 382 380 402 437 449 450 487 463 465 463 451 442 468 500 502 466 482 487 465 454 447 444 443 437 468 477 461 475 440 414 435 473 486 498 495 488 493 478 473 474 443 452 486 458 456 508 518 492 456 482 469 481 473 498 478 514 512 497 465 462 450 474 454 463 434 449 426 450 444 465 474 448 468 504 510 516 492 454 456 470 463 444 455 477 479 455 479 497 450 430 426 446 475 485 487 476 438 432 451 462 455 457 448 482 436 426 412 415 434 432 461 473 490 473 466 470 497 483 454 479 515 495 484 460 458 443 434 484 503 490 462 475 459 440 450 460 474 455 433 451 456 448 436 458 468 445 480 474 473 429 441 431 443 450 460 484 494 451 442 433 435 462 470 456 478 465 446 439 457 451 485 454 443 484 455 447 441 492 490 487 486 490 486 479 477 457 458 435 460 475 485 472 459 478 493 461 455 452 460 467 446 454 479 470 464 466 486 475 503 529 480 463 449 472 457 443 480 505 508 512 508 474 465 468 479 479 476 492 479 468 464 445 456 470 481 451 487 475 451 485 482 488 523 485 469 459 472 465 501 492 484 505 466 452 433 455 457 446 460 460 456 462 450 460 489 477 488 485 509 508 472 458 443 447 432 437 454 474 475 481 485 487 436 450 493 456 465 467 505 477 445 425 436 491 495 496 477 476 503 488 459 451 472 453 452 472 478 486 450 460 485 473 453 426 446 447 421 454 464 473 443 464 504 471 476 496 495 489 465 495 491 455 466 438 468 451 465 460 486 485 448 418 425 457 452 470 461 470 479 487 513 500 473 424 453 456 471 482 491 505 476 486 505 524 510 485 462 459 471 454 449 479 492 491 510 518 511 472 427 435 455 455 439 454 447 481 512 484 433 442 471 449 434 453 480 504 510 495 490 485 459 427 418 395 417 461 486 477 478 464 447 445 462 459 462 463 462 454 451 449 421 434 459 451 463 481 458 454 475 450 478 465 484 474 435 441 460 479 452 424 434 434 470 491 514 452 478 483 494 492 477 459 440 471 477 444 447 450 464 485 461 444 452 474 471 455 462 469 476 508 496 521 493 493 498 492 467 483 448 448 457 453 435 443 454 443 448 462 464 449 444 
vem trace:

stid: 419
spdistance: 1075.98
radio trace:
513 526 517 519 502 485 450 463 486 502 519 538 537 493 475 464 475 505 490 463 416 481 503 485 489 511 488 509 495 528 510 416 420 447 502 480 499 513 534 555 491 493 486 493 495 509 488 481 481 493 484 490 513 538 511 522 479 483 469 480 496 489 485 460 460 461 448 461 417 446 455 500 492 482 484 489 474 527 529 523 506 519 493 452 483 489 523 525 507 525 487 523 540 536 538 486 462 482 442 458 472 470 499 445 485 522 501 501 529 505 488 515 463 469 455 460 426 433 450 464 463 481 489 525 510 532 469 480 493 498 484 434 455 449 495 519 511 449 465 498 510 498 476 495 466 462 450 480 455 491 475 407 457 494 465 447 498 532 495 475 514 507 517 501 512 489 477 433 472 466 447 468 477 495 490 508 489 498 520 508 522 507 492 510 507 529 511 514 489 517 509 500 488 457 503 508 516 503 539 505 454 473 510 503 548 565 561 549 529 474 483 508 531 471 461 480 523 516 520 471 487 492 513 522 506 486 521 536 490 511 565 556 504 471 519 491 474 458 512 532 525 501 524 518 489 492 481 456 490 501 516 488 492 485 491 455 473 477 490 508 516 477 515 530 530 512 503 467 432 448 469 456 487 452 459 465 465 488 478 495 461 483 473 442 505 539 494 518 460 477 516 535 485 491 530 538 510 472 433 418 414 457 471 440 460 482 469 470 515 485 486 496 520 512 532 497 456 493 464 412 443 497 459 489 492 470 424 444 500 485 493 500 471 512 528 540 551 528 500 494 480 499 495 535 503 497 487 454 414 457 444 453 421 422 477 498 521 535 550 518 526 506 455 441 420 478 509 511 495 498 498 450 460 443 460 473 503 527 517 493 462 474 492 485 461 468 470 415 419 461 449 468 446 478 489 503 553 530 486 473 430 412 443 474 419 439 407 415 429 411 443 454 500 466 480 529 516 487 458 470 483 466 468 464 464 460 387 431 457 489 474 464 515 489 472 492 488 488 528 520 479 492 463 481 520 541 487 474 498 467 468 471 512 512 529 537 484 495 526 499 491 473 470 429 430 450 466 470 498 484 485 493 503 492 444 476 506 498 476 452 431 426 439 451 495 537 512 513 507 506 505 497 511 531 499 485 467 514 528 509 533 520 489 479 504 517 518 481 504 526 552 558 541 473 470 465 485 503 450 490 526 482 515 530 526 469 492 488 461 477 466 448 487 484 459 456 464 468 457 487 495 465 454 456 466 493 488 496 502 471 449 428 444 478 488 408 443 477 477 489 494 509 518 519 487 513 506 496 523 526 524 527 510 518 487 483 497 505 522 541 525 553 514 540 494 507 480 490 492 516 542 531 508 470 464 410 447 474 476 455 436 432 441 468 456 498 494 501 505 459 490 480 469 433 402 425 469 481 466 453 464 468 455 543 538 519 496 507 537 518 497 537 521 496 495 493 484 464 498 473 476 488 505 517 513 490 484 488 496 490 483 460 470 475 478 481 466 503 462 459 436 493 510 503 496 487 442 471 479 468 453 432 454 467 466 485 484 467 490 478 460 456 442 466 446 484 499 501 542 537 531 539 513 468 439 451 455 463 475 502 543 502 483 451 463 438 454 495 455 448 476 455 476 509 537 534 495 461 463 456 456 478 476 494 465 450 446 453 443 443 431 431 422 410 457 402 441 502 498 477 474 481 464 478 493 508 502 519 509 498 492 533 479 453 459 490 506 448 498 490 480 459 493 505 484 485 483 507 
vem trace:

