SDId: 34723580
energy: 2.80699e+17
zenith: 0.382486
azimuth: 3.66179
GPSSeconc: 1126615901
stid: 333
spdistance: 496.188
radio trace:
406 422 437 444 462 479 458 445 430 400 404 434 456 463 449 495 474 496 456 423 439 465 477 468 432 440 406 397 422 456 431 453 451 437 432 482 452 432 428 401 413 438 464 456 482 477 474 434 406 428 424 409 418 399 432 462 471 444 461 441 431 433 414 437 419 413 445 450 455 428 455 474 472 481 491 473 463 460 450 454 447 451 476 486 455 424 427 429 443 382 398 399 431 438 426 479 454 428 469 476 449 492 491 439 466 452 432 456 439 443 468 455 427 446 441 433 415 438 449 463 446 441 421 419 447 452 475 468 455 432 462 471 443 432 427 421 410 441 443 436 451 464 445 440 432 426 423 450 440 400 445 449 451 447 440 471 454 445 452 437 446 461 507 465 446 415 447 451 458 461 459 436 440 443 460 427 449 442 410 452 451 452 420 424 430 433 461 456 464 430 458 463 455 486 461 435 444 461 464 443 447 406 399 483 452 439 418 457 482 486 491 503 432 444 460 452 420 393 423 447 440 454 470 441 446 482 472 461 418 425 446 427 420 457 429 414 416 421 429 447 413 423 444 413 445 422 429 441 450 433 462 433 422 419 432 424 410 431 440 420 443 457 415 454 443 450 461 464 484 438 438 423 425 414 447 438 449 477 478 434 423 469 461 458 453 472 453 453 458 420 424 439 431 429 466 433 468 467 427 435 426 416 405 402 446 449 471 486 476 467 458 467 483 459 468 451 477 444 453 482 437 400 382 422 433 455 469 458 465 455 433 426 453 472 463 491 474 452 474 501 480 487 469 479 452 467 476 475 443 433 447 431 462 461 468 467 436 410 412 423 433 436 395 433 491 449 444 471 473 492 475 429 432 449 486 480 443 435 432 449 434 411 424 432 416 426 430 425 404 399 419 443 456 459 473 461 434 420 421 441 462 446 448 441 442 448 450 420 386 361 409 388 418 422 431 435 460 444 447 447 429 444 449 435 412 421 421 437 460 446 440 460 432 421 434 437 429 430 464 452 443 427 436 442 423 456 434 405 376 426 423 425 451 454 450 465 439 419 420 410 402 422 420 410 423 428 428 425 424 458 472 473 448 434 477 479 492 488 475 472 478 480 465 431 470 450 482 500 486 478 472 466 456 440 480 469 455 478 450 451 438 431 458 479 477 446 481 464 454 421 448 441 429 446 409 445 480 436 430 426 445 420 417 419 448 454 435 404 437 439 417 431 448 442 448 473 461 464 473 414 427 460 461 471 447 497 475 486 461 449 437 437 413 428 426 407 425 449 443 449 456 428 436 404 416 433 449 471 474 449 456 451 464 449 451 471 458 453 464 466 458 460 437 454 428 453 458 450 465 438 398 423 458 455 425 415 408 411 441 422 421 445 482 454 458 423 425 434 422 426 445 426 456 456 460 444 433 442 448 457 439 427 423 432 459 490 458 449 455 473 410 445 457 460 457 444 428 426 443 414 401 431 441 435 435 450 405 401 406 427 437 430 447 431 437 463 485 439 421 409 441 427 431 467 456 446 439 477 419 432 441 405 430 435 441 454 435 423 449 440 452 452 445 438 414 423 439 433 458 475 487 460 487 478 471 471 455 468 461 450 467 474 431 437 431 466 455 451 486 491 460 472 446 451 429 424 435 426 419 432 454 412 391 399 424 443 442 437 424 442 421 428 405 401 451 419 426 415 439 421 455 465 445 457 447 449 436 421 424 456 421 443 468 457 432 403 411 460 466 469 451 440 435 438 457 453 460 485 
vem trace:

stid: 332
spdistance: 1192.8
radio trace:
563 557 537 522 529 543 561 534 523 539 556 506 495 513 553 562 533 569 580 596 556 530 527 537 521 546 524 522 480 481 492 471 495 520 512 519 516 525 495 523 534 533 537 569 577 552 549 535 558 546 533 527 569 562 550 581 557 545 544 515 520 509 513 516 544 560 560 597 555 541 538 560 581 571 571 579 566 562 568 582 555 545 533 488 540 556 528 521 550 542 544 532 542 563 536 525 526 534 522 559 596 576 528 533 568 576 542 552 577 564 552 580 578 546 544 501 464 514 515 520 531 537 488 525 538 543 565 550 532 509 517 511 556 562 572 538 539 537 554 568 547 546 528 548 579 578 584 566 580 557 563 539 540 549 542 524 541 565 561 559 552 547 546 510 476 522 515 535 553 529 581 550 524 529 541 553 539 545 539 533 512 536 562 562 551 526 541 534 523 516 498 507 527 525 525 537 524 508 552 581 569 518 537 532 536 535 543 543 553 551 571 562 546 523 530 560 519 484 524 529 538 550 557 559 541 530 554 571 538 489 542 553 565 520 509 511 515 518 539 527 490 513 516 548 522 530 559 582 576 557 555 574 567 542 548 556 544 537 537 557 570 584 577 563 551 533 563 523 525 537 536 523 531 561 577 545 549 527 536 533 544 553 550 542 539 520 513 526 519 549 536 514 520 505 503 516 532 517 532 535 542 523 521 551 538 556 561 580 576 530 564 566 565 553 532 539 528 543 573 543 575 588 546 518 503 527 540 535 565 552 549 580 539 538 552 584 561 536 537 489 503 531 505 497 495 520 525 518 497 497 504 522 519 544 561 543 577 536 549 564 517 547 539 551 558 537 512 552 552 528 556 545 543 553 533 527 544 537 557 564 541 548 553 546 540 500 514 528 521 556 544 537 548 543 558 572 553 509 526 506 505 514 531 576 574 580 574 559 570 578 564 539 519 560 536 498 534 545 557 548 541 540 549 535 531 549 562 580 581 535 515 523 540 539 518 521 532 535 532 546 568 571 572 587 608 598 573 590 584 547 538 542 539 574 572 547 571 571 569 558 560 532 528 528 517 518 491 504 544 516 502 544 563 560 552 515 508 502 496 512 551 546 547 529 554 528 549 575 561 555 538 504 515 536 550 523 552 538 540 536 538 557 547 550 571 560 577 580 557 555 542 536 522 526 538 547 544 531 509 501 503 539 569 551 561 581 608 605 574 546 532 549 548 536 519 483 506 524 536 519 501 507 502 498 525 498 508 525 556 574 571 564 591 558 546 510 540 568 543 560 581 545 538 529 549 576 582 540 547 580 531 502 531 529 531 535 562 558 571 537 513 540 545 508 520 518 552 566 541 526 520 541 516 512 536 549 534 517 543 525 552 589 586 523 548 563 535 568 609 597 572 560 534 501 512 539 522 549 569 550 542 568 559 519 534 551 558 578 560 517 543 547 543 526 513 496 504 509 501 519 500 505 528 570 520 512 567 549 546 539 513 515 509 535 533 537 567 521 517 542 554 583 591 551 557 545 570 576 568 567 531 540 548 573 590 570 538 548 540 547 551 562 574 555 534 533 537 534 529 549 583 561 584 599 566 534 548 554 561 548 529 561 551 564 545 541 519 545 525 517 490 553 582 553 563 567 549 525 506 528 558 575 571 547 525 516 520 506 545 546 544 551 551 548 559 540 534 546 505 491 512 533 553 541 549 546 554 548 530 505 526 536 568 548 523 531 567 567 576 525 542 561 583 556 539 521 541 534 
vem trace:

