SDId: 34714228
energy: 2.3396e+17
zenith: 0.750156
azimuth: 2.76425
GPSSeconc: 1126569652
stid: 343
spdistance: 936.263
radio trace:
465 476 487 468 464 464 465 463 415 409 446 454 456 448 431 441 453 446 444 445 444 424 403 448 433 444 469 456 430 452 431 452 454 459 442 427 421 466 455 443 419 432 452 435 459 431 455 472 495 454 417 446 453 434 443 467 434 458 450 452 481 480 482 480 442 449 421 439 437 436 459 442 451 451 447 439 431 405 414 417 428 444 441 449 449 438 445 475 465 499 476 471 476 463 466 449 427 415 418 439 460 429 451 472 471 455 436 445 442 442 432 438 452 463 446 452 437 426 459 449 429 433 422 449 457 469 444 451 419 436 434 429 472 434 441 460 458 446 453 459 448 440 445 469 487 481 469 467 469 443 474 453 429 425 418 441 431 434 436 459 479 460 481 470 458 466 462 444 455 450 431 414 443 428 436 454 446 438 454 438 403 412 431 455 451 457 484 493 454 490 506 496 469 444 448 471 484 473 451 439 424 412 462 448 446 434 451 460 447 429 442 455 447 435 429 432 453 460 444 459 469 491 456 472 431 437 458 433 448 464 457 454 438 446 457 467 462 471 433 434 427 468 466 448 469 473 476 469 442 445 437 462 461 429 429 426 438 436 435 443 441 460 470 452 455 423 451 462 465 434 429 437 445 439 431 421 442 449 445 441 424 413 448 426 406 422 428 421 441 436 453 461 461 464 410 405 407 425 454 445 471 467 481 448 437 437 436 402 424 468 496 496 480 468 471 468 453 447 457 473 472 450 444 437 439 436 416 447 436 451 420 429 406 419 412 434 447 433 433 416 437 428 392 409 422 446 471 431 408 407 446 421 405 444 448 430 444 463 484 478 455 445 463 438 438 453 454 458 476 468 498 477 463 450 438 429 463 442 430 433 418 436 431 426 432 450 433 437 439 439 429 465 465 440 439 471 451 487 501 472 459 447 475 470 463 471 470 474 492 504 480 489 472 452 440 445 436 391 411 400 400 438 427 438 438 441 440 446 424 440 440 467 449 430 412 427 433 456 470 471 456 463 461 458 434 436 451 415 420 452 475 466 476 455 413 430 449 435 487 480 441 415 432 445 469 440 450 436 433 429 447 431 452 444 417 459 471 480 460 463 436 423 441 429 445 464 463 437 459 437 437 432 419 434 443 446 446 449 434 409 443 439 463 476 472 454 441 440 467 469 469 474 477 490 458 467 464 452 432 422 425 431 425 446 429 441 447 417 447 433 438 423 419 439 410 436 447 437 465 454 467 437 453 427 444 479 478 480 430 431 444 465 492 462 446 466 473 460 475 426 433 447 459 474 463 488 500 468 458 486 513 476 446 447 443 465 438 453 463 456 442 442 445 447 454 455 469 455 454 450 458 446 454 471 459 451 457 430 428 454 427 445 458 465 475 462 496 502 485 481 480 459 439 451 455 462 440 450 392 430 427 453 455 445 444 446 477 467 455 431 442 443 417 441 451 429 449 444 454 444 430 416 437 444 460 426 455 474 465 462 433 419 436 438 445 453 460 464 446 453 463 435 453 462 450 417 434 454 460 479 478 446 433 437 465 438 460 447 432 456 468 470 481 461 411 421 435 422 450 467 489 470 438 416 438 440 439 423 445 450 455 450 455 429 435 432 458 510 474 427 424 434 448 472 477 440 405 434 451 441 398 380 394 421 406 435 466 474 432 445 455 462 484 468 428 435 427 435 429 434 433 455 443 435 428 422 431 454 443 439 444 456 410 424 455 422 438 466 432 420 409 416 429 443 451 471 473 464 
vem trace:

stid: 419
spdistance: 1039
radio trace:
442 472 433 469 465 481 482 467 485 497 532 486 428 422 458 491 494 479 477 441 459 482 518 498 469 461 480 500 510 507 475 474 492 497 480 474 497 508 483 450 486 500 446 463 482 502 471 464 444 475 468 462 461 454 415 397 415 458 462 495 453 433 436 460 437 489 475 487 492 483 427 407 413 442 426 466 443 453 463 506 515 491 475 462 472 463 431 453 438 455 485 417 433 441 486 462 453 457 460 494 492 479 470 430 439 439 494 490 500 451 420 443 429 438 451 512 499 430 465 495 478 436 441 476 432 417 453 437 443 473 490 489 455 439 431 447 426 425 460 469 489 464 419 351 395 440 422 455 453 421 414 435 446 443 438 445 441 437 423 438 473 508 512 479 473 470 461 427 421 439 419 418 492 495 492 447 466 473 451 439 422 425 441 446 399 428 480 502 529 509 476 456 458 427 416 437 443 504 460 471 493 491 484 474 509 515 474 453 426 439 433 495 536 528 468 466 474 492 466 428 433 471 424 440 468 501 473 433 407 470 483 468 440 475 506 519 492 462 446 488 462 464 477 479 452 469 473 472 447 478 444 470 479 525 505 519 507 473 465 472 445 435 424 408 430 450 473 459 433 467 474 447 450 454 482 467 498 517 500 510 490 486 477 443 473 457 441 419 432 454 441 456 462 421 434 479 483 519 512 477 475 468 460 460 461 433 435 438 458 437 496 505 450 380 381 438 440 453 478 439 431 445 494 524 490 479 499 493 477 482 475 458 483 496 486 514 495 444 469 488 520 490 524 555 509 454 481 499 497 480 462 486 498 481 446 422 410 459 475 442 472 477 500 478 501 506 487 479 466 454 473 440 467 425 451 429 470 465 467 398 474 483 485 428 469 450 450 473 468 463 475 436 470 481 486 472 494 444 456 469 469 490 470 438 405 393 444 482 485 500 461 475 470 497 494 486 475 462 491 435 460 499 498 448 434 438 430 460 470 459 454 444 431 425 448 476 480 462 504 494 461 465 482 513 460 390 413 400 379 380 450 508 519 495 508 564 492 496 470 524 489 489 437 484 495 498 523 489 465 439 464 498 499 501 509 504 493 479 461 438 444 467 460 422 459 511 532 494 497 472 474 489 508 507 531 518 476 461 484 494 497 468 466 457 505 463 446 462 444 445 477 436 466 509 531 498 418 414 387 420 457 466 437 466 482 487 524 511 504 501 506 501 526 468 502 477 513 525 495 532 532 501 481 487 530 568 527 497 417 447 404 410 478 473 469 488 477 483 434 451 464 461 456 427 479 499 476 460 484 462 430 491 487 448 429 464 492 452 455 447 484 482 472 413 431 488 496 550 565 543 515 449 444 420 457 495 492 485 443 405 400 439 439 484 450 457 464 451 434 445 430 407 428 442 421 474 484 465 477 473 460 486 475 520 502 450 438 440 429 470 462 433 447 443 461 511 469 447 479 506 509 536 493 443 480 521 519 487 475 455 490 478 470 483 477 460 458 450 459 493 513 476 476 493 480 506 521 482 500 475 464 481 482 501 449 459 466 481 473 486 485 418 424 454 496 520 472 456 466 440 440 449 434 423 452 499 479 486 454 430 461 533 539 495 522 523 522 489 449 461 453 482 463 468 472 513 517 480 470 476 464 460 443 438 437 409 464 439 435 494 472 452 431 413 441 447 477 479 464 449 446 479 473 437 459 454 433 470 498 521 451 460 466 462 486 465 432 446 427 460 491 499 503 476 475 481 465 465 
vem trace:

