SDId: 34753515
energy: 4.21986e+17
zenith: 0.626132
azimuth: 4.69905
GPSSeconc: 1126789724
stid: 419
spdistance: 634.966
radio trace:
544 556 550 496 480 517 571 557 512 488 439 440 469 462 456 472 460 479 473 524 485 434 460 494 496 538 537 555 566 566 535 525 523 534 449 473 439 467 495 454 443 481 458 483 518 508 503 545 542 534 487 492 468 450 469 508 534 503 492 467 507 512 514 483 422 459 465 468 483 526 481 462 492 479 533 508 520 502 497 481 522 512 516 508 505 486 496 524 544 510 502 464 470 478 437 432 449 498 488 454 489 470 478 489 466 470 488 484 517 496 462 495 490 473 504 527 498 485 497 455 457 460 503 504 522 515 496 476 480 485 506 497 503 451 476 463 437 447 508 487 443 420 456 455 462 537 525 480 502 486 494 484 491 513 458 491 489 485 506 509 487 479 463 494 502 461 479 518 530 508 469 482 493 490 486 472 492 527 492 474 499 527 522 519 488 472 497 496 528 555 503 489 511 465 448 491 467 454 503 511 503 502 503 461 482 490 500 499 555 520 504 485 459 455 438 465 464 476 474 511 516 503 527 501 492 463 448 453 479 458 431 472 497 510 521 482 455 466 463 468 491 503 475 454 468 499 474 477 504 454 462 498 493 482 496 513 503 503 479 444 428 467 491 490 501 491 496 475 466 452 441 464 487 487 471 390 443 504 472 457 438 440 496 519 503 525 516 536 532 504 515 546 540 509 506 481 484 536 538 546 524 509 530 494 480 517 510 485 447 409 439 474 471 457 480 484 505 484 496 467 428 437 463 482 496 543 565 556 514 499 494 460 484 482 495 436 458 451 484 507 496 513 497 526 529 475 490 469 444 430 410 456 439 434 460 497 522 539 528 496 481 445 463 453 479 471 435 471 456 455 459 527 499 485 474 493 491 479 463 464 521 495 489 464 478 493 525 509 553 542 488 498 476 474 435 447 466 473 461 464 442 471 499 481 469 497 514 504 496 476 490 489 467 485 508 483 492 484 505 450 464 464 471 428 496 501 502 507 503 512 502 486 476 480 522 551 551 541 531 511 492 486 485 455 445 482 489 469 427 479 502 528 491 469 454 456 457 483 493 515 548 548 466 475 521 526 509 455 454 494 471 494 487 442 485 511 448 472 503 491 456 457 460 421 410 447 469 450 443 446 480 522 515 498 533 505 498 493 497 510 502 475 500 513 490 449 474 459 465 456 481 493 453 484 482 510 478 498 461 474 486 519 479 510 455 499 539 505 482 488 487 452 455 500 507 507 560 534 517 540 510 472 427 399 432 453 505 501 507 516 513 496 512 529 459 436 429 497 552 542 517 502 521 498 541 552 541 541 488 478 483 453 433 446 467 422 469 472 466 422 448 480 487 505 493 501 509 478 455 478 495 473 484 479 512 498 476 480 465 442 468 442 468 506 490 530 521 514 481 491 507 502 500 554 505 510 484 526 485 509 481 488 508 463 456 447 432 458 522 488 486 539 521 529 551 566 530 515 502 519 527 528 489 486 461 494 502 500 523 488 482 483 463 504 460 444 456 487 498 538 509 532 522 506 516 511 506 474 457 492 500 511 507 463 478 490 530 494 494 481 476 462 476 528 524 499 501 516 520 476 504 514 519 524 503 466 484 478 514 514 528 508 500 525 513 519 533 532 533 531 511 480 497 492 503 563 517 492 522 510 534 533 532 529 534 493 556 546 498 472 444 453 438 448 473 524 525 520 518 523 494 462 460 470 505 496 513 517 461 476 495 507 452 475 498 514 521 506 446 478 478 486 507 526 476 481 492 500 
vem trace:

stid: 342
spdistance: 890.241
radio trace:
452 478 459 468 469 500 454 436 483 475 465 461 440 435 448 451 465 433 461 471 491 499 519 493 439 461 470 465 484 479 455 456 479 466 435 437 452 488 482 474 476 492 479 515 494 487 458 438 450 450 443 455 460 472 448 470 486 458 452 452 436 473 455 448 444 457 449 448 453 452 459 468 467 488 483 502 462 465 462 429 406 410 454 460 482 495 497 476 463 462 489 477 467 486 449 437 430 440 446 455 443 470 462 442 456 475 473 465 431 442 425 428 426 418 436 471 481 492 495 465 441 438 481 504 442 431 464 430 431 427 429 424 456 465 441 442 454 436 454 481 446 468 438 438 464 459 483 462 445 479 455 446 471 473 477 477 473 470 483 484 452 485 480 489 487 479 478 472 464 470 462 483 480 453 453 449 430 446 428 467 493 464 436 444 440 451 450 463 469 459 450 454 477 506 481 478 446 454 504 497 500 458 447 451 474 465 451 447 479 476 463 425 463 471 463 462 444 467 426 446 435 445 451 450 429 419 419 427 433 449 435 461 467 472 455 472 456 474 525 469 448 471 474 473 447 459 470 491 495 452 446 474 468 434 409 439 424 473 493 482 459 465 479 461 450 458 439 457 453 443 456 456 414 429 433 473 494 478 466 462 463 467 451 432 430 446 467 459 455 446 472 504 506 501 467 467 471 467 449 465 456 473 472 466 436 424 449 483 483 504 489 472 458 459 436 434 463 435 449 432 432 430 411 435 459 468 459 449 446 450 432 440 450 466 487 488 479 482 473 463 463 466 504 462 445 442 462 453 456 461 472 459 486 474 462 462 464 451 448 447 462 492 507 496 492 480 464 494 501 459 436 451 417 432 442 429 407 400 434 454 446 443 446 471 470 442 426 466 454 440 481 486 477 468 488 472 466 439 473 441 430 447 458 457 426 457 473 487 470 459 454 461 461 466 482 462 477 474 432 439 435 428 448 447 474 493 510 471 434 472 482 480 470 465 455 462 452 420 443 478 493 508 468 475 467 477 494 497 488 487 469 459 451 467 454 438 453 412 423 445 444 434 418 428 411 413 447 445 450 464 449 476 461 449 443 424 434 431 491 492 463 443 438 428 441 417 439 421 433 468 476 480 441 425 442 433 433 455 466 458 460 447 463 425 419 418 410 418 418 404 418 445 445 466 504 484 492 481 440 451 444 479 468 463 453 435 455 475 439 417 434 430 443 427 426 441 475 471 432 438 466 473 441 419 452 457 458 479 488 527 503 493 463 439 438 461 456 435 439 446 474 490 483 450 443 473 453 451 457 492 503 488 481 478 464 463 468 467 458 437 425 422 441 449 461 434 434 440 451 454 427 399 421 436 467 454 449 477 452 477 478 493 503 507 493 454 445 471 504 513 477 472 477 473 457 436 445 464 436 445 439 455 435 440 477 470 426 422 461 459 438 436 452 460 459 500 459 458 459 412 455 461 445 440 439 417 420 407 456 475 464 458 476 505 488 492 464 460 476 453 438 431 439 471 461 463 497 494 491 455 432 421 388 394 423 416 430 461 489 490 459 469 446 407 413 473 475 487 499 497 483 466 461 500 483 454 460 426 432 481 488 474 449 458 464 432 429 468 461 439 432 455 458 468 461 471 484 478 479 441 434 427 460 444 428 418 423 477 435 413 457 463 460 487 479 490 472 446 446 475 461 409 436 479 464 473 487 474 471 466 451 465 456 504 484 478 484 471 469 449 461 479 455 425 415 426 407 424 
vem trace:

stid: 343
spdistance: 906.973
radio trace:
472 462 452 469 473 486 493 505 489 503 487 460 455 463 479 455 450 480 468 465 479 484 488 485 470 461 475 509 503 483 448 486 449 432 447 459 443 455 476 474 452 437 457 478 475 479 457 441 447 460 448 447 474 502 489 459 463 489 503 506 488 452 456 450 442 442 459 449 423 457 495 474 453 458 492 490 458 489 462 444 458 431 404 442 474 488 454 468 466 460 461 458 488 507 489 466 459 466 461 453 449 449 475 467 448 453 474 473 464 458 454 469 469 489 484 473 454 457 443 465 460 471 465 461 485 491 477 474 446 468 489 486 479 489 509 503 496 486 450 445 464 451 430 441 451 462 482 499 484 459 456 413 439 481 480 490 479 451 433 445 463 462 469 464 453 444 452 472 449 437 410 447 447 465 458 491 483 457 442 462 470 473 464 448 452 432 441 471 462 458 452 458 465 461 465 413 431 464 478 451 458 446 444 454 465 466 481 483 492 493 491 482 446 417 442 425 409 410 421 464 475 499 459 454 455 487 472 468 478 466 479 478 457 449 437 451 468 476 458 453 482 460 480 453 446 460 450 470 484 480 473 460 456 445 467 470 437 448 422 435 426 441 441 440 440 415 426 441 427 445 439 471 433 461 490 478 434 431 491 466 443 457 452 444 428 446 471 479 469 475 423 438 447 464 483 469 458 476 461 503 474 428 450 459 447 439 434 469 493 494 471 421 435 457 476 475 444 457 445 459 456 468 456 477 467 450 457 455 444 468 435 460 464 467 464 488 489 458 436 461 464 457 466 467 508 493 447 450 466 454 434 451 449 449 467 472 460 495 489 468 457 438 445 439 449 483 515 497 496 485 487 464 458 461 444 460 459 445 459 452 437 458 470 449 457 469 455 433 433 448 444 443 454 457 493 465 467 472 468 464 449 481 469 454 447 475 467 457 421 438 445 460 471 479 460 466 469 453 458 472 450 442 435 441 456 460 473 456 457 461 465 448 453 441 434 439 449 459 460 456 460 467 441 461 461 441 439 443 473 499 481 478 504 494 476 478 492 463 449 474 472 450 441 414 440 452 454 459 428 436 461 463 512 434 445 433 420 422 433 444 451 453 431 436 469 468 462 434 441 454 446 460 479 495 487 430 440 433 447 453 476 475 444 441 438 447 415 448 474 466 460 455 480 455 474 488 496 468 439 438 447 464 478 491 480 470 487 464 463 470 478 475 442 468 475 452 456 463 469 481 479 499 496 481 472 445 487 499 495 509 473 482 499 498 468 458 457 456 430 450 448 444 472 493 474 478 477 463 485 481 469 476 475 474 448 458 466 458 458 437 445 475 510 481 478 455 472 472 484 492 512 475 461 472 477 420 451 483 474 455 457 440 476 472 468 486 490 470 448 447 431 465 456 451 452 443 462 470 455 460 499 504 486 497 480 489 506 466 471 478 453 469 495 502 513 485 477 471 463 477 490 490 458 460 473 471 483 459 478 481 477 486 468 452 475 435 438 424 471 486 467 442 457 453 459 448 461 475 492 481 498 476 476 480 471 429 440 457 470 477 474 446 444 449 463 484 494 470 479 476 497 471 473 462 436 418 461 483 464 473 471 498 502 459 431 425 447 464 468 462 442 454 475 444 441 464 475 485 469 474 459 479 493 480 467 429 441 443 459 449 457 440 460 472 467 461 486 489 495 490 500 486 465 449 464 478 462 456 447 479 439 428 460 463 462 449 449 468 481 486 469 446 466 463 469 482 481 469 
vem trace:

