SDId: 34875114
energy: 9.15702e+17
zenith: 0.885071
azimuth: 0.605383
GPSSeconc: 1127558327
stid: 342
spdistance: 434.55
radio trace:
455 432 410 418 417 444 417 415 391 406 413 391 426 438 454 424 429 427 426 444 462 436 414 405 416 419 392 425 425 427 406 400 400 398 416 437 432 433 449 448 442 420 393 413 428 441 452 446 413 433 435 430 425 426 388 402 408 410 426 443 446 456 467 470 455 421 430 445 434 437 437 416 422 378 399 411 407 445 451 438 463 443 436 415 432 434 372 381 390 396 402 408 408 381 398 415 402 393 400 382 397 420 427 447 438 466 462 424 447 472 434 431 433 442 430 438 425 416 444 469 440 431 411 414 406 404 420 418 424 368 389 402 385 385 408 416 406 436 429 426 446 450 424 404 438 433 430 403 380 380 412 421 427 438 439 402 408 430 455 415 451 447 425 415 402 416 443 416 394 381 383 387 411 422 401 412 438 414 420 425 421 401 420 422 416 429 437 452 447 443 420 430 452 459 407 415 462 456 442 422 411 410 456 442 450 429 407 434 429 425 465 441 409 416 420 443 449 442 410 418 414 397 402 406 418 434 420 420 458 431 422 414 417 422 428 429 425 439 434 459 463 445 444 459 452 426 401 409 414 435 438 414 437 471 462 405 407 425 414 407 409 391 395 432 444 423 436 416 393 411 417 404 428 425 422 455 431 420 414 430 411 411 392 397 417 435 411 408 400 446 456 447 467 444 411 421 425 460 414 397 421 431 448 450 406 392 402 415 408 419 427 426 412 420 401 435 460 436 416 386 384 398 431 415 405 398 417 430 422 424 438 416 418 430 440 440 425 431 436 438 427 432 410 401 404 404 395 409 413 391 393 406 423 398 398 404 406 435 423 417 418 439 455 450 437 428 425 418 405 392 389 383 391 421 415 421 431 444 457 416 395 411 430 413 424 424 432 429 417 431 435 455 438 417 397 412 406 389 408 415 405 400 409 424 409 419 419 411 432 427 447 427 452 425 428 437 436 466 440 427 424 410 418 411 425 446 450 454 446 432 423 418 402 399 424 427 431 444 469 441 435 439 419 430 424 430 410 417 422 431 418 432 425 429 408 398 420 433 419 427 415 423 426 419 424 413 409 451 431 418 434 422 390 394 418 443 422 402 418 425 408 416 410 396 404 422 445 418 418 422 409 420 446 449 440 417 406 415 432 436 438 438 443 450 459 448 432 434 421 399 387 404 424 428 430 405 400 391 388 424 424 413 413 414 427 428 419 436 439 435 452 425 380 388 391 428 444 392 422 455 448 440 428 453 450 450 446 408 402 407 436 434 437 427 405 394 421 393 427 421 440 438 433 440 448 447 422 436 398 410 384 400 406 407 413 389 377 374 389 386 382 401 385 403 422 434 451 435 429 389 387 411 415 387 408 433 457 454 421 419 425 430 431 437 427 397 390 423 405 418 407 421 415 419 434 402 408 425 432 435 427 462 448 399 397 408 431 436 428 444 418 395 387 410 439 391 415 457 429 396 362 377 391 384 395 420 441 414 431 412 429 443 459 441 417 412 407 445 451 427 418 406 392 384 407 437 430 415 412 395 418 422 447 454 454 460 446 431 424 435 430 406 414 410 396 431 419 439 448 445 453 446 450 423 431 424 447 444 425 439 442 436 431 418 419 397 405 430 404 430 413 411 416 424 426 408 407 399 392 402 400 429 440 435 450 420 410 414 401 425 409 413 408 415 411 433 415 437 418 420 453 447 453 449 409 413 437 434 417 409 394 380 385 401 407 407 427 434 407 424 421 434 427 437 450 423 419 432 
vem trace:

stid: 341
spdistance: 907.117
radio trace:
496 491 516 484 448 456 436 437 443 489 511 518 545 525 461 495 498 511 511 477 480 483 462 452 482 507 516 465 455 473 494 488 468 485 484 513 492 492 471 476 438 488 512 507 516 511 483 509 516 518 493 490 498 482 467 535 507 476 467 490 489 480 489 496 494 526 519 519 521 519 476 514 522 534 531 495 472 452 491 554 538 536 534 489 497 496 494 511 516 522 530 502 520 491 507 482 470 512 528 527 507 481 462 481 476 509 475 490 515 504 508 508 532 546 537 583 581 521 509 480 505 509 523 557 527 510 508 529 526 552 541 503 508 530 498 463 481 507 493 518 522 545 524 505 498 525 513 502 511 500 510 460 454 499 472 513 549 542 529 524 522 501 520 513 516 499 471 490 474 530 481 488 488 505 573 548 549 600 550 535 506 520 543 496 483 472 460 479 471 504 509 495 485 493 475 469 509 494 483 445 478 482 518 559 541 487 535 546 517 521 531 521 478 486 504 500 535 528 525 517 549 521 545 553 527 535 491 501 470 495 501 456 447 463 505 519 521 462 473 452 461 484 486 481 486 502 510 495 450 452 463 494 527 522 511 524 511 496 516 528 511 495 488 521 495 500 474 502 522 499 475 489 512 492 492 496 493 474 478 512 507 478 504 536 544 511 524 547 561 523 489 520 481 499 502 497 457 487 502 498 494 480 485 509 524 506 496 501 503 496 485 514 507 513 452 447 470 500 497 531 550 536 532 518 487 478 505 531 513 479 507 524 483 520 481 497 495 497 464 532 556 520 492 488 465 454 468 510 537 519 538 521 543 508 505 508 536 525 514 528 512 509 495 488 517 499 507 493 493 508 467 532 515 491 446 511 501 513 505 487 495 538 507 536 544 558 540 560 489 525 552 532 526 530 530 527 497 494 550 512 458 470 493 489 507 486 473 470 478 460 409 437 468 456 467 468 498 508 493 482 489 495 445 474 545 556 512 526 524 501 500 489 462 508 501 496 498 477 467 469 468 504 506 499 521 498 518 517 524 522 510 526 548 552 486 494 519 476 481 454 461 449 429 438 454 479 513 550 511 529 510 553 558 543 514 523 520 500 513 492 495 497 483 454 452 516 509 513 517 519 512 505 481 474 515 528 484 492 482 499 503 531 510 501 486 506 488 473 446 455 503 517 536 509 522 522 502 488 468 471 480 513 486 430 491 538 526 523 512 484 482 489 472 464 475 508 492 542 539 484 465 492 519 544 552 568 532 510 519 476 482 512 566 551 533 536 524 505 500 528 548 546 511 500 544 502 488 490 502 488 496 511 505 538 579 526 478 519 571 532 509 496 511 467 478 477 491 530 539 478 522 527 535 517 481 473 497 486 500 503 467 468 488 480 507 512 498 473 478 491 486 481 503 502 539 514 494 495 494 508 483 465 487 513 500 507 488 469 461 506 517 507 508 476 501 482 442 439 465 483 491 518 518 519 476 478 493 497 503 518 532 511 506 500 484 493 477 522 542 542 543 540 484 487 484 448 438 486 484 499 453 507 494 485 486 503 521 500 514 494 471 483 451 450 493 483 508 540 510 536 500 508 532 502 489 475 475 527 484 463 475 494 498 492 499 513 521 490 481 441 460 455 472 467 485 476 488 517 523 528 512 482 493 526 523 530 495 488 487 518 494 508 527 532 531 487 463 478 480 487 471 478 498 508 467 526 513 499 532 508 487 539 548 526 495 468 513 510 478 498 497 474 500 508 462 444 473 498 
vem trace:

stid: 341
spdistance: 907.117
radio trace:
496 491 516 484 448 456 436 437 443 489 511 518 545 525 461 495 498 511 511 477 480 483 462 452 482 507 516 465 455 473 494 488 468 485 484 513 492 492 471 476 438 488 512 507 516 511 483 509 516 518 493 490 498 482 467 535 507 476 467 490 489 480 489 496 494 526 519 519 521 519 476 514 522 534 531 495 472 452 491 554 538 536 534 489 497 496 494 511 516 522 530 502 520 491 507 482 470 512 528 527 507 481 462 481 476 509 475 490 515 504 508 508 532 546 537 583 581 521 509 480 505 509 523 557 527 510 508 529 526 552 541 503 508 530 498 463 481 507 493 518 522 545 524 505 498 525 513 502 511 500 510 460 454 499 472 513 549 542 529 524 522 501 520 513 516 499 471 490 474 530 481 488 488 505 573 548 549 600 550 535 506 520 543 496 483 472 460 479 471 504 509 495 485 493 475 469 509 494 483 445 478 482 518 559 541 487 535 546 517 521 531 521 478 486 504 500 535 528 525 517 549 521 545 553 527 535 491 501 470 495 501 456 447 463 505 519 521 462 473 452 461 484 486 481 486 502 510 495 450 452 463 494 527 522 511 524 511 496 516 528 511 495 488 521 495 500 474 502 522 499 475 489 512 492 492 496 493 474 478 512 507 478 504 536 544 511 524 547 561 523 489 520 481 499 502 497 457 487 502 498 494 480 485 509 524 506 496 501 503 496 485 514 507 513 452 447 470 500 497 531 550 536 532 518 487 478 505 531 513 479 507 524 483 520 481 497 495 497 464 532 556 520 492 488 465 454 468 510 537 519 538 521 543 508 505 508 536 525 514 528 512 509 495 488 517 499 507 493 493 508 467 532 515 491 446 511 501 513 505 487 495 538 507 536 544 558 540 560 489 525 552 532 526 530 530 527 497 494 550 512 458 470 493 489 507 486 473 470 478 460 409 437 468 456 467 468 498 508 493 482 489 495 445 474 545 556 512 526 524 501 500 489 462 508 501 496 498 477 467 469 468 504 506 499 521 498 518 517 524 522 510 526 548 552 486 494 519 476 481 454 461 449 429 438 454 479 513 550 511 529 510 553 558 543 514 523 520 500 513 492 495 497 483 454 452 516 509 513 517 519 512 505 481 474 515 528 484 492 482 499 503 531 510 501 486 506 488 473 446 455 503 517 536 509 522 522 502 488 468 471 480 513 486 430 491 538 526 523 512 484 482 489 472 464 475 508 492 542 539 484 465 492 519 544 552 568 532 510 519 476 482 512 566 551 533 536 524 505 500 528 548 546 511 500 544 502 488 490 502 488 496 511 505 538 579 526 478 519 571 532 509 496 511 467 478 477 491 530 539 478 522 527 535 517 481 473 497 486 500 503 467 468 488 480 507 512 498 473 478 491 486 481 503 502 539 514 494 495 494 508 483 465 487 513 500 507 488 469 461 506 517 507 508 476 501 482 442 439 465 483 491 518 518 519 476 478 493 497 503 518 532 511 506 500 484 493 477 522 542 542 543 540 484 487 484 448 438 486 484 499 453 507 494 485 486 503 521 500 514 494 471 483 451 450 493 483 508 540 510 536 500 508 532 502 489 475 475 527 484 463 475 494 498 492 499 513 521 490 481 441 460 455 472 467 485 476 488 517 523 528 512 482 493 526 523 530 495 488 487 518 494 508 527 532 531 487 463 478 480 487 471 478 498 508 467 526 513 499 532 508 487 539 548 526 495 468 513 510 478 498 497 474 500 508 462 444 473 498 
vem trace:

stid: 419
spdistance: 864.529
radio trace:
447 480 487 517 481 456 457 433 462 430 418 433 432 431 455 484 503 483 450 439 407 388 409 436 500 492 475 468 466 471 463 538 499 459 452 459 456 485 463 441 444 427 436 468 482 505 461 478 484 456 502 502 419 454 458 475 529 473 459 438 450 457 450 423 421 403 442 513 536 529 531 500 489 480 517 529 479 437 417 440 477 445 421 447 525 481 454 467 460 454 434 469 494 506 504 485 463 459 437 415 445 429 444 462 430 482 511 466 511 470 479 484 442 448 477 435 425 426 433 416 415 462 447 466 524 481 475 488 430 428 451 438 435 435 432 464 450 507 486 489 471 492 459 434 451 419 480 466 431 392 433 443 455 463 461 460 432 475 463 481 474 481 530 525 492 436 402 428 488 484 452 476 500 504 457 463 453 454 457 498 500 488 522 507 452 422 414 446 493 454 463 473 515 485 456 478 476 484 487 499 499 522 578 510 513 478 474 460 435 445 432 436 437 453 510 503 508 494 471 430 439 494 467 489 474 472 453 410 408 449 479 503 484 512 486 476 470 455 446 473 479 452 487 465 467 435 469 427 459 428 458 476 512 465 470 472 464 471 486 478 473 454 451 459 513 527 538 538 511 485 497 519 517 461 469 481 479 512 527 507 434 435 440 457 479 477 483 506 457 459 505 496 423 425 404 410 414 479 451 466 480 457 444 435 422 419 467 464 489 447 451 451 473 476 466 426 444 457 468 456 464 476 474 490 502 435 430 422 458 454 431 417 446 461 516 498 480 471 479 427 441 427 401 440 449 416 459 433 444 481 491 481 468 487 499 502 508 439 490 500 500 480 495 503 509 545 496 483 499 468 440 458 449 402 404 415 454 454 423 462 462 474 458 465 503 486 483 475 484 486 448 477 459 488 481 460 470 430 451 498 483 498 489 492 486 426 391 479 500 451 462 461 451 477 510 482 480 493 502 513 431 423 445 430 464 468 441 485 437 409 457 448 436 455 489 507 505 471 481 461 453 465 497 495 478 492 512 500 439 447 454 471 462 495 464 450 434 437 438 456 469 465 452 464 431 450 475 494 488 463 468 478 473 497 509 525 505 515 482 463 427 461 465 475 524 520 542 476 466 496 462 470 493 475 455 494 496 503 514 520 500 479 443 430 479 498 442 427 452 484 497 477 472 482 476 519 470 430 468 488 518 495 510 478 505 478 479 469 451 451 464 448 435 435 451 457 413 446 426 420 431 462 463 471 432 451 413 408 450 464 476 452 468 445 455 447 478 479 465 437 388 445 478 431 456 472 501 480 455 474 481 478 453 415 460 480 441 444 437 482 457 471 475 478 459 495 471 481 476 457 488 508 493 501 517 510 471 392 388 432 500 503 499 438 400 430 421 420 476 458 424 473 499 513 503 488 468 519 491 514 460 459 449 484 482 458 459 485 466 450 466 464 480 478 454 454 487 487 461 514 527 471 452 486 470 506 482 452 363 432 442 441 449 439 410 424 442 467 505 490 501 508 462 516 560 492 528 519 482 478 427 433 443 453 446 475 505 458 453 445 418 441 458 458 497 448 436 433 480 465 422 465 433 394 404 427 425 403 392 417 425 443 460 458 445 465 492 467 437 441 478 512 517 478 468 500 527 490 457 458 459 469 484 501 481 440 488 485 460 431 438 481 471 430 429 403 436 467 453 425 404 446 445 435 460 437 442 437 422 456 478 443 478 489 495 513 536 494 518 497 422 432 424 424 406 437 494 484 
vem trace:

