SDId: 34731088
energy: 8.7937e+17
zenith: 0.38804
azimuth: 5.55689
GPSSeconc: 1126663664
stid: 333
spdistance: 775.324
radio trace:
408 424 433 433 406 387 406 438 441 438 426 413 440 437 448 474 461 429 442 454 454 455 450 478 473 459 451 440 427 403 451 451 458 443 441 415 401 404 381 407 415 443 438 392 428 394 413 450 452 450 430 429 434 423 424 440 451 430 422 374 398 435 443 426 407 459 456 408 430 415 454 438 421 428 436 448 434 453 452 448 418 436 474 466 457 465 460 456 448 426 418 413 467 458 466 442 449 439 441 437 447 413 410 433 418 375 387 440 446 437 437 457 456 468 426 413 415 386 391 450 412 415 407 403 422 430 386 405 390 417 412 437 463 455 453 458 426 448 437 405 436 414 440 430 451 437 436 432 439 468 472 460 408 401 393 414 439 444 429 428 437 480 486 461 473 433 429 443 466 450 447 438 413 404 404 403 395 371 372 398 439 418 419 467 446 456 461 445 455 420 435 424 422 437 440 447 435 475 453 453 471 437 436 434 438 407 422 419 429 440 418 435 441 454 435 435 443 453 436 440 465 458 437 438 443 448 444 450 452 428 412 414 438 445 402 428 434 416 391 383 422 443 435 425 429 466 442 413 445 469 443 453 446 429 407 393 382 412 424 396 420 434 401 370 404 422 413 438 447 437 491 488 474 497 467 446 451 450 458 436 425 446 438 475 491 503 453 432 409 434 480 460 430 464 472 426 431 439 410 420 425 408 412 404 370 363 403 407 403 436 430 437 388 384 410 446 462 462 467 444 447 453 450 457 453 407 405 423 424 454 440 451 477 445 444 417 414 435 470 437 425 434 428 450 443 450 422 432 416 415 392 373 436 414 406 419 421 420 423 402 431 423 402 437 475 444 426 438 456 448 454 435 426 423 423 422 411 421 429 459 437 405 407 454 457 448 437 394 442 404 403 409 415 422 423 408 413 425 441 413 419 443 432 424 429 418 411 402 370 390 404 411 444 432 425 445 443 457 454 438 440 456 446 465 452 471 467 448 431 471 491 485 451 402 421 444 425 406 461 453 442 441 407 407 413 457 422 422 450 410 404 428 434 415 401 403 396 464 476 442 472 477 466 450 447 480 481 465 438 440 443 429 401 415 441 439 456 473 470 457 422 416 424 449 436 420 435 459 457 459 468 462 464 466 446 447 449 417 414 426 407 407 412 404 425 429 419 446 446 458 442 425 397 401 444 446 426 409 437 444 440 425 418 426 476 448 439 476 456 444 425 454 441 443 421 456 425 401 408 413 410 429 444 428 395 441 476 446 422 415 425 436 400 381 399 390 434 444 441 423 418 417 427 430 435 439 491 470 452 464 471 470 414 413 394 417 410 434 417 434 431 418 417 440 428 402 413 428 446 407 364 410 435 437 439 433 434 409 434 466 445 455 467 437 403 415 468 432 432 431 435 443 431 410 410 443 436 399 408 387 414 460 467 448 415 436 425 432 454 437 453 440 436 451 436 418 389 393 385 389 408 418 435 438 427 423 408 418 412 388 433 474 464 465 471 476 473 469 453 457 457 441 419 433 435 415 417 419 422 432 451 449 432 422 428 445 466 456 449 435 439 454 437 437 411 414 432 435 403 406 416 454 446 426 453 481 476 463 453 477 454 459 467 470 438 432 446 457 413 437 403 388 374 392 411 430 443 446 420 403 418 425 421 413 413 445 468 463 481 469 444 413 436 448 414 448 463 447 459 449 434 432 418 433 416 415 410 428 414 446 466 467 431 439 419 388 418 431 437 455 446 443 454 425 439 476 484 457 
vem trace:

stid: 332
spdistance: 932.849
radio trace:
523 520 547 530 525 564 583 541 527 532 514 543 514 507 512 499 502 553 581 559 538 558 527 497 528 563 543 547 527 520 540 545 567 537 543 533 524 573 573 564 519 524 518 539 534 510 531 527 531 566 543 528 515 526 508 508 510 532 532 535 534 554 567 539 498 519 570 539 486 535 521 523 531 498 493 520 513 511 495 532 563 553 545 534 522 545 568 586 573 589 575 573 571 560 557 563 578 579 557 559 591 569 578 562 531 522 542 522 535 549 548 527 560 594 565 573 531 537 536 550 576 606 589 572 579 526 554 572 527 518 515 561 564 566 553 547 525 508 502 544 534 524 549 544 529 511 514 537 531 535 536 588 554 549 563 592 584 596 590 572 547 579 554 525 533 525 536 504 518 499 501 496 519 511 536 503 542 552 533 533 561 557 558 561 553 546 567 553 541 572 559 542 558 515 540 585 575 556 522 506 519 513 512 554 537 515 535 563 546 527 517 546 536 478 504 520 536 550 523 538 538 524 529 528 528 564 516 492 508 591 571 559 537 520 522 547 557 528 559 532 508 496 554 542 550 571 536 539 543 536 550 570 566 594 584 542 554 530 523 583 557 571 572 583 580 555 506 535 540 531 527 532 561 575 590 554 504 544 543 541 569 541 543 574 567 529 519 526 563 565 563 558 558 596 563 543 526 512 504 506 482 534 578 556 506 514 534 532 530 513 529 535 553 546 512 524 541 563 585 582 571 552 579 596 556 545 504 523 510 524 518 543 536 556 528 532 534 561 557 544 567 568 528 517 523 560 559 535 530 522 552 531 559 585 549 534 534 536 503 487 522 519 515 515 523 510 560 568 572 551 572 570 557 544 524 504 521 529 559 581 541 523 514 504 506 487 511 542 554 541 557 553 587 538 531 535 521 490 494 486 493 524 545 534 541 538 536 502 501 563 536 520 512 518 524 507 498 491 531 580 584 534 521 492 479 535 513 536 568 558 571 549 553 531 526 535 549 525 517 529 579 586 597 572 566 540 552 550 548 575 566 546 531 530 547 550 569 583 597 605 573 534 552 547 570 561 536 532 531 515 522 517 573 575 543 524 503 530 547 551 547 532 499 508 551 519 523 579 550 547 538 544 530 551 571 561 583 547 510 517 527 541 534 565 574 537 527 531 532 499 517 575 555 525 551 553 527 527 544 545 538 526 518 544 548 545 517 539 570 565 566 539 536 573 582 557 547 547 530 527 547 530 521 541 555 558 586 581 578 583 571 562 555 536 547 560 521 520 510 537 551 568 535 519 538 545 536 543 539 532 579 592 566 583 565 544 574 557 569 567 526 559 572 537 537 533 536 536 541 553 575 561 547 554 557 568 590 547 528 554 563 567 528 547 554 561 567 555 552 542 524 509 511 517 533 513 502 544 555 564 555 539 500 506 518 503 554 562 564 584 561 571 543 546 554 613 544 504 524 532 558 553 517 483 502 547 552 547 529 558 599 589 565 531 528 533 542 566 529 527 510 537 531 542 542 558 571 553 551 509 530 569 530 566 597 575 539 539 554 545 511 534 536 575 536 532 582 543 525 528 568 573 553 520 523 533 513 501 502 557 563 591 554 540 505 484 529 537 545 551 531 519 512 570 576 577 555 583 572 528 549 537 576 543 562 568 557 534 580 583 587 544 518 539 542 561 572 525 499 513 516 500 491 477 532 515 539 569 549 516 520 531 532 529 524 525 489 495 523 519 516 527 548 522 496 539 537 568 
vem trace:

