SDId: 34587821
energy: 3.12387e+17
zenith: 0.540719
azimuth: 1.89503
GPSSeconc: 1125921689
stid: 342
spdistance: 663.874
radio trace:
417 425 428 428 449 440 446 444 435 442 418 406 427 413 415 432 450 472 444 447 438 449 447 444 453 434 429 441 406 414 410 421 409 391 405 412 415 424 446 431 469 474 443 421 429 409 408 391 411 438 431 429 436 438 420 416 415 425 415 428 422 446 432 418 392 415 448 434 425 425 398 391 413 434 433 416 378 392 412 420 468 445 422 442 428 430 430 439 423 410 413 378 399 395 423 391 400 407 349 376 415 428 441 439 415 410 405 436 423 433 458 440 445 441 420 407 377 416 421 431 426 443 446 426 437 439 454 431 414 424 424 434 430 411 412 418 437 405 417 388 367 412 417 406 382 389 431 416 397 393 393 401 413 431 439 415 417 436 451 447 450 417 413 415 443 403 412 417 439 457 434 426 425 413 435 434 443 390 388 399 424 449 432 440 433 425 417 424 441 433 433 440 427 446 422 425 405 397 418 405 441 434 424 426 403 431 423 460 434 414 427 423 459 448 455 460 453 442 431 436 459 424 434 441 431 429 437 401 428 434 418 429 432 449 433 414 406 383 397 404 401 405 411 410 440 443 443 467 436 405 406 407 408 424 432 456 433 442 441 444 468 447 462 420 433 427 429 443 443 407 428 417 415 397 422 431 392 400 411 441 438 463 429 420 432 434 457 446 447 423 423 421 392 405 423 445 423 409 415 413 417 421 411 422 419 438 426 402 420 398 396 404 404 432 415 423 421 399 414 433 444 436 398 405 425 426 407 418 401 370 397 427 405 437 442 444 469 475 450 423 417 436 423 424 440 439 412 434 432 456 434 435 438 441 441 467 426 403 419 437 446 456 447 452 434 437 437 440 428 435 421 427 435 439 420 413 405 448 415 392 388 415 427 421 433 454 438 414 422 440 455 462 438 414 450 427 419 443 442 437 441 417 421 416 435 422 439 424 431 447 428 418 426 413 411 408 427 428 417 415 445 424 407 432 440 455 449 438 432 407 391 381 432 440 434 439 412 423 442 439 424 434 412 417 432 409 438 443 443 444 385 395 411 420 409 429 427 423 409 411 406 426 402 420 407 432 435 419 425 425 433 421 407 412 406 405 402 436 409 402 435 430 419 415 436 417 399 407 390 433 465 451 456 430 409 424 457 430 426 427 431 435 427 461 458 438 434 418 420 395 387 390 374 381 402 440 458 430 407 389 391 418 428 443 411 412 438 441 416 386 388 421 415 424 410 424 413 441 427 411 415 425 435 442 419 408 398 395 374 372 377 417 410 403 437 431 409 379 417 426 426 432 449 466 451 428 428 406 423 430 437 423 408 431 447 438 432 409 428 435 423 446 427 407 428 415 418 434 433 417 432 453 451 442 413 401 433 432 424 426 440 424 407 409 419 424 425 408 421 410 406 401 410 420 439 427 440 443 433 448 429 419 428 437 461 441 426 434 412 418 408 415 400 407 405 423 439 442 454 425 414 443 432 424 427 426 443 434 452 442 437 430 434 437 444 400 394 422 432 442 422 433 402 397 416 450 435 426 400 396 402 427 427 427 439 412 419 390 391 406 418 454 450 442 438 402 410 397 425 433 430 446 421 420 434 437 443 440 425 429 457 466 437 413 425 422 424 435 439 404 396 413 434 421 425 408 401 413 414 430 426 395 408 399 402 396 375 394 390 415 421 433 408 416 427 436 428 423 418 418 419 402 409 420 430 428 409 405 415 447 441 424 453 444 442 450 436 444 465 447 463 429 443 446 421 414 389 390 
vem trace:

stid: 341
spdistance: 816.687
radio trace:
494 486 446 462 484 485 487 526 478 484 459 459 473 514 489 481 495 500 513 502 467 429 488 533 506 507 503 517 495 493 500 465 472 486 494 483 497 525 530 508 465 517 536 512 543 518 464 467 500 538 503 496 502 506 497 502 454 480 515 534 543 537 506 538 503 469 526 512 496 530 516 512 538 543 500 484 495 506 470 550 557 539 510 502 488 494 522 469 471 465 465 471 505 527 511 519 493 471 445 471 481 531 529 519 526 520 515 517 530 529 528 515 483 485 498 526 510 504 529 514 535 564 523 529 489 468 504 496 486 533 557 536 504 492 509 528 517 504 510 517 499 494 493 482 496 507 509 502 532 533 537 504 483 484 514 540 528 498 429 426 523 542 528 499 496 457 492 501 470 477 501 457 464 465 487 477 468 449 425 453 485 519 500 510 478 460 501 490 486 500 528 533 534 531 522 523 513 520 492 473 459 519 553 522 496 474 492 530 520 540 518 510 494 498 485 493 508 483 496 456 507 558 534 487 467 464 490 484 499 502 498 471 487 502 487 477 481 522 490 479 466 523 535 570 546 527 518 494 470 510 466 452 442 465 492 484 502 529 512 525 510 514 521 526 516 553 554 560 522 484 514 498 474 511 465 449 419 463 500 518 503 465 481 440 477 505 527 530 542 530 545 508 511 540 561 531 490 499 489 463 464 444 452 501 514 513 531 539 500 499 459 489 534 561 516 509 523 510 517 494 525 514 450 450 498 513 489 501 476 471 491 507 522 506 488 471 466 462 479 495 505 480 498 489 537 528 494 449 450 484 459 503 520 509 484 511 524 506 520 491 491 467 466 489 503 506 490 522 507 505 515 500 476 486 476 467 486 489 462 497 531 524 516 508 497 499 470 511 509 477 484 482 493 533 528 503 514 490 486 507 498 484 463 501 521 535 500 465 491 532 536 521 509 512 483 506 473 518 516 462 490 505 510 541 560 536 497 478 501 475 479 500 473 451 470 485 490 489 489 477 500 509 498 492 477 483 521 495 494 502 498 500 544 531 505 507 531 518 490 513 493 511 513 505 554 519 492 532 532 530 550 526 501 520 502 498 500 485 525 521 501 507 535 541 510 525 543 493 496 464 450 460 503 492 499 508 497 500 536 531 512 557 532 542 515 509 523 549 586 567 508 447 510 493 526 506 467 447 480 468 451 491 499 490 474 500 508 488 548 556 543 498 525 499 487 485 458 501 509 525 553 491 513 523 519 514 519 511 497 539 512 453 468 497 502 516 508 521 519 529 505 499 529 545 535 530 527 465 453 474 455 506 526 532 498 489 496 548 575 626 546 542 509 496 539 548 542 529 527 510 510 503 474 454 476 467 466 449 498 510 458 494 505 519 470 466 487 475 478 492 519 546 549 521 500 486 497 493 474 466 480 515 556 535 524 527 539 551 524 490 461 455 501 511 483 512 494 504 456 462 456 478 493 518 495 519 496 454 485 468 478 464 477 480 507 505 496 515 500 509 501 495 515 493 505 524 503 459 500 480 497 516 498 496 481 493 540 552 554 513 483 476 473 485 498 487 479 494 480 473 475 486 487 483 477 465 485 499 466 464 475 491 500 481 505 501 503 499 474 461 506 511 519 513 493 472 479 519 518 495 531 531 477 485 505 536 515 491 472 487 532 528 535 488 502 505 505 519 556 537 566 514 560 566 479 456 445 462 449 472 470 490 466 488 541 530 510 466 458 466 490 494 518 556 521 513 536 552 
vem trace:

stid: 341
spdistance: 816.687
radio trace:
494 486 446 462 484 485 487 526 478 484 459 459 473 514 489 481 495 500 513 502 467 429 488 533 506 507 503 517 495 493 500 465 472 486 494 483 497 525 530 508 465 517 536 512 543 518 464 467 500 538 503 496 502 506 497 502 454 480 515 534 543 537 506 538 503 469 526 512 496 530 516 512 538 543 500 484 495 506 470 550 557 539 510 502 488 494 522 469 471 465 465 471 505 527 511 519 493 471 445 471 481 531 529 519 526 520 515 517 530 529 528 515 483 485 498 526 510 504 529 514 535 564 523 529 489 468 504 496 486 533 557 536 504 492 509 528 517 504 510 517 499 494 493 482 496 507 509 502 532 533 537 504 483 484 514 540 528 498 429 426 523 542 528 499 496 457 492 501 470 477 501 457 464 465 487 477 468 449 425 453 485 519 500 510 478 460 501 490 486 500 528 533 534 531 522 523 513 520 492 473 459 519 553 522 496 474 492 530 520 540 518 510 494 498 485 493 508 483 496 456 507 558 534 487 467 464 490 484 499 502 498 471 487 502 487 477 481 522 490 479 466 523 535 570 546 527 518 494 470 510 466 452 442 465 492 484 502 529 512 525 510 514 521 526 516 553 554 560 522 484 514 498 474 511 465 449 419 463 500 518 503 465 481 440 477 505 527 530 542 530 545 508 511 540 561 531 490 499 489 463 464 444 452 501 514 513 531 539 500 499 459 489 534 561 516 509 523 510 517 494 525 514 450 450 498 513 489 501 476 471 491 507 522 506 488 471 466 462 479 495 505 480 498 489 537 528 494 449 450 484 459 503 520 509 484 511 524 506 520 491 491 467 466 489 503 506 490 522 507 505 515 500 476 486 476 467 486 489 462 497 531 524 516 508 497 499 470 511 509 477 484 482 493 533 528 503 514 490 486 507 498 484 463 501 521 535 500 465 491 532 536 521 509 512 483 506 473 518 516 462 490 505 510 541 560 536 497 478 501 475 479 500 473 451 470 485 490 489 489 477 500 509 498 492 477 483 521 495 494 502 498 500 544 531 505 507 531 518 490 513 493 511 513 505 554 519 492 532 532 530 550 526 501 520 502 498 500 485 525 521 501 507 535 541 510 525 543 493 496 464 450 460 503 492 499 508 497 500 536 531 512 557 532 542 515 509 523 549 586 567 508 447 510 493 526 506 467 447 480 468 451 491 499 490 474 500 508 488 548 556 543 498 525 499 487 485 458 501 509 525 553 491 513 523 519 514 519 511 497 539 512 453 468 497 502 516 508 521 519 529 505 499 529 545 535 530 527 465 453 474 455 506 526 532 498 489 496 548 575 626 546 542 509 496 539 548 542 529 527 510 510 503 474 454 476 467 466 449 498 510 458 494 505 519 470 466 487 475 478 492 519 546 549 521 500 486 497 493 474 466 480 515 556 535 524 527 539 551 524 490 461 455 501 511 483 512 494 504 456 462 456 478 493 518 495 519 496 454 485 468 478 464 477 480 507 505 496 515 500 509 501 495 515 493 505 524 503 459 500 480 497 516 498 496 481 493 540 552 554 513 483 476 473 485 498 487 479 494 480 473 475 486 487 483 477 465 485 499 466 464 475 491 500 481 505 501 503 499 474 461 506 511 519 513 493 472 479 519 518 495 531 531 477 485 505 536 515 491 472 487 532 528 535 488 502 505 505 519 556 537 566 514 560 566 479 456 445 462 449 472 470 490 466 488 541 530 510 466 458 466 490 494 518 556 521 513 536 552 
vem trace:

stid: 343
spdistance: 1100.09
radio trace:
502 486 493 492 450 469 460 452 470 480 472 489 452 458 451 453 461 471 451 443 443 441 476 489 453 470 467 478 478 496 487 484 496 487 485 469 483 460 475 473 473 470 448 405 407 444 450 451 457 489 486 469 456 477 486 486 496 470 471 472 465 470 509 487 463 430 455 452 456 468 474 471 454 461 464 451 449 477 473 476 499 489 464 494 485 481 493 485 462 461 473 455 458 457 454 437 444 472 488 453 462 474 480 443 458 473 456 465 465 444 443 461 471 438 440 447 451 467 469 480 430 432 454 427 456 453 439 449 489 481 480 472 497 507 518 463 469 502 485 499 460 472 488 505 463 464 475 473 485 468 464 477 464 482 481 485 443 474 492 497 492 500 492 497 503 496 479 446 440 460 463 462 484 500 477 503 512 497 496 468 464 454 454 493 505 473 476 488 486 458 469 441 448 427 454 479 477 461 449 446 451 460 470 476 487 460 473 455 452 485 487 478 475 478 505 534 507 495 455 458 494 482 475 485 490 475 478 475 440 466 510 486 480 467 481 494 470 483 473 476 488 468 490 475 472 485 460 462 482 480 489 483 484 475 472 466 466 444 438 451 444 453 491 480 474 451 454 456 471 468 464 463 492 497 510 483 457 472 495 469 474 497 487 459 455 457 483 457 485 468 486 466 480 449 455 451 470 475 477 488 486 503 494 499 488 462 461 457 452 472 451 470 479 468 448 442 494 478 497 480 484 505 484 466 475 492 476 428 407 408 425 471 482 501 487 487 492 482 441 444 456 448 438 466 486 474 471 470 476 486 483 471 484 464 457 491 505 478 481 461 449 439 443 446 449 462 469 455 473 483 472 469 459 450 459 471 459 459 497 507 469 496 490 491 473 481 485 484 491 477 480 492 479 468 479 459 484 471 468 485 468 462 480 497 483 480 479 472 471 473 456 482 495 473 463 456 472 482 475 447 473 498 510 530 492 483 498 490 502 472 466 462 454 444 438 450 473 450 475 486 464 461 482 481 449 452 477 464 486 475 472 487 482 485 477 468 471 485 488 460 482 464 466 477 478 476 488 501 500 512 490 437 424 428 434 446 448 453 426 446 447 457 488 468 467 484 467 467 491 469 461 480 462 435 477 492 499 471 447 430 432 444 435 428 419 426 450 485 485 488 488 461 476 481 457 458 474 471 493 469 496 479 463 455 462 483 482 464 475 443 437 463 466 466 461 477 481 507 483 464 455 469 455 466 477 456 461 454 464 476 507 499 479 497 489 476 461 448 428 436 461 449 422 445 443 460 487 469 463 468 443 446 444 473 500 518 516 474 460 446 473 487 482 475 473 471 465 485 483 486 470 482 479 464 478 469 451 430 466 452 476 504 485 491 484 465 458 449 464 485 488 485 468 482 478 462 465 497 504 495 507 492 480 466 462 443 457 472 484 481 475 467 451 465 458 495 488 488 481 457 472 462 497 459 482 455 478 509 507 474 472 451 446 484 475 464 473 476 473 445 464 488 475 461 479 497 484 481 455 469 476 477 452 484 503 476 480 480 479 486 480 486 492 451 460 456 453 469 467 446 463 473 475 474 461 441 450 463 421 442 493 487 469 483 472 476 482 482 519 474 482 470 498 487 473 454 459 442 451 471 485 481 473 460 457 464 456 488 482 467 480 457 454 478 492 476 481 487 485 501 480 486 492 507 484 488 468 450 451 450 449 445 465 497 473 485 511 481 483 473 488 484 458 483 504 459 445 438 
vem trace:

