SDId: 34507167
energy: 3.41032e+17
zenith: 0.527926
azimuth: 3.61677
GPSSeconc: 1125302224
stid: 342
spdistance: 763.844
radio trace:
411 405 435 430 436 450 446 447 436 428 434 373 387 396 402 405 406 409 412 410 406 430 438 420 382 360 383 414 424 397 392 400 418 418 422 426 427 430 392 424 426 440 435 422 429 427 425 422 391 376 373 398 390 416 419 414 415 401 433 430 435 430 432 386 400 390 380 415 407 401 424 427 425 414 429 413 382 395 400 389 394 403 386 397 438 406 409 427 423 409 369 357 387 414 425 443 416 400 390 379 417 421 414 425 456 443 417 406 420 424 420 386 384 405 403 393 400 391 422 415 428 434 417 433 473 456 438 438 425 389 375 381 397 424 429 450 440 426 421 416 378 379 392 416 413 404 412 428 425 406 412 421 433 444 416 405 396 399 421 439 425 409 381 384 396 384 390 395 413 431 444 431 436 446 435 387 379 395 389 377 405 436 444 416 442 402 396 402 401 399 396 415 390 405 421 415 432 429 417 414 401 425 427 439 435 433 423 426 443 428 434 420 415 398 402 386 405 439 413 374 423 442 446 442 424 383 388 404 420 419 407 382 378 405 405 415 414 401 380 390 408 414 430 416 420 400 400 419 420 425 425 405 416 396 367 382 404 392 390 413 441 423 412 434 424 429 389 393 429 442 420 444 441 428 436 447 450 420 407 387 363 395 407 422 427 405 369 355 350 345 377 384 386 381 392 417 417 434 426 400 407 418 428 409 425 431 416 388 407 391 410 418 432 416 395 407 389 387 384 398 413 413 422 407 410 404 407 418 415 424 396 384 393 398 414 427 395 414 425 396 377 404 407 389 362 335 344 391 425 430 449 446 443 428 410 392 396 401 439 446 429 407 417 458 447 452 436 406 380 408 417 427 438 435 447 437 421 406 421 426 428 414 420 393 419 401 405 403 426 405 401 391 394 399 392 406 426 445 419 393 381 361 386 391 388 415 438 420 419 395 425 433 429 416 420 407 417 412 434 413 417 423 426 426 382 386 422 420 402 446 459 426 400 415 403 393 420 399 414 411 423 429 431 415 404 411 415 426 415 425 419 405 388 421 414 437 415 396 381 418 390 385 374 359 393 393 395 397 396 400 410 406 430 432 430 441 460 434 427 458 420 402 397 412 411 394 407 418 412 410 424 414 386 418 442 408 389 417 430 419 424 412 416 397 394 394 404 421 399 413 406 443 448 418 412 406 399 390 370 380 390 400 431 415 411 380 405 426 425 413 415 386 412 427 441 448 419 374 380 396 373 376 377 382 382 367 418 422 405 391 421 456 423 421 406 412 430 455 430 411 424 436 417 387 406 408 430 425 432 428 412 410 415 394 402 409 412 441 439 419 417 387 390 416 435 435 373 386 411 410 421 403 399 397 402 416 425 433 430 417 417 432 425 412 394 388 404 398 415 425 402 389 401 423 425 438 478 455 420 405 419 409 395 396 404 425 431 384 361 358 391 418 427 391 415 374 359 378 397 376 382 395 374 383 406 413 404 418 407 413 409 416 406 407 420 432 394 405 407 428 440 405 398 422 403 413 428 429 415 403 413 416 420 422 422 415 434 412 400 419 430 420 419 421 390 404 407 394 383 382 399 413 417 417 398 436 421 438 432 400 422 420 406 440 444 420 401 409 411 394 407 418 400 401 399 404 399 417 398 408 398 372 394 420 408 397 374 391 410 410 426 417 423 395 417 419 417 430 415 433 403 380 399 404 399 430 419 415 407 391 391 397 404 397 371 395 408 403 390 380 404 385 384 377 415 418 399 389 
vem trace:

stid: 419
spdistance: 869.403
radio trace:
441 443 443 447 445 458 425 446 425 464 490 478 456 422 394 446 474 493 464 466 484 462 461 412 354 371 450 454 429 446 420 384 399 411 411 420 441 442 416 403 385 410 400 421 468 464 402 440 438 454 455 461 476 471 474 514 522 478 470 479 430 474 447 406 441 451 450 455 489 494 487 489 475 495 480 510 472 407 386 415 416 426 445 473 462 419 441 422 421 444 431 439 424 432 460 485 433 442 431 455 422 405 462 443 420 424 419 433 452 496 454 462 486 473 451 455 465 463 419 401 412 395 438 438 424 453 428 440 450 459 475 431 440 447 451 448 463 422 459 450 455 485 493 503 506 515 493 431 442 438 399 426 461 473 478 483 484 452 428 447 440 435 435 373 386 393 429 443 449 470 493 468 491 464 433 408 414 412 459 440 429 400 400 424 440 464 437 438 446 475 496 489 461 425 433 441 440 426 402 443 460 479 454 432 430 423 414 436 430 415 448 444 456 492 464 484 429 477 496 502 451 450 437 452 462 432 407 417 411 432 470 478 482 479 461 433 437 448 450 458 432 419 398 418 475 446 408 426 358 421 407 423 430 457 431 448 395 402 440 466 491 467 489 487 435 377 414 441 473 461 431 386 428 440 466 476 501 501 444 482 496 434 419 421 463 455 426 469 466 485 469 472 483 492 496 485 414 408 418 386 388 372 377 399 414 412 427 416 428 441 449 429 424 499 500 506 428 435 446 439 451 415 402 439 487 407 397 445 456 450 421 463 468 430 390 396 447 468 426 408 444 441 409 374 381 459 508 465 421 408 412 379 422 408 421 426 443 378 426 472 470 443 463 468 495 484 449 446 456 439 398 435 416 410 446 425 451 464 389 381 450 470 513 493 468 464 429 401 418 420 448 452 449 470 488 486 434 471 483 513 496 443 482 492 451 455 503 472 489 466 528 478 447 461 456 484 479 437 436 454 438 430 410 429 404 429 468 454 433 406 391 420 431 461 456 446 485 489 440 412 476 490 482 464 398 429 442 448 398 432 434 451 437 435 461 420 429 387 370 388 446 471 469 426 427 435 454 489 462 453 434 430 447 424 422 412 465 456 424 404 453 435 379 393 422 414 435 478 457 451 422 459 449 408 431 453 436 420 446 465 426 418 423 405 450 445 427 434 471 485 469 491 471 447 452 439 450 469 432 431 493 422 415 480 493 513 475 445 458 443 434 485 477 492 431 424 417 436 401 424 417 436 415 433 435 453 456 448 457 487 472 441 474 460 448 435 443 460 427 429 404 413 427 438 442 476 487 493 455 502 487 497 465 482 448 420 449 437 437 443 462 439 412 396 403 452 452 447 469 461 420 430 478 455 491 482 455 455 472 443 431 445 384 392 429 443 454 457 455 484 481 476 492 464 448 431 444 461 495 457 484 482 431 430 440 443 463 447 406 405 420 445 454 451 433 419 410 450 460 438 471 459 400 401 404 469 480 469 459 487 463 413 414 431 421 465 479 502 497 490 441 420 428 441 419 405 431 424 464 428 430 469 465 454 486 497 475 462 458 448 424 418 412 418 436 472 452 451 390 418 488 499 530 491 467 488 469 508 518 461 454 475 488 468 392 445 424 432 454 468 436 443 444 451 459 442 447 444 446 463 463 450 459 468 475 490 434 424 445 410 481 496 483 466 451 403 415 421 427 422 447 458 445 424 429 423 418 438 428 461 477 449 437 446 398 377 395 428 477 453 442 482 432 461 491 471 417 414 
vem trace:

