SDId: 34488622
energy: 3.80276e+17
zenith: 0.120612
azimuth: 0.732222
GPSSeconc: 1125174672
stid: 343
spdistance: 786.345
radio trace:
470 474 509 496 513 498 488 500 506 473 453 458 477 489 502 501 492 475 492 426 451 468 504 497 475 502 506 532 498 497 489 499 508 524 518 503 486 481 476 439 454 458 467 478 490 484 495 481 461 490 495 506 509 476 454 479 476 447 471 497 493 496 497 522 524 527 500 472 477 492 484 501 523 532 513 493 488 480 461 472 469 465 479 486 512 508 486 490 489 492 481 495 488 491 481 491 499 492 472 495 479 503 506 497 478 492 482 497 510 521 493 492 484 466 482 472 455 468 480 489 481 511 495 474 505 501 485 486 489 470 453 460 483 497 494 456 462 470 499 503 499 496 501 502 539 527 527 501 470 483 516 492 477 500 491 521 489 473 476 455 487 476 483 467 497 512 523 526 508 506 501 489 482 488 482 485 471 476 487 479 493 469 478 510 495 467 474 493 492 457 454 455 468 460 456 463 485 473 490 490 470 454 448 464 498 525 511 478 493 501 485 479 500 493 491 477 471 461 468 468 472 472 487 492 521 500 464 468 468 481 476 492 467 490 488 495 496 466 482 488 470 460 489 502 495 481 491 482 466 473 502 500 490 498 485 479 514 483 480 495 488 467 481 484 516 498 498 479 494 487 485 483 453 481 481 489 497 506 477 489 492 473 467 459 466 457 486 466 473 434 461 463 473 484 513 496 493 504 514 505 490 484 479 479 480 480 479 465 484 482 527 527 500 489 492 510 498 469 466 496 462 486 495 491 506 495 498 494 475 477 460 457 437 444 480 487 485 472 489 487 481 484 499 502 501 509 503 491 516 517 503 500 487 494 470 465 476 502 486 497 496 502 509 490 491 490 471 465 476 491 502 533 515 523 517 506 500 497 483 504 478 461 475 502 496 501 487 509 500 476 485 475 500 506 476 472 481 522 475 490 501 504 482 476 484 503 514 498 467 482 481 462 466 446 422 462 481 445 442 457 473 456 460 466 482 492 499 501 508 479 468 498 519 505 501 512 500 478 488 483 467 458 488 484 463 460 466 477 460 470 474 478 456 459 489 481 486 485 498 496 488 489 484 483 498 485 473 459 485 508 515 521 521 514 523 499 530 503 484 514 499 502 498 509 520 495 476 448 462 486 512 492 476 475 471 465 480 516 526 529 526 494 501 505 501 472 480 480 471 476 474 488 491 485 508 476 467 500 518 531 540 496 493 472 483 468 485 488 506 521 484 508 491 465 476 491 481 492 489 474 475 497 493 495 510 502 495 466 459 454 454 480 496 496 479 480 474 468 498 485 463 479 476 456 469 494 489 500 486 482 476 441 477 486 496 513 489 464 487 483 476 503 507 520 505 512 501 511 501 497 490 472 474 481 515 474 473 502 507 494 501 496 508 516 503 496 480 493 500 451 451 485 492 498 496 481 484 490 496 479 473 463 472 473 493 472 473 472 481 478 471 475 479 510 504 495 491 474 500 483 497 516 483 485 501 481 481 495 486 487 483 495 481 476 482 468 480 507 501 489 459 447 464 483 485 487 490 467 472 466 480 526 484 485 481 502 489 502 500 516 474 492 496 487 504 499 486 500 500 499 505 476 501 508 513 481 498 519 489 470 489 475 481 488 506 525 504 485 485 486 505 476 486 500 500 515 524 499 503 499 492 508 479 488 471 479 442 447 473 518 492 510 516 498 504 470 470 460 463 470 496 481 498 499 519 499 477 486 430 475 490 492 473 489 496 477 486 487 450 458 476 502 498 503 496 495 455 465 
vem trace:

stid: 341
spdistance: 957.649
radio trace:
541 479 474 533 529 535 557 573 601 559 580 583 530 502 477 499 549 536 541 570 535 565 521 510 543 550 575 562 532 553 560 542 532 560 571 569 528 502 481 513 500 499 515 546 586 560 532 576 571 543 539 514 512 532 554 577 563 575 535 531 509 514 496 499 495 527 507 509 495 510 537 567 568 568 569 551 543 560 540 526 520 535 552 541 563 522 539 566 575 538 545 542 555 514 515 576 593 603 573 547 552 567 565 547 573 552 509 492 521 555 529 541 518 539 557 567 583 591 579 548 533 542 486 539 540 584 614 591 565 585 576 566 568 513 493 499 522 569 549 516 526 516 522 541 523 555 597 631 577 482 481 505 525 533 517 540 551 542 524 517 515 537 571 551 544 580 565 515 516 508 507 516 545 540 516 536 549 543 525 506 486 502 521 513 515 508 493 516 528 553 575 561 464 512 538 562 566 561 559 534 578 565 582 568 514 521 532 550 515 508 539 552 546 555 525 510 513 520 508 519 530 535 511 526 554 555 515 514 511 522 504 537 516 541 548 547 506 477 511 569 571 519 535 520 550 574 571 541 532 536 581 535 523 539 512 483 499 519 549 556 548 547 531 551 561 559 576 544 567 564 551 577 570 575 543 526 535 521 526 535 512 574 549 521 515 570 570 537 542 542 520 515 520 565 548 532 522 541 568 588 586 542 513 532 594 585 553 551 571 575 563 509 528 572 609 573 539 563 543 526 539 536 536 556 514 535 566 560 562 548 513 480 536 537 537 508 499 515 539 532 559 527 492 495 532 566 605 601 562 534 542 532 509 526 466 503 512 530 534 549 602 576 548 540 534 549 523 498 544 560 564 567 549 547 592 592 560 547 537 525 512 524 482 492 509 508 524 545 550 574 578 559 554 542 541 500 506 483 473 467 475 496 489 525 496 523 548 557 577 549 539 527 544 560 582 578 587 563 533 522 559 557 557 550 519 539 538 516 536 566 567 582 533 531 565 569 551 562 543 506 491 493 529 541 515 540 512 504 494 502 533 539 578 569 571 565 511 548 573 592 568 523 543 546 553 571 583 571 532 529 477 479 459 507 528 582 618 580 535 516 550 516 511 485 493 525 572 553 549 538 515 515 541 519 475 477 482 571 596 590 573 545 575 539 518 526 520 484 475 491 513 526 518 538 564 596 570 572 527 522 535 551 521 518 526 517 537 569 557 549 559 557 539 518 534 545 514 489 503 542 578 572 582 555 545 572 550 534 573 563 549 544 585 572 553 586 523 521 524 545 569 563 548 552 502 518 551 545 527 528 511 517 575 540 496 545 585 586 554 499 492 488 490 538 553 581 586 600 593 552 537 530 503 518 527 564 579 588 582 516 528 523 533 527 504 521 522 516 505 513 526 499 506 528 531 564 572 540 532 560 575 558 590 576 560 562 577 531 550 574 562 546 535 527 512 521 522 547 539 569 563 548 563 542 538 546 505 503 565 580 570 558 556 555 532 544 557 562 512 488 508 532 505 517 525 491 522 560 537 536 521 511 486 496 591 600 578 549 541 479 502 510 511 545 540 555 523 491 494 510 558 543 524 485 537 535 568 520 509 523 554 569 549 543 527 549 575 587 575 551 519 545 586 541 580 573 581 514 495 473 502 567 543 543 509 486 521 527 529 541 551 569 565 550 536 557 552 553 521 524 549 552 549 577 512 487 485 513 548 573 559 562 512 544 604 596 560 549 536 548 564 560 551 548 536 542 543 529 
vem trace:

stid: 341
spdistance: 957.649
radio trace:
541 479 474 533 529 535 557 573 601 559 580 583 530 502 477 499 549 536 541 570 535 565 521 510 543 550 575 562 532 553 560 542 532 560 571 569 528 502 481 513 500 499 515 546 586 560 532 576 571 543 539 514 512 532 554 577 563 575 535 531 509 514 496 499 495 527 507 509 495 510 537 567 568 568 569 551 543 560 540 526 520 535 552 541 563 522 539 566 575 538 545 542 555 514 515 576 593 603 573 547 552 567 565 547 573 552 509 492 521 555 529 541 518 539 557 567 583 591 579 548 533 542 486 539 540 584 614 591 565 585 576 566 568 513 493 499 522 569 549 516 526 516 522 541 523 555 597 631 577 482 481 505 525 533 517 540 551 542 524 517 515 537 571 551 544 580 565 515 516 508 507 516 545 540 516 536 549 543 525 506 486 502 521 513 515 508 493 516 528 553 575 561 464 512 538 562 566 561 559 534 578 565 582 568 514 521 532 550 515 508 539 552 546 555 525 510 513 520 508 519 530 535 511 526 554 555 515 514 511 522 504 537 516 541 548 547 506 477 511 569 571 519 535 520 550 574 571 541 532 536 581 535 523 539 512 483 499 519 549 556 548 547 531 551 561 559 576 544 567 564 551 577 570 575 543 526 535 521 526 535 512 574 549 521 515 570 570 537 542 542 520 515 520 565 548 532 522 541 568 588 586 542 513 532 594 585 553 551 571 575 563 509 528 572 609 573 539 563 543 526 539 536 536 556 514 535 566 560 562 548 513 480 536 537 537 508 499 515 539 532 559 527 492 495 532 566 605 601 562 534 542 532 509 526 466 503 512 530 534 549 602 576 548 540 534 549 523 498 544 560 564 567 549 547 592 592 560 547 537 525 512 524 482 492 509 508 524 545 550 574 578 559 554 542 541 500 506 483 473 467 475 496 489 525 496 523 548 557 577 549 539 527 544 560 582 578 587 563 533 522 559 557 557 550 519 539 538 516 536 566 567 582 533 531 565 569 551 562 543 506 491 493 529 541 515 540 512 504 494 502 533 539 578 569 571 565 511 548 573 592 568 523 543 546 553 571 583 571 532 529 477 479 459 507 528 582 618 580 535 516 550 516 511 485 493 525 572 553 549 538 515 515 541 519 475 477 482 571 596 590 573 545 575 539 518 526 520 484 475 491 513 526 518 538 564 596 570 572 527 522 535 551 521 518 526 517 537 569 557 549 559 557 539 518 534 545 514 489 503 542 578 572 582 555 545 572 550 534 573 563 549 544 585 572 553 586 523 521 524 545 569 563 548 552 502 518 551 545 527 528 511 517 575 540 496 545 585 586 554 499 492 488 490 538 553 581 586 600 593 552 537 530 503 518 527 564 579 588 582 516 528 523 533 527 504 521 522 516 505 513 526 499 506 528 531 564 572 540 532 560 575 558 590 576 560 562 577 531 550 574 562 546 535 527 512 521 522 547 539 569 563 548 563 542 538 546 505 503 565 580 570 558 556 555 532 544 557 562 512 488 508 532 505 517 525 491 522 560 537 536 521 511 486 496 591 600 578 549 541 479 502 510 511 545 540 555 523 491 494 510 558 543 524 485 537 535 568 520 509 523 554 569 549 543 527 549 575 587 575 551 519 545 586 541 580 573 581 514 495 473 502 567 543 543 509 486 521 527 529 541 551 569 565 550 536 557 552 553 521 524 549 552 549 577 512 487 485 513 548 573 559 562 512 544 604 596 560 549 536 548 564 560 551 548 536 542 543 529 
vem trace:

