SDId: 34573251
energy: 8.31305e+17
zenith: 0.333818
azimuth: 3.81163
GPSSeconc: 1125842205
stid: 419
spdistance: 620.69
radio trace:
496 453 446 462 448 454 435 422 466 441 463 483 466 413 458 457 424 456 455 456 424 415 405 423 432 414 379 408 430 430 432 415 397 459 425 422 464 517 503 450 463 497 433 436 463 446 398 458 470 461 442 396 422 442 468 471 494 480 450 432 405 438 475 505 449 421 412 441 448 477 420 440 461 448 492 476 475 528 511 474 483 468 471 445 453 431 470 435 417 436 444 456 420 414 462 435 422 442 435 405 469 529 503 469 455 462 482 478 447 464 478 468 495 526 461 480 477 420 419 490 479 485 470 420 457 471 482 473 430 426 456 428 432 442 436 458 451 487 443 411 416 392 430 460 453 438 479 476 429 477 485 464 491 486 433 435 442 442 447 462 396 397 417 381 388 427 432 461 478 443 489 464 482 525 463 483 418 411 417 434 413 439 493 401 394 412 411 424 464 423 474 486 460 427 438 453 454 443 450 458 468 432 448 453 430 416 447 430 422 422 424 458 450 398 389 393 406 430 475 470 476 478 436 491 488 439 409 464 443 463 427 422 392 476 470 476 446 444 494 480 450 480 442 463 472 467 440 447 438 486 420 435 434 421 422 435 417 413 426 435 471 462 475 488 488 427 383 382 414 449 430 416 448 445 437 464 473 439 454 480 458 490 496 436 466 454 461 414 412 418 406 419 419 429 432 431 465 452 454 457 437 464 461 445 447 429 423 409 387 384 467 454 448 415 434 476 470 460 512 506 493 425 453 454 442 427 432 494 471 413 432 438 476 541 523 504 471 455 444 418 450 441 469 479 444 468 467 474 447 436 454 438 402 437 481 453 460 487 447 476 475 438 412 404 420 492 491 496 478 411 436 442 459 500 460 479 477 444 441 446 446 408 433 476 510 490 459 416 391 419 463 469 474 459 470 535 502 446 419 427 484 493 438 419 431 443 461 472 428 387 444 461 454 487 511 479 444 429 424 430 418 461 479 428 442 493 487 482 439 456 441 408 456 492 460 493 438 458 479 474 483 496 437 405 393 393 474 453 454 442 442 488 537 488 478 478 463 442 426 404 420 477 490 528 446 405 402 415 440 440 461 461 424 449 426 479 459 484 465 449 440 465 430 460 441 443 484 468 490 493 473 424 452 449 455 430 421 436 443 425 375 375 407 467 484 520 510 460 455 470 456 479 470 453 502 501 465 458 449 481 501 481 448 471 491 471 457 438 431 453 453 455 437 444 433 416 428 469 457 439 431 449 461 490 495 452 438 459 471 479 516 478 439 455 458 439 434 452 409 441 443 485 471 495 463 440 388 366 417 433 431 424 393 424 476 436 415 424 444 437 411 411 417 426 418 407 373 392 419 423 412 457 461 483 503 455 461 470 476 432 417 432 445 489 494 463 402 442 486 455 432 437 400 422 462 475 472 468 466 476 464 438 455 424 434 455 452 456 459 409 403 442 439 445 441 472 469 477 478 477 422 439 408 473 482 444 425 437 435 404 399 407 382 417 474 446 422 423 422 452 463 475 459 475 487 480 472 478 428 452 466 416 404 412 355 350 394 399 431 479 481 461 449 447 475 495 465 448 406 415 401 428 428 436 443 463 508 501 506 469 421 489 466 462 434 428 457 459 502 460 443 475 496 500 442 434 494 463 417 445 434 452 460 433 471 420 435 462 445 441 415 442 401 390 435 464 431 455 447 460 437 440 451 445 417 394 410 419 420 461 466 495 485 479 443 449 468 447 443 420 454 477 471 446 463 476 505 510 
vem trace:

stid: 342
spdistance: 949.343
radio trace:
403 418 429 422 410 418 416 392 382 400 423 427 394 408 430 420 404 404 402 426 431 439 412 398 393 427 420 411 383 399 415 408 430 377 400 379 411 409 414 399 391 404 422 429 412 443 448 442 416 463 456 456 437 416 393 376 404 440 433 440 431 398 399 424 405 399 400 403 433 453 404 397 421 434 407 385 404 386 387 410 386 403 417 412 435 420 445 412 423 420 430 435 436 435 440 424 430 421 397 360 381 401 454 455 424 383 387 407 396 420 435 427 418 428 454 428 421 429 416 403 375 394 423 435 416 429 420 417 420 409 412 405 395 398 417 428 421 435 431 402 390 433 454 471 453 448 430 396 401 420 397 429 447 466 421 412 400 430 422 434 437 434 417 377 386 390 375 389 430 412 409 385 429 444 426 424 440 442 409 417 414 420 399 387 410 438 436 405 401 407 414 432 405 386 397 393 425 434 404 385 383 406 411 408 375 412 439 410 440 430 429 419 415 420 448 447 407 422 402 394 420 438 441 424 414 392 422 396 411 392 379 380 409 441 454 423 404 420 442 426 411 427 421 424 405 393 392 426 397 404 405 396 372 386 401 379 372 403 416 398 384 430 435 415 427 420 422 426 446 423 422 425 414 447 420 443 435 446 410 417 390 392 411 418 435 391 392 350 382 400 393 406 411 398 406 422 422 396 367 355 384 418 422 381 426 431 419 436 440 446 439 432 405 401 417 424 404 413 442 419 386 381 392 383 379 403 422 421 424 387 418 436 419 431 441 452 429 427 431 399 432 465 419 418 421 451 419 387 410 413 433 443 447 434 436 413 432 395 402 368 398 429 409 398 400 400 432 420 420 421 414 377 408 433 427 402 386 411 409 422 417 424 417 422 427 388 392 440 425 420 400 422 414 425 417 424 422 400 392 398 382 385 420 405 433 438 406 415 414 387 384 400 440 400 403 439 427 461 446 426 411 390 371 388 385 392 414 387 418 419 402 390 394 389 397 420 420 441 440 434 421 431 420 426 430 463 432 398 415 429 422 399 423 398 410 397 390 419 418 407 405 403 430 433 383 414 406 408 403 388 417 415 398 408 423 413 406 405 422 436 420 416 426 391 380 388 383 397 416 432 419 399 399 430 406 430 451 444 441 416 395 386 391 391 374 387 366 389 418 429 396 396 415 438 432 451 444 429 397 418 385 384 396 394 425 427 442 421 425 417 418 414 418 427 418 434 441 417 396 407 398 397 389 418 437 470 496 445 444 406 391 389 415 404 400 401 426 455 449 415 406 393 351 372 377 392 403 396 403 394 394 404 399 414 411 425 412 389 403 404 415 426 436 432 414 412 421 410 402 415 416 410 407 430 427 421 416 423 420 433 426 431 430 417 436 447 425 415 382 359 391 399 414 428 419 430 421 446 456 458 475 464 444 429 424 420 447 438 424 449 440 421 434 441 425 420 384 393 406 430 451 415 370 371 398 406 379 399 420 416 403 414 437 457 456 425 420 443 427 383 370 397 420 437 447 446 443 446 434 386 404 413 423 435 439 442 418 427 422 437 430 396 432 429 426 448 459 482 447 451 403 404 429 424 436 443 423 389 408 416 416 412 397 414 410 410 425 446 444 430 436 416 406 385 378 411 406 464 446 426 450 415 427 446 452 444 402 404 412 414 441 448 423 412 411 422 425 410 391 414 389 381 422 414 410 396 414 413 410 420 406 420 417 424 445 410 371 368 385 424 449 444 448 429 436 429 431 429 
vem trace:

