SDId: 34493888
energy: 3.83128e+17
zenith: 0.675685
azimuth: 3.19298
GPSSeconc: 1125210956
stid: 342
spdistance: 562.287
radio trace:
385 379 410 411 419 418 435 419 422 418 428 387 387 390 417 417 401 410 426 403 413 405 390 401 387 387 392 387 384 394 383 385 387 423 428 418 425 393 363 363 383 381 383 412 382 407 411 406 404 411 409 396 391 389 402 417 405 383 383 418 407 418 387 416 417 384 387 388 399 392 417 395 388 403 383 403 400 381 384 384 428 439 425 397 412 421 423 411 417 436 395 386 405 398 428 435 384 373 374 379 404 383 382 379 385 390 391 399 400 388 409 408 406 406 401 417 435 424 394 380 372 391 402 420 406 384 410 430 422 426 424 427 426 406 394 398 408 370 398 407 367 382 401 413 405 394 399 401 412 412 382 391 377 410 414 402 375 368 403 393 381 382 410 403 374 392 381 399 383 380 375 381 386 381 390 374 359 373 365 322 354 367 388 377 375 384 386 401 402 404 382 379 379 393 374 373 425 430 435 420 431 397 412 420 380 377 383 403 374 393 386 396 405 419 432 430 395 398 370 382 408 403 398 433 411 413 395 381 382 375 358 357 381 388 391 409 380 386 402 401 419 407 422 416 403 422 443 442 429 414 408 403 398 403 391 389 377 384 392 408 392 384 387 405 405 387 376 372 388 406 417 385 397 420 390 398 394 381 373 365 388 367 368 376 400 425 408 409 409 419 426 430 409 402 406 391 409 395 395 396 424 402 383 388 395 421 375 392 415 382 391 345 348 369 389 362 368 380 381 399 405 411 421 401 399 407 404 360 342 371 386 403 406 417 414 400 411 425 424 397 400 416 431 422 395 396 389 367 395 410 403 403 410 376 379 388 404 425 419 409 408 423 424 428 418 423 417 413 427 414 428 415 378 406 421 409 400 409 392 408 396 402 405 388 402 417 414 388 387 394 426 415 409 397 389 374 408 418 434 429 425 416 408 422 420 425 396 382 380 387 389 404 405 381 382 404 382 373 397 420 422 415 399 430 411 406 392 376 402 400 391 388 399 405 407 398 409 388 368 382 410 399 410 412 392 371 350 364 391 368 357 393 387 408 407 401 410 398 402 390 399 388 407 398 374 388 406 404 386 389 406 390 380 379 373 378 369 362 381 386 406 398 395 353 360 403 376 379 402 404 396 395 421 424 424 423 436 445 416 404 419 437 405 414 408 393 403 405 394 380 407 411 401 388 348 385 401 413 418 414 407 397 417 432 425 388 354 394 417 425 432 384 370 381 416 399 402 383 414 413 417 443 423 404 407 389 412 416 413 391 386 387 404 383 367 361 385 409 443 404 371 389 367 389 428 395 380 395 409 431 418 390 396 400 400 402 429 419 408 405 399 361 376 401 420 397 388 362 364 393 385 382 380 411 408 415 382 397 409 398 362 373 397 384 369 374 400 416 395 390 403 402 422 408 384 420 423 404 421 426 404 399 401 392 391 387 392 421 419 420 399 395 389 393 403 403 408 427 432 423 426 399 429 409 432 450 440 415 424 401 393 383 394 412 410 410 404 381 378 359 356 387 400 432 391 385 408 409 427 423 407 419 411 423 415 406 421 412 425 399 390 391 377 381 405 413 408 399 390 387 401 396 385 391 411 413 372 386 395 397 426 411 386 389 379 392 375 385 404 413 390 375 364 396 430 421 393 394 401 406 397 379 382 384 365 343 355 364 386 401 392 357 358 361 383 413 394 373 394 369 371 358 382 382 388 407 396 402 428 426 412 441 418 406 427 413 414 442 434 438 430 430 415 422 394 395 376 382 
vem trace:

stid: 332
spdistance: 885.399
radio trace:
527 514 491 515 517 519 535 490 483 520 525 549 510 510 503 520 523 501 508 540 531 511 498 500 509 502 502 513 523 522 554 561 551 553 554 546 564 557 582 558 567 553 556 548 554 533 497 482 507 520 548 527 495 535 532 495 491 510 518 518 504 518 553 559 529 491 499 508 522 554 518 531 551 522 507 502 509 506 511 523 557 553 538 541 543 534 528 551 554 532 535 551 532 577 534 571 540 538 543 540 498 496 543 543 547 544 542 531 530 538 517 491 499 504 523 521 493 502 525 515 548 559 533 518 506 528 562 546 522 498 497 522 528 541 519 494 543 559 555 555 574 549 525 521 511 535 532 529 516 488 482 550 558 518 537 507 513 536 554 559 542 531 518 513 533 535 543 542 548 552 547 532 536 516 523 537 536 524 547 571 523 524 510 490 505 541 535 520 551 555 519 528 517 516 510 509 547 545 524 549 545 551 528 546 550 551 537 509 496 470 474 539 558 537 523 510 525 518 496 541 517 509 518 542 521 521 484 466 511 529 535 524 537 505 525 526 557 535 541 535 526 525 521 504 524 552 528 527 544 528 547 570 519 550 524 505 518 510 519 503 503 522 522 519 513 521 536 565 592 592 591 550 500 483 497 462 498 529 562 517 524 522 494 517 545 520 510 502 515 513 506 538 568 551 558 556 534 529 498 486 509 536 487 499 521 519 476 522 538 563 558 529 514 509 529 546 531 511 498 517 507 543 550 541 570 520 522 555 522 538 527 511 543 540 554 538 559 522 505 540 561 540 566 576 526 549 559 541 546 534 537 561 581 544 523 528 502 542 518 500 510 548 540 534 552 526 502 521 537 538 531 557 564 566 553 567 551 527 521 569 605 559 539 535 551 531 499 510 469 464 510 523 526 518 523 515 538 533 555 527 532 524 518 505 532 525 522 514 514 522 525 508 558 574 563 546 546 518 495 524 514 532 520 517 501 496 525 506 518 514 506 539 543 553 568 549 549 550 544 564 523 490 495 529 533 534 556 550 569 535 561 601 556 555 549 543 512 526 525 511 482 498 502 514 517 544 536 543 549 568 566 551 536 526 513 540 552 541 558 550 510 509 509 505 508 536 542 532 549 523 510 507 503 527 538 545 561 548 504 516 491 497 515 492 502 515 518 536 508 516 536 561 555 552 553 536 507 495 531 561 544 496 515 490 508 512 552 564 542 519 512 548 536 521 507 520 503 519 490 529 523 474 505 512 536 532 531 498 495 525 492 526 533 508 538 540 545 547 535 528 520 482 472 480 514 495 480 520 567 543 524 525 525 525 524 537 547 521 527 520 531 525 518 485 489 483 502 517 542 581 551 520 540 525 507 503 509 521 499 489 504 505 482 469 506 496 540 526 524 507 495 534 551 551 551 551 555 549 545 545 556 559 517 548 528 507 515 503 514 515 543 554 535 550 527 519 560 564 541 540 582 534 491 548 564 515 533 536 517 509 516 534 533 543 497 536 528 557 525 524 545 530 497 508 501 513 500 530 544 538 551 550 559 524 541 552 545 550 544 543 509 541 519 507 513 536 495 479 537 504 484 476 487 471 500 524 535 518 507 497 553 539 547 527 506 533 541 540 525 534 501 539 532 559 544 524 514 519 528 517 521 522 526 511 484 500 501 530 518 528 546 533 523 523 543 519 508 507 508 492 530 549 535 548 567 539 527 521 546 534 528 528 550 559 519 540 540 528 561 538 537 555 539 511 516 489 496 537 
vem trace:

stid: 333
spdistance: 1015.88
radio trace:
438 398 428 436 415 370 406 397 424 421 437 473 441 426 400 381 414 430 397 417 447 444 446 391 403 404 429 409 446 439 380 355 394 423 429 423 445 447 435 426 418 426 414 406 390 435 419 388 410 440 428 399 375 403 407 415 423 398 381 378 401 431 440 465 430 426 444 449 418 426 443 456 433 434 431 430 450 466 442 417 401 377 375 369 399 427 428 438 450 457 428 443 408 405 389 408 405 407 414 417 444 432 441 426 419 380 387 397 409 461 470 464 460 445 429 416 431 430 459 453 440 421 445 464 447 411 406 424 417 414 418 401 406 420 395 441 429 403 383 408 377 380 391 398 429 429 445 440 458 476 428 426 454 462 419 424 436 452 448 461 436 421 431 420 408 393 406 402 403 467 442 454 477 442 416 400 409 409 405 443 452 416 390 414 431 466 503 465 442 451 473 452 442 436 448 420 423 398 432 455 454 443 444 454 454 444 437 459 414 403 412 417 373 394 398 429 430 436 450 461 454 440 427 422 420 433 399 411 424 421 456 445 425 434 424 407 396 409 418 397 366 354 405 364 396 408 432 450 412 380 386 432 460 447 443 407 400 431 425 420 415 397 408 421 416 419 429 438 461 437 401 412 420 466 441 438 420 424 452 441 457 448 447 457 456 444 396 416 420 408 448 430 485 496 480 483 452 408 436 455 446 424 440 415 449 390 389 395 418 411 454 425 426 418 429 421 430 440 425 446 478 466 460 450 449 430 423 435 442 448 442 418 416 399 454 420 399 389 400 411 402 407 409 448 455 431 421 404 395 375 400 425 430 421 431 442 418 413 431 420 433 450 433 431 462 454 473 459 462 459 417 440 424 405 381 396 405 446 401 416 414 422 439 410 444 431 399 437 453 434 415 399 383 390 388 407 421 429 422 473 466 484 464 466 430 434 434 421 408 401 446 433 413 365 360 365 400 415 396 422 430 434 429 432 445 413 419 426 423 464 452 462 439 448 408 389 443 461 457 446 449 456 415 413 434 452 445 442 441 422 389 377 406 411 407 429 438 399 400 426 423 437 406 381 416 457 461 450 442 416 442 453 424 426 390 404 413 382 402 409 415 361 365 403 419 416 409 388 402 405 446 444 439 433 443 447 409 418 414 388 365 356 379 388 395 407 426 416 390 392 400 417 454 489 481 470 447 420 418 439 445 413 410 421 456 439 444 452 448 447 433 460 440 438 437 437 414 442 445 440 418 401 394 400 401 419 424 442 423 410 446 423 398 418 425 440 443 423 431 451 426 429 435 459 461 454 432 429 446 415 428 428 428 457 463 467 451 419 391 435 437 396 437 460 432 401 408 446 409 432 423 435 437 419 421 411 388 403 401 417 430 407 381 400 366 397 406 401 405 386 396 409 442 428 444 434 411 410 389 416 428 414 416 392 392 396 431 404 432 428 437 396 406 429 417 401 430 452 436 454 463 421 425 427 433 429 470 455 448 391 388 404 428 413 416 435 430 415 400 406 396 414 426 442 458 428 411 387 407 463 472 461 447 443 445 428 446 413 374 395 399 421 448 410 431 430 455 446 450 432 421 410 415 428 416 404 439 403 427 420 453 434 417 443 464 435 394 404 425 461 425 455 455 431 410 384 407 420 431 424 434 440 448 458 457 404 371 388 416 413 406 367 384 411 446 436 432 429 421 420 411 447 455 436 434 432 420 413 448 460 442 450 426 429 412 443 414 427 445 418 417 423 421 413 406 405 375 406 
vem trace:

