SDId: 34499353
energy: 2.92014e+17
zenith: 0.561955
azimuth: 0.508764
GPSSeconc: 1125248142
stid: 341
spdistance: 559.651
radio trace:
479 484 495 514 537 528 579 568 549 558 531 541 555 564 553 570 528 540 571 573 562 540 522 515 525 567 546 536 543 537 511 522 491 480 469 503 516 539 499 513 530 520 542 584 573 601 589 589 584 556 567 533 553 526 553 552 537 544 534 570 596 584 525 542 552 573 541 552 560 550 572 535 495 505 557 526 509 524 570 553 520 543 566 577 568 530 526 521 493 540 535 582 567 555 559 586 590 578 554 531 533 586 524 475 505 554 567 574 514 490 524 529 540 523 537 512 561 536 553 552 564 544 573 563 557 566 587 562 550 546 560 557 549 563 535 552 515 506 509 547 578 557 525 525 519 497 480 496 528 509 529 488 481 491 513 561 539 535 515 513 496 517 528 522 547 559 548 524 552 558 530 527 521 539 514 509 474 499 539 543 559 556 562 574 586 573 582 608 559 533 517 549 529 533 513 496 476 508 512 514 511 514 527 530 490 509 509 561 573 552 547 540 531 542 532 541 541 575 553 526 571 602 592 576 589 564 555 568 552 545 575 554 556 577 583 537 531 522 506 542 530 484 505 540 548 548 480 497 527 479 521 556 581 586 575 559 534 514 545 530 500 528 580 516 480 489 534 557 528 531 529 558 533 517 523 589 539 508 517 531 542 545 559 559 568 572 528 536 543 551 563 552 541 578 577 567 544 532 504 537 555 514 527 507 511 521 509 545 549 591 604 585 556 533 548 508 489 527 578 576 623 580 576 571 555 543 539 540 542 529 561 519 526 548 577 550 523 535 498 476 482 519 576 592 594 560 534 584 549 515 508 530 512 546 528 520 528 524 523 519 549 546 601 557 511 510 505 511 572 600 571 563 603 562 508 526 532 539 533 532 531 567 551 528 571 574 554 557 543 531 542 517 557 541 542 537 558 589 569 522 553 556 536 553 537 594 614 573 585 519 496 497 488 524 498 504 536 573 568 581 575 543 517 520 545 560 553 529 580 608 551 568 595 575 547 532 556 567 596 577 547 551 560 548 565 547 505 489 529 564 566 564 546 527 540 555 528 547 536 556 549 514 529 548 559 514 514 532 576 594 573 543 526 526 527 551 589 584 578 567 518 520 540 528 513 531 501 522 533 534 577 588 604 593 576 588 601 518 502 510 501 556 539 534 510 499 509 554 521 529 572 566 530 586 583 544 551 520 513 542 524 511 488 541 549 548 530 521 562 573 540 527 507 519 516 567 564 541 547 557 570 529 520 510 547 538 534 542 501 508 529 510 535 580 568 596 558 552 541 556 548 529 522 531 533 519 532 560 596 582 577 548 574 570 575 566 542 558 548 578 562 528 517 506 506 501 505 513 504 525 576 581 568 544 563 549 577 578 567 575 572 550 552 602 609 564 578 553 545 531 533 519 544 569 567 541 500 486 540 556 542 559 545 544 520 513 522 558 575 574 571 541 544 538 545 528 549 535 525 579 580 583 550 536 490 524 554 539 544 549 590 576 587 561 545 555 535 519 509 491 473 515 535 548 513 487 521 525 566 599 571 555 578 553 514 529 563 555 545 517 515 574 545 546 496 454 503 536 561 547 543 533 492 515 530 547 597 622 567 559 586 567 577 568 570 579 577 584 579 604 582 582 576 590 592 579 548 525 520 500 458 440 484 530 523 530 497 515 556 566 529 546 524 479 498 532 535 533 524 560 577 569 540 564 572 532 553 573 553 533 528 546 531 523 519 510 534 570 542 533 554 566 561 514 535 521 517 523 
vem trace:

stid: 341
spdistance: 559.651
radio trace:
479 484 495 514 537 528 579 568 549 558 531 541 555 564 553 570 528 540 571 573 562 540 522 515 525 567 546 536 543 537 511 522 491 480 469 503 516 539 499 513 530 520 542 584 573 601 589 589 584 556 567 533 553 526 553 552 537 544 534 570 596 584 525 542 552 573 541 552 560 550 572 535 495 505 557 526 509 524 570 553 520 543 566 577 568 530 526 521 493 540 535 582 567 555 559 586 590 578 554 531 533 586 524 475 505 554 567 574 514 490 524 529 540 523 537 512 561 536 553 552 564 544 573 563 557 566 587 562 550 546 560 557 549 563 535 552 515 506 509 547 578 557 525 525 519 497 480 496 528 509 529 488 481 491 513 561 539 535 515 513 496 517 528 522 547 559 548 524 552 558 530 527 521 539 514 509 474 499 539 543 559 556 562 574 586 573 582 608 559 533 517 549 529 533 513 496 476 508 512 514 511 514 527 530 490 509 509 561 573 552 547 540 531 542 532 541 541 575 553 526 571 602 592 576 589 564 555 568 552 545 575 554 556 577 583 537 531 522 506 542 530 484 505 540 548 548 480 497 527 479 521 556 581 586 575 559 534 514 545 530 500 528 580 516 480 489 534 557 528 531 529 558 533 517 523 589 539 508 517 531 542 545 559 559 568 572 528 536 543 551 563 552 541 578 577 567 544 532 504 537 555 514 527 507 511 521 509 545 549 591 604 585 556 533 548 508 489 527 578 576 623 580 576 571 555 543 539 540 542 529 561 519 526 548 577 550 523 535 498 476 482 519 576 592 594 560 534 584 549 515 508 530 512 546 528 520 528 524 523 519 549 546 601 557 511 510 505 511 572 600 571 563 603 562 508 526 532 539 533 532 531 567 551 528 571 574 554 557 543 531 542 517 557 541 542 537 558 589 569 522 553 556 536 553 537 594 614 573 585 519 496 497 488 524 498 504 536 573 568 581 575 543 517 520 545 560 553 529 580 608 551 568 595 575 547 532 556 567 596 577 547 551 560 548 565 547 505 489 529 564 566 564 546 527 540 555 528 547 536 556 549 514 529 548 559 514 514 532 576 594 573 543 526 526 527 551 589 584 578 567 518 520 540 528 513 531 501 522 533 534 577 588 604 593 576 588 601 518 502 510 501 556 539 534 510 499 509 554 521 529 572 566 530 586 583 544 551 520 513 542 524 511 488 541 549 548 530 521 562 573 540 527 507 519 516 567 564 541 547 557 570 529 520 510 547 538 534 542 501 508 529 510 535 580 568 596 558 552 541 556 548 529 522 531 533 519 532 560 596 582 577 548 574 570 575 566 542 558 548 578 562 528 517 506 506 501 505 513 504 525 576 581 568 544 563 549 577 578 567 575 572 550 552 602 609 564 578 553 545 531 533 519 544 569 567 541 500 486 540 556 542 559 545 544 520 513 522 558 575 574 571 541 544 538 545 528 549 535 525 579 580 583 550 536 490 524 554 539 544 549 590 576 587 561 545 555 535 519 509 491 473 515 535 548 513 487 521 525 566 599 571 555 578 553 514 529 563 555 545 517 515 574 545 546 496 454 503 536 561 547 543 533 492 515 530 547 597 622 567 559 586 567 577 568 570 579 577 584 579 604 582 582 576 590 592 579 548 525 520 500 458 440 484 530 523 530 497 515 556 566 529 546 524 479 498 532 535 533 524 560 577 569 540 564 572 532 553 573 553 533 528 546 531 523 519 510 534 570 542 533 554 566 561 514 535 521 517 523 
vem trace:

stid: 343
spdistance: 777.29
radio trace:
448 475 466 435 445 441 429 448 449 473 437 447 455 453 444 458 465 477 472 444 445 464 463 472 448 446 446 439 470 478 460 467 449 480 488 516 500 506 486 471 447 479 470 464 442 458 454 456 477 453 428 442 467 496 496 452 452 478 461 465 470 422 434 427 459 457 438 451 494 483 482 479 459 429 469 491 453 469 489 457 477 479 496 512 501 484 480 482 464 447 440 435 446 433 421 437 470 452 451 461 479 463 480 482 477 454 453 489 466 466 473 446 443 465 476 463 465 454 444 464 457 458 460 460 468 472 474 461 471 471 492 495 491 490 503 480 448 457 450 472 491 460 453 463 464 473 489 491 481 484 446 446 469 456 474 485 478 478 490 477 458 495 443 446 471 452 453 471 469 466 476 486 457 434 459 430 441 443 463 482 469 484 475 458 443 468 505 483 466 443 465 465 444 459 471 482 501 510 494 479 460 452 464 435 453 439 455 462 415 430 474 502 461 444 443 436 485 488 444 466 474 466 442 446 461 464 466 468 475 473 462 486 482 511 497 495 484 482 494 455 463 454 461 473 441 464 466 482 482 467 462 451 478 477 473 440 475 449 478 475 479 448 473 464 483 495 497 477 484 501 457 449 479 479 504 495 488 455 441 437 448 466 458 469 470 471 449 444 436 441 455 478 465 498 491 477 456 444 474 476 467 476 453 430 435 452 471 476 463 485 472 490 494 482 458 438 465 467 458 445 489 480 439 469 490 479 487 478 461 458 463 469 487 497 500 474 462 422 447 450 449 457 490 498 472 475 449 460 460 472 448 442 439 459 459 443 445 416 450 439 441 459 460 458 458 449 457 471 456 469 465 495 460 450 466 477 479 448 488 485 468 488 480 489 516 475 456 465 483 468 471 462 483 460 461 445 436 451 481 493 489 462 486 499 474 488 483 471 464 437 445 455 412 432 480 445 453 438 462 479 454 465 494 482 495 468 461 454 467 455 468 465 463 481 466 459 446 456 468 441 442 455 475 453 473 457 468 469 457 462 441 446 497 494 507 488 482 450 506 473 496 467 455 459 456 450 464 488 497 499 477 480 462 473 459 489 502 473 460 462 473 442 443 473 471 458 477 474 448 447 465 474 458 468 470 449 445 452 459 442 445 454 453 445 472 473 459 470 454 446 455 462 471 470 478 464 483 458 433 468 463 446 460 476 489 493 474 444 457 451 455 448 478 505 456 470 470 461 460 457 452 472 475 463 491 505 487 472 448 469 459 436 458 471 446 469 453 457 470 488 465 447 439 478 482 474 497 479 464 444 442 451 456 500 490 481 490 478 465 455 458 468 469 450 466 492 473 447 447 444 468 461 463 463 477 461 473 473 442 448 420 423 459 478 474 441 460 452 454 470 449 453 430 435 447 475 458 484 496 479 471 475 476 462 459 453 468 475 461 461 455 456 462 472 451 465 467 483 486 448 467 499 496 471 462 442 423 424 452 468 455 446 456 460 473 509 498 495 479 464 454 467 461 473 449 462 457 430 439 450 452 487 469 462 467 438 463 485 493 466 469 453 465 476 460 477 468 455 462 464 480 467 439 420 461 460 454 463 468 478 487 468 477 487 475 461 478 449 451 455 441 423 411 459 471 465 452 465 463 477 461 497 460 463 476 467 452 479 477 500 493 503 493 463 458 486 474 472 465 470 467 471 464 451 479 467 448 485 494 467 471 471 448 455 441 433 444 450 449 476 502 488 493 509 475 478 490 464 
vem trace:

stid: 342
spdistance: 1237.54
radio trace:
501 489 490 466 458 485 478 467 474 472 473 481 502 495 480 452 487 493 504 541 487 495 524 500 486 459 483 478 464 504 490 496 499 494 514 512 516 490 477 515 531 541 517 513 519 519 531 506 498 479 498 511 527 541 525 471 476 460 429 422 429 411 463 475 477 473 483 469 478 483 472 446 495 487 505 490 485 475 487 451 461 474 484 498 492 493 459 471 475 477 467 481 514 484 474 507 500 511 461 481 487 453 459 481 440 431 483 483 486 502 507 479 441 483 491 468 449 436 468 499 508 490 480 480 471 497 467 462 478 470 535 510 477 453 482 539 534 489 499 490 495 476 503 512 498 503 499 468 469 486 502 504 475 480 494 478 504 496 478 491 467 467 486 497 495 479 511 506 475 493 501 467 449 505 533 480 449 454 471 485 479 481 471 457 479 501 487 481 479 485 514 481 489 464 467 476 484 479 487 474 488 479 477 503 494 506 451 431 446 443 435 421 458 476 482 500 489 485 515 517 527 506 475 481 483 511 510 527 526 529 514 503 462 489 470 480 508 496 490 500 482 461 453 477 513 519 515 494 471 490 460 446 437 467 503 487 470 466 481 488 504 497 449 464 475 498 482 503 491 497 495 502 496 505 473 457 468 497 485 498 511 508 477 495 468 473 466 465 496 488 496 519 494 469 460 461 505 496 470 481 471 493 479 492 477 477 482 493 473 460 476 484 483 485 456 460 505 468 468 467 469 504 511 479 458 488 474 475 459 453 493 484 488 473 488 504 494 477 471 485 484 517 515 511 525 514 497 500 492 482 469 454 482 483 487 485 510 500 480 500 506 504 482 471 461 446 449 479 479 494 507 517 473 498 496 481 472 460 489 498 481 488 495 456 459 480 476 473 455 442 502 493 501 510 503 517 511 490 468 458 497 509 485 479 468 465 459 482 494 488 511 509 546 495 473 484 475 486 524 514 464 475 498 476 462 491 500 465 481 510 502 492 492 511 467 448 471 498 499 484 470 484 511 494 470 487 491 501 483 491 470 460 479 503 490 486 447 467 459 486 510 508 504 500 538 525 511 472 459 457 457 478 478 465 482 498 472 480 473 483 478 471 501 530 519 545 539 495 472 484 512 525 495 473 484 500 450 461 478 472 469 480 508 491 447 457 465 472 490 467 468 468 480 478 497 501 516 509 451 472 462 478 476 504 478 460 450 486 507 503 466 496 475 491 516 509 500 501 478 474 473 455 469 486 484 485 497 508 470 484 509 514 512 523 511 495 511 515 517 558 515 487 463 478 497 486 483 502 521 519 491 485 460 476 452 497 490 471 514 537 530 561 532 492 474 489 481 486 487 502 495 444 481 506 494 462 450 480 503 507 506 486 507 478 519 512 481 499 492 492 490 500 498 482 509 528 501 474 461 494 500 507 480 476 467 484 482 473 511 532 473 458 495 499 506 508 510 487 482 506 482 444 428 456 458 471 465 489 489 483 486 485 504 471 489 506 480 449 438 481 498 499 470 446 489 505 496 495 495 487 473 488 479 449 452 462 465 467 501 511 517 503 478 502 486 490 496 500 500 507 513 500 502 486 462 455 483 474 490 498 492 463 465 449 452 453 490 491 474 444 459 483 484 481 510 486 482 474 466 444 439 426 482 492 463 447 466 479 470 455 461 479 467 474 472 493 497 488 490 490 501 486 463 456 469 483 502 490 490 532 495 503 506 471 476 477 444 496 483 497 495 518 476 447 460 480 494 479 
vem trace:

