SDId: 34861082
energy: 4.5593e+17
zenith: 0.622224
azimuth: 4.15928
GPSSeconc: 1127471108
stid: 343
spdistance: 531.083
radio trace:
454 443 443 457 468 460 471 448 460 462 474 464 468 490 504 471 450 443 472 457 451 457 482 465 448 467 456 456 469 455 466 463 459 446 465 462 471 461 462 453 470 476 482 486 460 474 462 459 444 465 450 465 484 453 429 435 416 448 459 463 459 449 468 461 448 448 426 467 443 454 466 453 465 463 470 432 416 409 438 438 441 446 477 489 487 483 496 480 484 450 424 418 424 460 471 452 442 453 461 463 469 489 433 416 457 467 474 460 462 454 458 435 460 480 490 435 440 444 458 446 457 439 436 462 475 461 444 443 416 389 424 430 460 461 451 479 449 453 441 445 469 467 472 447 439 438 438 448 461 477 463 463 462 441 467 463 444 438 459 437 468 441 461 446 463 442 452 452 477 495 487 452 484 487 472 466 457 435 448 434 444 460 479 465 430 429 434 435 440 448 473 454 440 453 467 458 427 423 442 448 460 462 469 445 438 444 453 451 479 428 431 429 450 424 447 484 485 473 475 472 451 460 449 439 431 440 457 457 462 492 477 466 483 475 453 483 468 453 453 427 426 444 457 487 483 444 416 443 441 437 462 452 468 422 440 464 448 422 416 400 431 443 425 430 462 445 451 458 454 450 469 483 493 473 471 475 477 456 453 450 425 447 458 455 419 445 449 432 408 424 430 422 418 445 464 462 475 466 470 477 468 461 459 453 463 441 410 442 448 426 430 471 444 466 468 468 469 472 439 451 454 443 431 468 447 474 483 475 479 468 459 421 436 440 438 436 438 430 464 472 470 485 488 473 432 460 453 462 459 464 457 447 449 455 445 417 412 410 432 438 459 476 449 446 452 462 470 472 481 464 444 448 481 463 445 436 439 432 438 455 444 438 446 457 470 484 485 494 454 458 477 486 478 463 421 400 423 456 468 443 467 481 464 458 458 454 452 460 460 415 438 458 452 472 470 476 458 478 452 467 473 423 451 477 466 443 451 464 483 479 456 429 448 465 448 441 452 467 459 483 460 474 465 436 475 487 468 447 458 454 472 458 445 442 462 440 462 488 457 445 450 452 449 455 472 485 477 465 497 506 474 456 453 494 481 470 456 470 469 459 441 439 426 461 439 481 501 453 486 484 450 459 468 480 473 478 466 467 464 456 468 466 472 469 452 438 482 485 473 465 477 456 450 458 454 428 429 414 445 486 458 448 456 479 462 445 474 492 475 452 442 451 464 478 479 483 468 452 442 477 466 462 477 467 463 451 457 449 433 407 438 468 469 465 468 457 463 487 488 475 451 451 438 433 444 435 431 433 398 428 452 504 487 467 468 476 461 437 440 418 444 452 469 452 449 455 487 494 466 458 465 452 458 450 432 460 438 443 469 474 461 455 459 460 428 420 426 469 481 458 412 408 426 474 443 426 425 451 462 441 426 430 466 459 438 427 431 416 424 445 471 447 465 447 452 461 463 441 432 429 422 463 479 505 481 473 460 439 485 448 443 431 452 496 485 457 451 462 437 443 445 454 468 437 431 446 449 426 439 460 482 460 468 469 457 453 447 445 447 431 444 468 460 478 443 433 443 428 450 460 436 455 461 452 427 454 449 444 466 470 495 474 477 442 462 457 450 457 445 453 447 445 443 460 474 470 444 457 421 425 455 452 453 489 482 479 494 480 423 410 399 437 456 429 444 460 455 455 450 469 469 464 419 439 433 427 461 445 480 497 492 485 485 474 503 473 469 474 482 465 451 459 495 467 443 452 450 455 
vem trace:

stid: 341
spdistance: 838.731
radio trace:
501 507 492 496 489 494 486 485 472 521 530 520 476 537 538 540 530 540 517 547 536 485 499 513 504 532 529 504 526 549 536 497 464 485 481 497 484 467 484 507 535 550 548 578 572 530 512 512 510 538 551 534 483 507 508 502 499 486 478 511 501 536 524 538 524 481 484 506 536 532 548 535 527 502 502 511 510 542 572 559 551 575 540 518 514 521 509 485 491 461 480 511 514 531 516 491 479 483 532 540 536 534 522 531 550 547 536 505 476 499 526 575 555 501 464 466 492 465 468 480 516 534 509 474 504 509 510 502 517 504 498 487 459 503 501 483 504 518 520 494 466 507 538 480 447 458 484 477 498 515 533 530 497 493 563 544 530 518 511 530 522 505 544 571 517 505 552 570 545 491 480 501 516 478 493 477 469 477 492 517 526 496 494 501 525 566 495 485 511 513 509 514 512 525 527 569 547 528 534 500 528 528 524 490 510 519 531 552 572 523 506 517 531 553 515 535 540 511 497 507 475 484 515 545 554 511 495 489 504 480 496 516 560 527 505 483 512 502 482 483 451 486 542 532 538 509 522 526 504 541 551 567 591 575 550 561 540 525 523 481 487 527 536 521 542 553 544 505 510 506 486 528 517 528 507 457 486 500 500 466 509 520 527 518 498 487 475 476 517 487 509 504 507 476 487 495 505 499 521 527 519 536 531 519 559 526 473 511 535 515 533 540 537 545 565 553 559 502 496 511 488 482 500 503 463 489 549 537 549 532 525 502 503 492 513 494 457 460 513 487 463 446 462 487 525 548 564 501 516 540 512 502 489 487 499 518 531 504 503 479 483 503 506 508 537 526 516 507 539 527 447 466 516 519 550 521 526 500 521 485 458 461 476 484 520 526 493 500 485 485 474 473 439 468 500 514 492 517 502 498 505 513 518 525 526 499 552 529 514 461 503 538 555 557 569 551 514 537 526 536 504 513 525 500 496 528 564 530 528 521 510 492 496 553 559 530 490 511 552 505 459 488 507 495 520 507 509 557 570 524 507 514 476 547 525 534 561 557 548 534 529 514 514 545 521 482 523 543 535 495 492 495 518 509 520 527 522 516 512 497 509 481 491 508 525 522 529 554 532 529 558 515 497 472 518 558 506 524 501 489 510 514 506 499 530 552 531 534 577 537 525 525 502 486 477 499 547 525 523 532 507 469 491 532 505 466 477 520 493 486 501 452 456 485 509 498 507 518 513 496 537 528 554 558 519 536 530 548 535 507 509 519 508 455 497 500 531 524 522 504 518 540 554 565 556 484 504 541 524 518 531 522 544 539 538 517 461 478 512 508 518 543 513 507 483 477 409 467 500 518 549 494 502 547 547 515 517 530 549 569 525 506 521 490 519 533 524 498 498 509 485 472 484 512 525 522 536 525 524 508 482 511 505 525 508 471 457 485 500 511 505 494 533 511 524 528 538 470 477 499 510 516 510 512 504 538 526 538 498 514 502 508 565 572 544 524 512 504 515 546 541 582 591 577 564 498 505 504 508 500 511 501 521 503 494 538 537 540 528 497 476 487 491 491 474 474 482 477 467 487 506 545 581 562 543 481 458 489 498 495 480 469 500 505 489 479 451 514 537 515 499 478 503 539 553 557 520 466 498 525 514 527 491 512 490 488 458 448 465 450 500 531 536 547 574 547 524 506 509 507 487 473 494 535 485 458 490 502 498 511 528 536 532 514 513 506 513 528 507 533 544 537 516 509 491 519 564 530 
vem trace:

stid: 341
spdistance: 838.731
radio trace:
501 507 492 496 489 494 486 485 472 521 530 520 476 537 538 540 530 540 517 547 536 485 499 513 504 532 529 504 526 549 536 497 464 485 481 497 484 467 484 507 535 550 548 578 572 530 512 512 510 538 551 534 483 507 508 502 499 486 478 511 501 536 524 538 524 481 484 506 536 532 548 535 527 502 502 511 510 542 572 559 551 575 540 518 514 521 509 485 491 461 480 511 514 531 516 491 479 483 532 540 536 534 522 531 550 547 536 505 476 499 526 575 555 501 464 466 492 465 468 480 516 534 509 474 504 509 510 502 517 504 498 487 459 503 501 483 504 518 520 494 466 507 538 480 447 458 484 477 498 515 533 530 497 493 563 544 530 518 511 530 522 505 544 571 517 505 552 570 545 491 480 501 516 478 493 477 469 477 492 517 526 496 494 501 525 566 495 485 511 513 509 514 512 525 527 569 547 528 534 500 528 528 524 490 510 519 531 552 572 523 506 517 531 553 515 535 540 511 497 507 475 484 515 545 554 511 495 489 504 480 496 516 560 527 505 483 512 502 482 483 451 486 542 532 538 509 522 526 504 541 551 567 591 575 550 561 540 525 523 481 487 527 536 521 542 553 544 505 510 506 486 528 517 528 507 457 486 500 500 466 509 520 527 518 498 487 475 476 517 487 509 504 507 476 487 495 505 499 521 527 519 536 531 519 559 526 473 511 535 515 533 540 537 545 565 553 559 502 496 511 488 482 500 503 463 489 549 537 549 532 525 502 503 492 513 494 457 460 513 487 463 446 462 487 525 548 564 501 516 540 512 502 489 487 499 518 531 504 503 479 483 503 506 508 537 526 516 507 539 527 447 466 516 519 550 521 526 500 521 485 458 461 476 484 520 526 493 500 485 485 474 473 439 468 500 514 492 517 502 498 505 513 518 525 526 499 552 529 514 461 503 538 555 557 569 551 514 537 526 536 504 513 525 500 496 528 564 530 528 521 510 492 496 553 559 530 490 511 552 505 459 488 507 495 520 507 509 557 570 524 507 514 476 547 525 534 561 557 548 534 529 514 514 545 521 482 523 543 535 495 492 495 518 509 520 527 522 516 512 497 509 481 491 508 525 522 529 554 532 529 558 515 497 472 518 558 506 524 501 489 510 514 506 499 530 552 531 534 577 537 525 525 502 486 477 499 547 525 523 532 507 469 491 532 505 466 477 520 493 486 501 452 456 485 509 498 507 518 513 496 537 528 554 558 519 536 530 548 535 507 509 519 508 455 497 500 531 524 522 504 518 540 554 565 556 484 504 541 524 518 531 522 544 539 538 517 461 478 512 508 518 543 513 507 483 477 409 467 500 518 549 494 502 547 547 515 517 530 549 569 525 506 521 490 519 533 524 498 498 509 485 472 484 512 525 522 536 525 524 508 482 511 505 525 508 471 457 485 500 511 505 494 533 511 524 528 538 470 477 499 510 516 510 512 504 538 526 538 498 514 502 508 565 572 544 524 512 504 515 546 541 582 591 577 564 498 505 504 508 500 511 501 521 503 494 538 537 540 528 497 476 487 491 491 474 474 482 477 467 487 506 545 581 562 543 481 458 489 498 495 480 469 500 505 489 479 451 514 537 515 499 478 503 539 553 557 520 466 498 525 514 527 491 512 490 488 458 448 465 450 500 531 536 547 574 547 524 506 509 507 487 473 494 535 485 458 490 502 498 511 528 536 532 514 513 506 513 528 507 533 544 537 516 509 491 519 564 530 
vem trace:

stid: 342
spdistance: 1020.52
radio trace:
441 418 429 465 504 459 446 455 436 449 437 460 456 444 413 412 424 413 425 435 459 436 445 425 417 432 447 422 438 448 402 410 398 419 434 401 391 425 422 388 418 427 423 427 417 420 453 439 431 436 442 412 409 447 431 392 405 399 406 418 415 422 413 412 416 446 465 466 442 440 411 415 455 438 426 411 402 411 421 405 396 402 461 473 455 468 445 420 435 448 433 416 413 409 399 427 432 410 393 418 417 417 425 445 466 445 441 443 443 408 414 440 401 403 406 404 412 417 448 449 467 481 484 479 435 441 456 436 413 406 448 454 415 393 419 434 433 452 444 413 423 447 457 466 466 446 442 395 420 436 437 446 443 431 442 442 453 459 462 449 409 428 415 425 410 415 422 404 443 429 434 436 443 445 450 425 433 447 451 423 400 423 418 417 420 424 437 420 402 395 428 444 444 446 440 433 423 437 447 451 427 397 390 399 382 413 403 430 421 428 428 408 400 398 407 408 442 450 457 424 402 422 441 472 473 447 456 441 432 407 422 411 424 446 443 438 458 454 469 470 437 434 415 434 426 430 416 411 421 447 432 470 460 440 447 440 446 438 417 441 465 449 452 468 471 458 454 426 413 408 447 403 387 431 411 425 433 430 421 393 420 413 424 415 449 415 397 393 416 416 423 434 459 458 437 459 448 406 394 382 396 418 425 403 414 437 411 448 453 450 465 468 445 438 418 420 431 425 427 440 426 418 413 424 449 433 434 433 417 444 435 440 437 425 414 419 427 435 441 424 437 447 484 473 459 474 446 449 446 439 458 441 440 430 424 415 431 464 450 444 465 452 448 452 429 418 438 450 435 437 434 434 458 425 415 389 425 414 376 396 428 408 427 443 431 434 449 448 446 458 448 420 447 436 412 418 422 414 397 419 441 428 419 438 441 463 429 376 374 399 406 384 440 487 491 441 442 443 446 448 413 406 422 419 431 429 431 427 438 416 431 448 445 454 437 444 451 456 434 413 396 400 444 444 461 442 450 419 399 380 387 409 414 422 422 428 409 409 391 419 441 461 440 433 434 431 446 421 420 443 450 458 425 419 423 426 445 446 413 411 411 446 461 468 446 431 447 432 428 400 420 428 431 425 418 447 447 443 451 446 469 477 453 442 437 436 407 440 467 462 448 427 431 427 435 430 401 397 436 446 419 433 445 453 430 433 415 424 441 457 427 440 429 452 451 458 491 455 417 442 455 473 473 435 425 453 425 412 412 410 409 420 419 418 400 430 432 458 440 451 418 412 423 397 424 447 453 433 432 454 428 444 453 443 434 433 434 435 459 446 422 451 476 440 430 453 439 414 433 437 473 483 444 448 460 431 442 451 437 409 395 436 432 425 452 456 448 426 428 406 417 436 462 425 422 415 433 454 445 444 459 467 469 479 494 434 431 445 448 428 466 455 448 454 473 444 445 440 401 399 416 424 436 436 442 447 415 428 430 447 450 469 469 430 452 448 458 413 412 387 403 428 429 421 410 407 431 426 447 464 453 436 427 445 478 483 422 439 441 465 452 422 427 430 441 452 449 412 395 404 404 408 400 390 412 413 396 393 411 440 433 436 403 441 472 430 415 405 384 389 409 450 466 440 418 419 435 455 486 457 448 448 422 415 418 428 444 474 449 424 429 412 436 440 429 419 405 386 407 407 398 423 426 414 406 422 402 384 376 409 418 435 428 418 455 429 433 432 416 419 448 430 430 448 462 455 460 461 
vem trace:

