SDId: 34819445
energy: 2.99696e+17
zenith: 0.540989
azimuth: 0.808964
GPSSeconc: 1127203017
stid: 333
spdistance: 893.352
radio trace:
400 433 431 442 431 403 428 439 409 432 428 404 425 463 440 422 465 445 439 469 485 431 431 419 426 458 442 424 450 432 416 399 416 433 405 364 375 346 378 439 436 423 425 401 440 467 467 432 427 413 422 410 420 398 387 382 399 407 410 404 391 383 434 439 448 444 410 420 463 447 466 426 379 373 438 442 427 420 417 440 439 463 439 472 465 442 434 451 418 404 419 436 431 409 386 443 459 435 426 464 466 461 391 381 424 402 392 420 456 424 386 393 430 465 454 438 437 415 389 413 419 403 410 396 392 430 456 444 418 424 442 431 441 417 366 421 416 426 397 411 451 476 483 470 407 394 431 438 478 451 416 422 407 409 428 436 424 409 425 409 442 418 409 422 452 421 439 423 460 431 423 396 400 398 401 384 375 401 402 412 442 418 405 407 409 398 391 358 355 352 397 438 443 438 455 436 412 423 418 384 402 403 417 457 429 404 407 393 406 382 370 391 440 452 465 428 423 388 387 370 406 432 429 401 410 448 416 451 467 435 403 414 398 378 417 424 421 420 419 419 408 430 445 424 412 419 396 438 436 431 423 397 418 437 422 387 389 374 387 354 381 430 419 449 444 411 428 434 424 398 396 417 415 427 439 438 451 423 426 430 417 437 412 419 430 447 449 446 429 385 392 400 399 393 377 399 379 388 408 440 426 404 405 385 423 440 380 374 374 367 412 456 458 445 407 383 427 432 460 480 442 449 431 439 418 426 454 447 431 434 438 458 433 416 407 436 415 410 426 441 422 426 432 428 429 441 420 407 389 403 408 412 417 428 398 405 413 402 445 428 427 419 392 395 422 420 412 426 419 408 414 410 386 404 436 475 456 443 442 433 426 434 456 417 422 450 458 423 403 407 422 437 432 423 430 428 419 437 444 453 414 421 429 420 397 383 402 458 417 450 425 422 411 432 433 425 387 403 425 420 464 431 391 404 402 423 432 431 430 398 422 408 420 429 439 435 449 438 406 393 434 423 391 387 418 414 417 446 422 410 402 395 418 458 430 456 466 389 415 415 448 504 494 443 424 433 443 428 414 424 430 420 420 457 417 399 412 410 417 426 453 428 430 383 357 404 450 428 409 395 336 383 420 429 411 406 368 379 374 389 415 389 359 365 390 450 436 465 447 443 443 442 440 465 459 417 413 445 440 463 443 459 441 420 444 432 447 426 427 392 425 425 436 438 459 432 422 405 404 389 426 387 383 427 401 394 412 414 399 394 410 396 409 421 441 426 410 430 418 431 435 473 441 412 412 414 412 427 475 468 459 463 435 452 441 424 368 351 405 420 383 411 406 438 427 421 419 426 444 394 360 337 346 357 377 411 425 419 421 431 442 419 413 444 441 442 438 438 431 452 447 439 425 411 342 383 433 408 364 403 426 459 487 444 413 411 417 428 400 421 459 470 431 396 392 397 428 423 440 421 402 457 426 415 410 464 430 429 424 431 375 391 439 418 418 448 479 427 392 400 415 418 438 456 454 426 436 438 447 415 422 414 389 424 426 405 420 447 452 441 446 444 415 388 407 460 449 437 427 386 397 394 444 414 383 410 430 457 447 443 435 433 445 446 424 427 421 411 424 398 416 446 435 414 399 388 400 396 393 376 402 404 398 426 459 466 458 425 432 414 427 413 402 388 418 409 438 448 386 375 402 409 386 356 371 382 408 414 432 420 428 421 449 435 449 447 474 466 422 396 390 405 396 415 421 439 434 428 
vem trace:

stid: 342
spdistance: 1074.86
radio trace:
420 397 404 408 392 387 394 393 371 412 393 379 378 371 376 389 408 410 400 400 406 406 408 414 425 413 405 414 402 392 405 379 373 396 400 410 433 409 406 383 418 402 413 403 417 393 371 348 352 405 438 426 444 424 438 446 432 400 384 395 399 386 399 373 372 386 389 412 374 391 380 375 392 394 356 359 369 394 411 417 409 410 396 379 374 386 408 386 384 396 367 378 376 380 402 419 411 390 390 390 371 395 406 408 405 396 399 368 390 417 427 402 409 405 389 380 408 390 385 386 382 392 398 361 352 373 376 386 365 353 370 356 358 349 360 382 400 397 381 385 393 400 382 401 378 369 379 402 436 449 425 404 422 418 426 416 426 409 393 378 389 397 395 417 435 395 401 402 389 409 408 417 439 418 409 406 413 385 395 384 408 366 351 384 379 386 392 382 398 404 393 388 395 430 420 426 425 420 405 378 400 401 418 408 416 405 386 371 352 358 381 402 415 418 383 397 424 423 425 413 400 418 417 425 411 397 360 377 356 384 403 415 404 395 392 390 385 365 381 386 404 408 399 417 400 400 437 407 398 422 397 375 354 399 440 436 406 400 392 401 391 405 409 409 378 400 398 401 406 381 395 388 387 389 397 387 400 415 400 402 407 398 363 353 369 379 373 381 361 391 417 413 402 373 348 378 374 382 404 388 361 362 384 394 384 384 395 395 398 405 387 375 390 397 410 402 395 387 372 378 380 411 439 415 403 417 415 402 409 394 389 396 394 403 393 403 404 394 405 415 415 423 390 380 402 392 383 405 402 390 378 398 394 409 416 391 396 416 410 407 411 368 381 403 400 410 393 398 397 406 416 401 407 399 394 391 400 378 357 364 362 400 412 411 407 414 378 380 420 432 407 401 389 401 399 408 388 411 402 431 392 391 398 392 407 403 413 396 402 398 397 396 422 411 412 412 409 400 415 391 380 399 413 426 408 413 402 428 428 405 390 406 379 369 383 393 368 388 388 418 392 398 419 404 406 384 383 388 386 377 393 403 412 390 414 410 406 386 397 394 393 388 365 391 393 412 411 400 389 404 385 377 393 412 414 430 400 398 419 389 377 389 412 440 427 406 407 391 414 410 416 431 422 407 395 389 383 404 418 435 408 388 373 386 375 375 399 405 382 400 415 424 413 414 409 414 411 386 403 400 406 423 407 414 410 390 411 416 411 416 438 408 399 395 380 404 414 411 395 407 398 407 420 426 399 388 396 424 422 422 398 398 401 424 426 418 439 416 400 396 403 393 386 391 386 371 395 380 358 366 397 392 380 394 412 398 401 386 379 368 362 379 385 405 402 397 401 378 381 377 396 396 407 412 411 404 406 382 375 365 384 393 387 394 417 404 376 370 374 386 410 397 380 388 403 407 388 379 365 364 406 424 404 416 414 401 395 401 423 390 372 390 391 419 399 398 365 343 361 384 383 399 391 394 408 408 381 385 417 381 399 408 424 415 420 422 425 410 384 385 397 383 382 387 418 429 420 395 396 380 384 376 391 393 404 408 415 395 354 331 337 384 393 403 397 409 424 434 423 401 401 395 404 416 432 412 414 435 433 412 409 403 410 428 409 383 386 392 389 398 395 381 402 396 400 408 405 387 409 402 408 398 399 406 403 402 384 385 395 378 379 381 374 399 380 383 403 411 420 429 402 405 419 398 394 420 401 423 431 445 430 428 402 389 392 384 390 367 383 381 368 398 377 390 398 382 406 407 
vem trace:

