SDId: 34830311
energy: 3.94257e+17
zenith: 0.620099
azimuth: 2.54039
GPSSeconc: 1127275814
stid: 332
spdistance: 856.817
radio trace:
512 551 553 555 541 509 524 549 551 524 521 513 522 507 536 538 533 548 550 596 582 556 552 582 571 553 526 553 552 543 548 566 538 581 524 534 542 537 514 517 537 543 549 570 557 568 548 530 535 513 528 542 563 526 521 559 582 568 554 549 526 555 574 570 570 522 535 541 557 576 548 505 527 527 525 555 565 561 518 538 539 546 503 518 497 542 537 507 530 542 534 544 519 547 549 555 575 547 524 521 524 532 525 543 559 562 564 518 500 499 494 507 499 519 530 502 547 538 545 540 575 544 534 542 570 562 574 563 562 496 525 534 530 556 566 571 556 515 541 520 515 530 545 527 536 539 529 526 528 525 562 557 581 546 570 566 567 583 612 607 597 605 569 583 548 559 558 539 550 538 552 522 539 568 591 570 551 556 531 557 579 550 558 545 550 520 554 537 530 579 574 567 584 566 554 540 507 507 512 521 558 576 558 551 551 579 559 566 564 539 526 515 532 565 590 562 551 496 504 540 555 545 530 540 523 552 559 565 546 538 555 545 553 582 566 533 539 532 545 541 539 507 515 570 552 553 552 537 541 519 515 531 566 562 547 549 532 502 505 564 575 517 528 534 544 518 530 557 531 571 592 591 543 555 540 554 553 538 544 521 527 550 573 581 569 537 542 541 525 531 505 491 541 521 508 547 585 593 585 581 581 571 557 534 544 584 623 609 599 593 570 549 553 544 526 561 549 559 580 546 513 541 515 522 532 539 554 543 520 523 553 544 516 530 505 491 483 537 533 534 538 539 506 526 575 578 576 577 541 554 570 570 528 509 513 495 499 532 543 534 499 502 515 543 556 547 570 553 569 510 507 518 510 492 501 505 524 544 530 490 495 541 542 526 533 565 552 563 525 538 545 558 599 607 576 580 559 568 544 547 598 544 560 563 546 515 518 521 500 492 517 538 565 549 543 554 542 540 553 553 544 529 517 508 554 582 559 569 553 528 529 547 574 572 569 552 565 539 536 577 554 543 539 537 573 571 556 531 544 548 515 518 563 529 550 543 537 550 545 563 536 523 537 543 574 566 568 531 548 580 548 593 583 567 533 500 523 551 579 604 600 552 570 578 558 519 528 553 553 552 588 551 564 536 509 550 569 585 561 533 550 528 529 561 609 608 637 582 578 543 543 576 555 542 522 558 533 579 567 514 536 519 526 489 521 570 568 551 547 542 528 541 520 507 497 551 554 541 556 546 566 543 539 519 537 534 532 510 542 509 519 516 534 538 515 516 509 502 518 519 522 548 537 541 508 528 526 520 521 533 540 594 582 526 526 533 539 540 538 557 539 536 564 546 552 535 531 492 533 570 593 580 532 524 526 516 476 501 535 570 554 555 539 524 537 549 536 495 479 522 565 587 559 541 519 535 518 517 533 515 503 549 549 574 582 568 567 543 584 572 561 543 536 529 535 541 551 559 548 563 530 513 591 582 539 548 522 519 540 540 541 553 514 498 521 515 479 492 507 535 511 537 503 503 501 533 540 522 513 515 539 553 571 524 512 532 554 532 535 519 560 559 566 560 524 527 531 494 473 492 510 511 545 553 578 571 541 518 567 564 561 579 562 548 564 568 552 538 510 513 548 553 557 561 531 548 535 542 533 529 536 532 521 541 538 528 531 545 550 541 551 586 593 598 578 560 570 566 567 522 507 496 528 538 532 541 572 567 539 549 516 523 567 561 565 572 537 533 553 513 539 554 536 541 535 561 567 548 
vem trace:

stid: 333
spdistance: 807.944
radio trace:
411 425 433 433 425 425 433 425 437 405 423 431 420 396 404 429 427 420 452 446 435 417 419 462 472 432 435 431 422 424 440 406 447 465 489 463 461 473 441 458 457 454 456 498 419 426 453 453 440 411 405 394 386 370 365 373 407 415 417 446 463 452 391 444 452 459 448 416 397 415 356 383 422 449 445 425 427 423 412 405 396 392 432 467 453 427 417 435 435 445 425 445 413 443 479 474 467 479 465 462 449 455 465 448 426 403 402 412 453 441 431 443 447 411 410 421 461 399 414 410 423 441 421 421 425 413 423 388 392 417 450 410 408 406 402 390 427 450 437 473 447 423 441 450 452 463 477 469 457 454 484 468 435 434 420 462 450 454 455 458 462 424 431 408 425 415 426 433 431 432 468 481 450 431 425 424 388 392 386 365 367 390 383 412 430 446 472 451 448 445 465 453 455 420 428 469 467 464 487 448 446 417 434 427 456 474 435 457 477 486 472 429 451 478 454 465 468 493 482 453 423 398 406 405 386 388 434 433 392 419 437 431 426 434 409 437 438 427 419 397 376 421 422 425 425 418 426 433 435 418 430 436 470 450 490 478 464 453 435 450 474 438 429 427 419 415 451 428 412 454 462 444 431 394 421 415 414 417 442 440 416 413 406 396 422 433 458 428 450 466 433 404 398 399 385 437 428 405 408 423 403 389 407 432 407 416 432 472 459 476 483 492 444 445 468 493 431 420 416 407 399 430 422 420 453 424 417 425 439 475 479 434 386 395 414 416 421 396 367 390 402 431 441 442 415 384 389 432 457 443 408 441 419 414 432 379 405 431 446 407 402 415 415 431 432 400 412 383 415 390 407 378 364 375 401 403 413 401 401 387 394 389 395 407 418 423 392 395 406 430 439 434 432 428 460 452 445 462 449 429 421 443 489 478 402 381 411 426 440 452 422 422 406 429 486 495 492 485 466 477 455 469 476 476 431 421 436 434 413 417 408 408 412 399 405 454 442 434 449 435 457 446 427 404 400 442 455 409 471 456 455 433 417 407 404 405 425 381 400 403 434 442 427 412 427 417 428 406 392 410 430 421 418 427 439 445 476 461 433 456 465 442 455 468 471 447 463 477 473 492 482 471 439 425 416 406 429 425 424 428 424 427 427 448 455 438 472 446 434 413 462 427 401 409 396 406 430 400 409 390 387 381 416 445 439 438 439 458 449 410 387 407 398 412 442 415 428 435 433 430 428 433 461 464 469 447 423 441 460 438 412 410 407 404 408 422 448 427 457 431 427 373 413 415 439 438 441 460 422 430 453 443 456 450 454 463 460 432 428 381 369 373 398 420 450 481 476 455 455 430 447 449 476 489 450 451 424 402 412 391 409 394 398 427 450 442 417 418 374 372 414 438 445 464 452 452 441 456 420 444 427 414 405 416 428 388 442 445 435 416 377 406 439 470 432 472 469 453 439 397 380 404 407 394 417 414 453 437 418 409 421 403 413 410 386 409 424 457 454 433 447 453 447 412 415 448 430 398 415 404 410 440 446 445 448 427 411 394 418 425 427 415 440 465 466 431 444 431 405 413 431 425 421 413 401 426 437 418 402 411 439 438 428 427 422 404 441 457 453 439 442 441 485 488 465 462 434 435 427 425 441 438 438 456 447 454 426 417 417 427 409 435 458 436 429 432 405 420 421 439 421 416 410 431 488 472 436 431 433 467 421 394 423 441 447 430 453 439 416 403 430 409 394 378 402 407 412 403 
vem trace:

