SDId: 34861267
energy: 3.58359e+17
zenith: 0.461657
azimuth: 5.81802
GPSSeconc: 1127472135
stid: 341
spdistance: 7689.67
radio trace:
500 471 492 520 488 484 501 499 482 487 476 497 528 546 592 565 535 534 539 500 495 511 532 524 515 506 482 532 553 492 482 495 489 496 503 525 541 508 512 526 516 493 489 518 555 592 563 507 532 503 505 495 496 498 503 495 500 511 478 519 544 516 513 535 536 538 530 495 507 510 531 507 491 500 514 547 511 515 534 539 496 509 514 502 523 481 470 528 531 525 489 484 465 474 468 445 490 540 536 537 510 495 537 529 519 506 496 502 518 548 529 513 490 484 490 433 446 470 515 511 541 524 535 500 528 515 513 503 500 494 498 499 522 537 497 487 540 519 511 489 524 558 554 537 530 568 531 577 583 562 546 559 536 529 522 489 468 522 520 569 578 578 552 554 539 547 517 489 465 526 502 454 498 502 533 562 541 540 539 534 559 574 545 487 492 541 535 507 484 429 446 466 462 469 538 499 505 506 497 468 511 522 547 557 567 555 524 539 502 496 480 509 509 492 504 537 505 471 467 483 520 547 545 489 475 483 503 529 521 518 501 555 531 547 525 535 534 541 537 518 520 526 503 504 540 527 519 546 535 519 518 498 503 481 500 493 503 512 503 542 550 520 531 532 539 540 508 535 520 574 568 555 550 561 532 500 505 497 473 481 494 480 488 516 509 487 453 474 463 470 501 489 491 530 478 449 493 537 515 505 499 488 499 495 518 494 519 505 503 508 515 521 517 516 512 503 476 470 480 524 502 538 516 475 501 493 513 514 535 534 502 463 536 508 492 500 483 510 556 533 515 500 515 527 522 517 508 543 513 517 531 519 534 521 572 584 553 565 549 510 477 456 523 510 507 526 551 534 552 535 545 570 571 561 559 523 502 491 503 500 544 525 488 440 458 480 520 529 537 508 515 545 555 525 501 484 504 507 479 496 552 555 563 545 536 515 496 521 486 515 539 515 503 484 536 529 495 520 521 508 485 500 551 566 579 527 528 510 503 467 482 444 457 453 493 486 473 557 561 508 508 519 483 507 526 507 480 516 534 557 503 492 500 524 545 510 489 467 461 481 470 550 540 510 480 448 440 453 465 505 508 512 519 485 486 463 488 519 525 548 545 510 535 579 574 555 557 487 450 463 462 484 504 506 508 469 468 482 480 476 488 529 515 492 471 503 531 547 552 541 506 470 477 487 486 490 523 493 476 496 514 518 491 508 538 569 568 584 563 526 480 524 501 525 551 492 500 508 491 489 501 520 513 513 553 522 508 465 504 515 515 524 506 506 516 534 555 557 578 552 519 491 537 556 478 472 480 448 451 489 492 486 497 526 518 533 505 526 559 556 539 526 532 522 534 491 496 477 473 490 502 496 499 523 543 537 519 473 512 546 541 516 545 539 508 493 490 474 489 542 540 551 538 517 529 530 551 494 516 529 546 537 521 552 564 572 539 520 498 495 515 503 473 517 490 478 479 455 463 501 513 556 575 574 554 544 514 521 508 488 500 538 508 498 528 568 550 508 522 509 530 576 551 555 546 524 555 559 518 493 493 520 550 512 446 504 529 522 498 529 494 476 473 470 477 477 535 525 504 500 527 527 529 517 523 504 471 474 451 490 498 517 520 495 518 535 557 535 555 575 527 519 504 469 494 488 483 479 507 494 538 495 484 527 529 519 467 447 467 501 540 518 514 549 567 541 528 538 508 523 519 524 520 554 517 511 514 490 458 448 490 514 540 562 579 541 539 520 493 486 497 507 491 493 497 477 516 497 
vem trace:

stid: 341
spdistance: 7689.67
radio trace:
500 471 492 520 488 484 501 499 482 487 476 497 528 546 592 565 535 534 539 500 495 511 532 524 515 506 482 532 553 492 482 495 489 496 503 525 541 508 512 526 516 493 489 518 555 592 563 507 532 503 505 495 496 498 503 495 500 511 478 519 544 516 513 535 536 538 530 495 507 510 531 507 491 500 514 547 511 515 534 539 496 509 514 502 523 481 470 528 531 525 489 484 465 474 468 445 490 540 536 537 510 495 537 529 519 506 496 502 518 548 529 513 490 484 490 433 446 470 515 511 541 524 535 500 528 515 513 503 500 494 498 499 522 537 497 487 540 519 511 489 524 558 554 537 530 568 531 577 583 562 546 559 536 529 522 489 468 522 520 569 578 578 552 554 539 547 517 489 465 526 502 454 498 502 533 562 541 540 539 534 559 574 545 487 492 541 535 507 484 429 446 466 462 469 538 499 505 506 497 468 511 522 547 557 567 555 524 539 502 496 480 509 509 492 504 537 505 471 467 483 520 547 545 489 475 483 503 529 521 518 501 555 531 547 525 535 534 541 537 518 520 526 503 504 540 527 519 546 535 519 518 498 503 481 500 493 503 512 503 542 550 520 531 532 539 540 508 535 520 574 568 555 550 561 532 500 505 497 473 481 494 480 488 516 509 487 453 474 463 470 501 489 491 530 478 449 493 537 515 505 499 488 499 495 518 494 519 505 503 508 515 521 517 516 512 503 476 470 480 524 502 538 516 475 501 493 513 514 535 534 502 463 536 508 492 500 483 510 556 533 515 500 515 527 522 517 508 543 513 517 531 519 534 521 572 584 553 565 549 510 477 456 523 510 507 526 551 534 552 535 545 570 571 561 559 523 502 491 503 500 544 525 488 440 458 480 520 529 537 508 515 545 555 525 501 484 504 507 479 496 552 555 563 545 536 515 496 521 486 515 539 515 503 484 536 529 495 520 521 508 485 500 551 566 579 527 528 510 503 467 482 444 457 453 493 486 473 557 561 508 508 519 483 507 526 507 480 516 534 557 503 492 500 524 545 510 489 467 461 481 470 550 540 510 480 448 440 453 465 505 508 512 519 485 486 463 488 519 525 548 545 510 535 579 574 555 557 487 450 463 462 484 504 506 508 469 468 482 480 476 488 529 515 492 471 503 531 547 552 541 506 470 477 487 486 490 523 493 476 496 514 518 491 508 538 569 568 584 563 526 480 524 501 525 551 492 500 508 491 489 501 520 513 513 553 522 508 465 504 515 515 524 506 506 516 534 555 557 578 552 519 491 537 556 478 472 480 448 451 489 492 486 497 526 518 533 505 526 559 556 539 526 532 522 534 491 496 477 473 490 502 496 499 523 543 537 519 473 512 546 541 516 545 539 508 493 490 474 489 542 540 551 538 517 529 530 551 494 516 529 546 537 521 552 564 572 539 520 498 495 515 503 473 517 490 478 479 455 463 501 513 556 575 574 554 544 514 521 508 488 500 538 508 498 528 568 550 508 522 509 530 576 551 555 546 524 555 559 518 493 493 520 550 512 446 504 529 522 498 529 494 476 473 470 477 477 535 525 504 500 527 527 529 517 523 504 471 474 451 490 498 517 520 495 518 535 557 535 555 575 527 519 504 469 494 488 483 479 507 494 538 495 484 527 529 519 467 447 467 501 540 518 514 549 567 541 528 538 508 523 519 524 520 554 517 511 514 490 458 448 490 514 540 562 579 541 539 520 493 486 497 507 491 493 497 477 516 497 
vem trace:

