SDId: 34606829
energy: 1.30038e+18
zenith: 0.57472
azimuth: 2.5104
GPSSeconc: 1126019465
stid: 419
spdistance: 543.306
radio trace:
455 456 447 439 440 471 482 457 471 496 467 496 550 479 498 458 456 513 496 489 483 474 486 493 491 481 466 486 454 515 547 493 484 483 444 425 456 506 493 484 475 493 521 501 530 529 506 501 528 483 482 490 505 488 514 487 481 485 499 509 495 500 497 446 461 497 471 491 497 491 478 438 461 446 455 460 491 468 453 477 498 509 502 493 492 527 521 515 464 493 487 464 467 463 487 485 474 491 492 519 488 472 516 497 484 502 525 527 500 533 508 493 460 483 487 502 486 504 495 506 512 488 477 499 514 489 474 523 551 514 529 546 524 507 474 474 480 469 454 426 434 467 485 507 458 458 468 478 498 498 524 518 536 451 418 450 478 493 464 465 450 504 470 463 477 481 524 520 528 476 468 478 489 459 467 465 443 426 466 486 545 519 463 508 507 514 514 520 463 469 485 497 470 491 474 444 472 488 492 494 485 469 504 524 542 474 489 474 522 493 489 474 473 464 459 454 446 472 520 506 482 505 536 460 476 486 494 522 538 534 493 491 505 500 514 520 537 531 490 449 446 454 473 498 534 503 433 396 415 461 502 455 455 494 513 467 456 443 495 452 497 495 531 481 521 511 542 538 493 501 465 501 493 541 530 501 482 459 466 494 522 568 528 536 528 530 519 496 451 466 461 476 488 469 485 522 514 480 492 456 503 495 491 483 454 473 422 463 510 502 516 526 500 515 527 493 451 461 455 468 516 538 537 526 518 532 537 501 497 510 514 495 475 498 453 449 463 483 509 510 533 464 431 443 480 448 458 464 449 502 514 453 465 474 469 493 469 453 431 447 473 464 490 548 533 496 511 467 461 478 490 484 461 445 472 500 503 515 521 501 489 493 470 514 500 488 514 478 454 445 465 455 433 438 433 426 433 458 459 475 485 461 468 508 508 460 431 461 479 490 449 472 475 464 509 488 479 472 472 460 487 500 495 496 513 534 514 529 539 548 488 461 434 438 428 452 474 520 530 536 469 482 492 479 459 453 464 486 445 413 460 477 492 479 515 492 486 499 450 476 467 470 437 495 464 468 442 442 468 508 487 478 457 480 492 465 525 514 467 465 484 510 484 483 493 480 453 434 410 431 479 469 455 474 486 498 533 477 444 424 493 532 513 493 512 525 513 490 449 454 418 436 450 460 458 464 479 464 452 487 492 471 498 494 509 468 457 478 497 508 514 503 487 464 494 488 492 489 462 500 460 485 469 491 484 473 504 518 514 496 486 417 423 441 450 480 475 463 447 451 438 421 421 443 462 463 490 509 484 429 442 466 434 481 510 474 476 455 442 469 489 484 480 502 510 535 538 500 455 476 497 507 472 454 448 486 491 474 496 460 427 415 420 428 460 504 469 477 470 475 499 523 541 458 456 482 457 503 482 533 526 510 472 448 462 455 479 491 501 483 450 460 486 482 494 483 505 465 486 492 492 471 434 453 458 457 504 502 482 479 487 445 435 441 453 461 450 500 495 506 494 474 468 489 481 487 455 491 500 516 507 534 509 498 532 521 517 470 480 484 493 498 443 443 476 548 498 494 463 443 478 503 501 505 490 475 486 455 441 451 467 498 461 469 477 477 492 504 544 525 492 521 504 455 420 447 448 476 472 502 510 529 491 473 435 467 509 539 512 526 530 524 559 509 488 471 474 460 456 483 486 460 478 501 493 494 486 545 518 537 531 456 471 505 479 477 515 476 481 517 487 496 502 489 457 446 450 446 
vem trace:

stid: 342
spdistance: 1820.68
radio trace:
486 462 457 463 450 461 476 462 453 451 467 478 457 440 447 442 475 486 450 431 433 435 449 472 488 477 475 451 457 483 471 445 440 448 437 449 463 419 410 436 456 443 479 495 475 482 460 473 467 451 427 435 467 462 476 479 455 472 463 455 421 435 461 450 423 457 473 465 454 461 439 412 420 440 419 398 438 473 486 484 475 458 432 462 451 474 488 450 489 500 508 496 467 432 442 449 460 447 438 441 480 460 430 411 440 456 463 435 387 409 426 443 451 425 411 449 419 442 440 435 439 446 453 460 449 442 469 453 473 458 485 448 416 434 408 431 451 429 460 458 438 450 504 474 428 441 453 477 472 438 433 454 441 448 464 478 465 466 468 460 431 419 431 442 428 454 475 435 432 435 466 475 479 463 444 458 482 487 487 470 472 472 452 434 428 452 437 446 462 442 410 437 420 441 445 413 416 459 481 514 540 532 505 462 427 435 461 453 425 418 404 419 450 461 449 463 450 438 460 445 464 475 458 482 492 444 449 450 454 456 460 442 457 443 432 451 462 457 459 458 438 451 438 480 477 452 442 416 418 456 446 448 425 438 465 482 475 466 473 472 431 445 466 491 458 462 447 472 467 465 463 446 476 460 451 466 451 428 455 479 453 446 452 453 439 419 407 413 440 459 460 447 435 439 454 443 447 469 465 427 416 426 414 416 440 453 455 440 424 402 409 430 425 461 497 472 455 455 497 486 468 447 423 439 442 412 429 493 492 474 440 429 425 432 470 456 426 429 412 388 380 392 425 437 443 440 442 473 461 465 475 471 444 482 469 477 454 441 452 448 467 449 411 405 433 431 462 465 473 461 449 466 491 439 450 474 470 435 432 434 438 430 445 449 462 443 441 454 439 438 447 478 442 453 445 453 454 435 434 436 443 462 460 462 475 463 473 454 445 463 444 438 442 473 468 460 455 437 441 425 410 446 470 469 452 423 436 467 460 448 468 457 422 395 425 464 476 442 435 435 430 422 414 411 406 426 471 450 470 451 443 468 523 512 490 460 456 422 413 435 479 469 424 416 426 455 463 475 440 433 444 453 464 452 464 486 452 438 430 470 483 470 454 464 468 465 435 465 446 461 449 449 477 493 461 469 449 452 450 474 474 431 431 441 459 469 465 454 422 453 457 429 427 461 472 477 483 481 445 450 457 448 432 442 457 444 436 469 494 497 453 464 475 472 461 483 449 456 451 462 483 484 459 451 468 447 429 423 435 485 479 444 424 445 438 432 419 422 451 489 494 505 463 475 446 435 471 463 450 448 456 455 411 446 467 444 413 455 451 486 468 457 478 483 415 420 441 415 457 481 442 442 425 409 431 491 493 472 464 470 460 469 488 506 506 477 430 451 461 448 444 441 476 521 507 528 490 483 462 478 480 467 482 500 495 466 446 431 478 462 471 464 433 445 453 451 441 463 488 466 451 449 461 450 443 469 442 464 473 457 476 481 466 433 441 470 480 444 413 401 392 403 439 426 425 448 446 455 482 481 471 502 468 451 487 466 446 477 472 485 492 483 466 440 439 455 463 484 491 469 467 455 485 480 483 466 454 510 498 470 443 449 480 428 443 478 458 447 469 462 470 469 462 453 438 452 476 460 426 447 447 462 459 448 475 443 463 458 473 459 472 448 452 477 458 469 480 461 473 491 466 468 496 525 496 458 458 468 468 445 436 423 482 464 459 455 449 433 429 438 448 457 464 441 473 488 458 457 
vem trace:

