SDId: 34883348
energy: 1.36818e+18
zenith: 0.382709
azimuth: 2.45825
GPSSeconc: 1127610717
stid: 341
spdistance: 1171.28
radio trace:
522 501 475 439 445 467 500 535 540 541 518 501 511 536 540 539 515 534 559 521 517 531 514 524 512 516 484 489 500 492 490 479 481 505 486 500 504 525 536 523 512 486 493 501 508 512 522 536 504 469 481 474 456 465 469 531 511 523 523 487 513 560 557 571 591 538 531 508 520 542 550 544 531 522 507 493 492 501 466 504 543 576 516 477 504 492 499 545 562 505 480 477 575 538 500 483 505 497 516 486 506 499 505 503 499 506 505 482 520 529 526 552 553 561 538 521 539 534 531 543 556 554 510 492 517 478 492 487 493 450 460 495 519 538 548 539 572 580 571 562 557 549 532 521 500 501 500 521 499 458 480 491 488 477 492 507 513 506 499 498 492 514 508 500 486 461 513 490 498 474 499 528 529 542 546 548 530 541 525 497 504 494 488 486 483 535 529 512 473 485 509 510 546 514 533 490 527 522 521 488 491 487 512 499 497 526 523 543 564 551 567 506 464 483 488 482 476 554 586 605 590 536 553 533 536 554 532 553 536 539 487 495 515 518 539 547 532 479 499 519 495 522 538 554 509 510 504 500 551 526 511 507 525 548 519 511 478 493 505 532 499 512 524 549 578 531 490 492 490 521 529 491 519 486 512 509 468 486 487 495 545 534 490 478 456 484 513 505 489 500 498 520 518 505 493 496 487 501 520 535 500 536 518 521 538 529 517 523 547 569 562 509 553 531 492 488 540 515 501 504 519 567 508 514 532 543 517 525 520 478 507 556 552 539 532 502 509 482 524 541 498 490 505 524 527 503 486 506 501 519 508 539 537 558 539 492 503 496 515 494 543 554 522 538 543 492 516 556 557 530 525 550 536 504 474 475 497 541 573 548 561 531 547 568 530 473 493 506 509 526 514 493 488 533 530 546 515 480 517 536 530 529 535 530 550 543 524 513 548 540 567 528 524 532 511 502 489 484 473 490 486 503 525 576 567 535 506 496 492 531 481 512 549 525 497 501 524 520 493 510 510 485 503 516 535 527 510 513 528 525 527 524 519 544 517 523 509 496 525 522 519 503 545 547 566 554 549 526 547 526 515 525 522 491 467 501 521 509 496 472 483 519 538 512 522 511 516 524 521 552 524 540 522 513 515 495 547 558 535 517 534 513 515 510 529 506 491 454 522 537 542 539 534 519 491 498 512 501 512 543 521 533 534 521 497 503 513 509 473 453 475 508 517 554 577 538 527 507 487 487 499 489 485 527 498 489 482 534 534 521 532 559 550 554 564 522 535 542 524 517 509 516 561 562 529 540 554 534 547 533 519 544 539 533 537 523 503 526 519 546 512 501 525 546 549 501 504 495 541 510 488 510 539 517 485 511 494 504 501 511 549 581 550 541 493 511 501 465 483 501 523 542 522 515 505 514 536 501 473 520 508 519 516 509 501 472 457 514 542 563 544 515 504 524 493 488 494 515 506 506 531 535 514 468 468 472 485 459 468 488 511 496 500 554 574 581 548 499 467 491 495 527 544 547 516 490 491 466 480 498 482 497 519 546 523 506 492 497 487 475 484 478 499 551 533 525 528 505 484 471 443 501 512 536 529 554 555 537 539 525 561 546 531 489 479 519 532 498 501 520 488 476 482 490 465 541 551 528 495 485 514 532 483 484 508 507 535 540 538 555 525 522 502 479 498 472 511 517 536 499 514 497 492 538 518 498 519 548 558 556 515 525 533 552 531 492 470 491 507 476 521 512 509 499 524 541 533 497 
vem trace:

stid: 341
spdistance: 1171.28
radio trace:
522 501 475 439 445 467 500 535 540 541 518 501 511 536 540 539 515 534 559 521 517 531 514 524 512 516 484 489 500 492 490 479 481 505 486 500 504 525 536 523 512 486 493 501 508 512 522 536 504 469 481 474 456 465 469 531 511 523 523 487 513 560 557 571 591 538 531 508 520 542 550 544 531 522 507 493 492 501 466 504 543 576 516 477 504 492 499 545 562 505 480 477 575 538 500 483 505 497 516 486 506 499 505 503 499 506 505 482 520 529 526 552 553 561 538 521 539 534 531 543 556 554 510 492 517 478 492 487 493 450 460 495 519 538 548 539 572 580 571 562 557 549 532 521 500 501 500 521 499 458 480 491 488 477 492 507 513 506 499 498 492 514 508 500 486 461 513 490 498 474 499 528 529 542 546 548 530 541 525 497 504 494 488 486 483 535 529 512 473 485 509 510 546 514 533 490 527 522 521 488 491 487 512 499 497 526 523 543 564 551 567 506 464 483 488 482 476 554 586 605 590 536 553 533 536 554 532 553 536 539 487 495 515 518 539 547 532 479 499 519 495 522 538 554 509 510 504 500 551 526 511 507 525 548 519 511 478 493 505 532 499 512 524 549 578 531 490 492 490 521 529 491 519 486 512 509 468 486 487 495 545 534 490 478 456 484 513 505 489 500 498 520 518 505 493 496 487 501 520 535 500 536 518 521 538 529 517 523 547 569 562 509 553 531 492 488 540 515 501 504 519 567 508 514 532 543 517 525 520 478 507 556 552 539 532 502 509 482 524 541 498 490 505 524 527 503 486 506 501 519 508 539 537 558 539 492 503 496 515 494 543 554 522 538 543 492 516 556 557 530 525 550 536 504 474 475 497 541 573 548 561 531 547 568 530 473 493 506 509 526 514 493 488 533 530 546 515 480 517 536 530 529 535 530 550 543 524 513 548 540 567 528 524 532 511 502 489 484 473 490 486 503 525 576 567 535 506 496 492 531 481 512 549 525 497 501 524 520 493 510 510 485 503 516 535 527 510 513 528 525 527 524 519 544 517 523 509 496 525 522 519 503 545 547 566 554 549 526 547 526 515 525 522 491 467 501 521 509 496 472 483 519 538 512 522 511 516 524 521 552 524 540 522 513 515 495 547 558 535 517 534 513 515 510 529 506 491 454 522 537 542 539 534 519 491 498 512 501 512 543 521 533 534 521 497 503 513 509 473 453 475 508 517 554 577 538 527 507 487 487 499 489 485 527 498 489 482 534 534 521 532 559 550 554 564 522 535 542 524 517 509 516 561 562 529 540 554 534 547 533 519 544 539 533 537 523 503 526 519 546 512 501 525 546 549 501 504 495 541 510 488 510 539 517 485 511 494 504 501 511 549 581 550 541 493 511 501 465 483 501 523 542 522 515 505 514 536 501 473 520 508 519 516 509 501 472 457 514 542 563 544 515 504 524 493 488 494 515 506 506 531 535 514 468 468 472 485 459 468 488 511 496 500 554 574 581 548 499 467 491 495 527 544 547 516 490 491 466 480 498 482 497 519 546 523 506 492 497 487 475 484 478 499 551 533 525 528 505 484 471 443 501 512 536 529 554 555 537 539 525 561 546 531 489 479 519 532 498 501 520 488 476 482 490 465 541 551 528 495 485 514 532 483 484 508 507 535 540 538 555 525 522 502 479 498 472 511 517 536 499 514 497 492 538 518 498 519 548 558 556 515 525 533 552 531 492 470 491 507 476 521 512 509 499 524 541 533 497 
vem trace:

