SDId: 34787890
energy: 6.6136e+17
zenith: 0.334218
azimuth: 1.5009
GPSSeconc: 1127004210
stid: 342
spdistance: 467.672
radio trace:
384 378 418 421 436 443 441 428 463 459 436 437 441 408 400 384 384 381 428 455 421 436 416 428 425 445 443 411 412 450 462 434 452 458 451 426 416 409 423 419 418 452 456 462 472 434 421 422 410 435 423 413 430 438 445 431 433 450 416 428 442 449 480 485 492 474 468 450 438 430 440 403 402 437 455 405 396 442 429 455 460 444 443 421 432 459 453 418 410 402 441 449 445 456 424 443 468 448 421 416 419 410 427 450 449 458 418 403 437 445 446 452 441 434 446 448 453 465 437 455 463 461 438 436 424 418 429 439 430 441 454 441 442 451 472 462 432 395 405 430 441 385 378 405 419 439 448 443 453 467 459 465 450 436 460 452 461 461 474 484 480 495 492 454 441 458 460 456 452 465 461 416 425 447 452 409 411 419 425 438 418 444 442 434 438 418 417 400 415 447 438 394 417 414 411 423 410 393 421 437 439 445 437 401 409 456 464 447 446 422 437 415 420 426 438 423 454 436 431 454 433 444 451 454 423 427 473 466 447 460 447 434 424 404 415 436 430 423 427 421 409 445 474 457 448 421 450 427 413 427 444 460 443 431 419 443 439 433 418 410 470 477 481 476 451 438 432 433 442 436 424 429 400 407 463 469 461 467 464 439 443 426 410 410 437 451 449 474 474 444 462 456 485 485 436 442 453 450 475 443 413 416 430 421 393 371 384 404 425 445 456 448 419 436 421 416 438 404 392 407 426 428 430 455 454 444 457 425 415 427 437 439 438 436 450 460 467 473 463 447 446 454 456 451 468 456 437 430 455 449 445 420 438 453 432 434 440 436 397 394 429 427 435 431 448 465 451 429 418 435 425 422 429 412 423 465 475 480 457 435 439 426 418 445 453 436 446 465 445 460 464 452 457 435 413 449 454 425 421 413 425 443 441 471 463 480 464 444 428 429 418 390 410 420 437 476 480 463 452 453 471 438 439 454 443 439 430 432 410 395 420 464 480 439 430 408 404 408 437 434 408 420 427 425 446 450 465 465 434 415 417 413 424 442 437 445 435 424 424 448 423 449 419 418 427 425 404 413 440 420 432 411 381 363 393 400 403 413 398 403 396 415 421 410 405 413 380 411 425 403 403 407 424 423 429 430 441 438 414 433 436 420 384 398 423 411 422 428 404 424 437 429 433 455 412 411 417 413 386 392 379 370 376 441 447 402 394 392 377 369 402 410 421 403 407 416 411 406 425 436 408 423 432 418 429 412 398 428 418 413 397 402 411 419 410 420 420 428 443 427 418 432 416 413 456 408 391 414 403 400 402 436 437 401 400 424 424 433 447 408 410 429 419 428 446 398 374 383 390 398 388 380 385 388 403 404 422 436 422 438 441 435 438 445 437 450 449 464 448 418 412 400 426 415 470 472 462 405 418 412 423 427 406 410 413 372 378 405 398 404 400 396 408 412 409 444 451 453 470 481 477 465 436 439 451 423 435 432 402 416 401 419 423 435 454 439 441 429 432 433 425 442 394 405 409 418 424 446 433 438 448 436 407 400 420 447 438 463 482 458 436 433 433 436 421 413 430 396 412 428 422 429 459 461 447 446 451 424 393 413 429 418 426 422 417 431 434 428 423 413 404 413 398 378 395 421 413 392 358 355 367 366 400 429 433 454 455 440 427 421 449 447 454 416 428 429 453 459 455 435 431 419 418 403 404 416 423 440 439 455 452 438 445 425 421 421 435 399 371 403 442 433 416 419 428 452 463 472 
vem trace:

stid: 333
spdistance: 1062.29
radio trace:
405 422 434 450 440 434 443 425 423 416 372 404 419 438 419 429 430 442 443 446 446 427 412 435 424 427 433 441 428 454 438 425 439 416 408 438 431 434 466 411 435 438 413 419 406 397 433 470 445 445 413 441 461 454 457 450 449 418 433 394 428 474 402 424 427 439 487 459 454 456 428 426 390 431 426 424 451 429 443 430 411 408 398 412 395 416 430 455 457 446 461 455 449 458 482 461 421 404 427 448 413 397 404 460 444 414 419 373 375 389 425 422 445 426 426 447 473 446 424 418 425 413 425 425 424 421 433 437 434 418 395 411 428 434 412 432 448 417 441 451 452 473 471 428 420 417 445 444 446 463 477 449 423 396 383 433 414 407 437 450 462 432 431 402 431 413 436 424 401 419 457 432 434 436 429 438 410 452 446 414 422 424 452 431 448 475 488 500 479 426 445 456 473 477 459 462 454 439 437 449 445 431 418 430 444 427 418 415 423 431 428 419 418 408 438 419 412 414 399 423 432 415 449 456 468 463 431 443 451 456 441 472 421 398 367 426 437 426 446 434 441 460 488 455 430 422 415 422 439 425 411 434 436 424 454 454 453 420 412 451 414 427 427 468 470 440 452 467 475 432 430 447 468 460 437 423 451 464 471 460 422 402 407 417 411 385 398 422 435 430 430 444 468 465 480 485 481 439 428 418 394 427 449 446 461 465 458 429 449 462 449 438 450 466 447 451 430 389 420 413 400 411 433 416 423 466 461 451 467 449 444 472 458 462 438 425 439 444 443 465 461 472 468 431 429 433 434 418 432 418 411 416 380 443 483 449 439 432 453 456 433 457 453 447 467 482 451 382 398 432 439 439 436 445 436 438 436 429 418 484 467 444 428 431 455 458 464 423 445 432 443 427 450 390 410 416 449 445 432 433 436 450 454 433 449 461 442 423 448 459 458 458 466 462 443 416 447 450 453 459 449 449 442 428 430 421 410 430 439 440 439 431 434 435 444 459 427 424 441 435 441 470 440 428 425 436 415 455 457 422 415 439 461 461 467 447 437 395 407 446 423 448 468 461 446 435 410 394 373 380 384 424 447 438 453 439 437 451 468 465 428 450 416 400 391 404 423 415 412 395 374 405 445 422 391 425 441 455 412 418 442 417 402 405 441 453 410 438 441 401 401 407 404 414 406 424 408 409 436 440 420 423 453 417 409 435 468 463 472 460 434 427 413 428 434 449 442 436 443 437 417 411 411 417 417 388 392 382 379 380 375 421 444 469 460 420 439 455 434 412 436 412 443 449 427 424 399 451 480 460 458 428 417 414 435 434 412 395 419 438 427 428 410 382 389 416 428 434 418 428 415 435 437 427 435 438 447 440 465 424 441 418 405 373 430 445 438 437 408 459 452 424 445 414 425 415 446 434 446 432 406 404 392 421 419 418 414 413 401 388 405 427 433 409 437 425 421 425 420 407 410 413 426 445 443 421 454 425 420 402 384 399 364 373 389 420 442 462 438 446 444 458 461 449 411 378 393 451 428 430 436 415 428 425 443 413 404 370 391 389 370 408 427 407 339 357 411 394 428 433 430 431 420 412 424 390 426 416 400 418 436 433 416 420 409 426 420 426 421 405 399 426 393 421 438 408 421 441 423 401 400 423 444 431 423 424 417 405 400 417 474 466 445 432 451 400 381 389 445 455 456 447 421 446 405 371 376 391 429 412 388 375 418 407 417 460 467 444 450 438 426 447 428 452 442 453 439 407 
vem trace:

stid: 332
spdistance: 1079.69
radio trace:
529 549 514 499 506 517 497 504 557 564 546 564 553 561 519 502 513 514 551 549 515 523 530 537 541 540 502 495 518 528 531 529 545 550 498 482 476 490 502 497 518 517 512 502 530 552 560 552 552 553 520 542 541 553 563 527 493 490 514 530 524 524 515 523 542 525 508 523 535 559 558 552 588 560 555 518 518 515 518 529 528 538 532 522 554 543 520 513 521 525 539 549 530 491 497 543 554 537 538 550 552 531 520 551 536 539 536 536 528 519 524 537 556 525 550 520 506 492 490 520 544 537 509 505 492 490 504 495 518 504 500 489 490 516 545 509 520 551 542 533 553 562 553 574 567 558 561 557 543 540 527 525 552 528 563 554 526 527 552 572 541 538 553 486 515 527 538 548 521 535 534 523 496 498 514 556 528 538 502 516 526 506 515 554 519 495 516 501 515 519 513 549 545 534 537 545 552 533 526 535 516 526 530 535 545 546 513 540 544 538 577 591 545 548 523 548 540 524 528 559 567 560 524 525 490 470 505 519 561 580 545 535 487 495 487 482 527 531 585 557 519 525 545 551 539 521 525 556 556 562 565 543 540 524 519 552 545 549 529 564 617 557 523 558 561 522 553 559 551 570 538 517 519 531 549 524 541 542 487 499 515 545 536 521 506 554 523 513 534 531 521 534 556 538 568 551 506 530 537 559 541 516 509 514 536 550 504 473 494 518 555 536 541 573 559 532 549 563 564 540 557 600 603 560 525 504 471 533 540 500 515 512 508 578 570 575 582 563 533 534 527 541 523 537 528 530 557 534 505 508 540 494 517 517 491 509 515 510 529 531 533 546 528 548 554 516 531 498 539 562 574 557 574 578 578 560 528 520 538 524 528 525 550 540 544 556 562 545 548 586 565 554 570 558 555 550 578 585 571 520 519 527 509 480 489 517 535 543 551 552 550 552 531 515 550 580 585 580 570 543 524 530 523 550 540 544 529 522 541 503 504 524 561 560 548 546 545 528 505 553 505 492 528 546 526 531 488 508 533 571 560 576 548 544 499 505 532 573 505 502 493 541 546 531 527 544 544 528 534 517 495 516 479 500 490 517 542 550 541 542 516 489 519 530 510 526 544 521 541 557 577 535 511 544 546 550 545 536 518 509 514 525 512 533 496 513 562 578 563 549 520 539 541 547 528 528 557 574 560 573 580 623 635 598 566 572 525 476 520 552 565 561 550 525 518 530 562 525 541 516 541 536 547 501 505 503 539 512 520 531 563 569 535 523 549 559 566 530 543 547 552 525 523 529 530 529 539 543 552 558 553 504 539 496 504 538 534 541 524 550 576 561 563 558 538 512 538 523 542 534 511 519 525 518 501 498 532 550 543 515 553 541 524 540 503 499 511 520 532 532 513 527 507 501 509 541 544 550 559 560 545 553 538 525 522 535 523 527 573 557 530 536 528 529 550 584 531 538 532 548 530 527 535 526 563 534 524 524 501 519 483 534 540 523 549 535 497 520 555 516 537 564 558 564 560 562 537 529 551 565 528 512 507 555 570 546 531 512 507 493 498 518 541 545 491 514 509 511 539 545 554 627 572 514 503 539 572 526 523 534 511 526 564 547 549 523 530 533 532 521 531 525 533 513 519 534 537 534 527 476 482 489 494 524 595 584 580 566 534 526 552 556 526 525 545 483 481 481 490 523 513 520 540 523 511 472 487 497 529 505 521 516 550 567 545 518 514 515 523 547 545 562 603 580 598 564 561 584 
vem trace:

