SDId: 34790007
energy: 4.70547e+17
zenith: 0.198271
azimuth: 0.432886
GPSSeconc: 1127018050
stid: 341
spdistance: 6244.43
radio trace:
499 512 488 504 521 511 491 475 512 528 501 526 529 506 453 498 523 512 511 505 472 440 459 511 515 513 513 535 565 551 518 472 456 484 470 511 533 541 494 467 524 526 538 510 533 542 497 487 509 487 463 476 472 475 471 449 468 484 503 532 558 502 526 524 516 459 455 528 509 536 545 530 500 518 479 487 517 547 547 529 520 517 530 512 490 505 470 448 439 423 444 503 534 480 434 486 501 460 501 508 517 503 514 523 530 512 525 523 481 500 515 541 534 527 485 427 459 488 491 536 575 572 499 518 501 471 481 517 547 543 557 564 519 517 541 557 531 549 551 547 474 463 468 479 501 535 570 539 517 498 517 522 495 518 529 511 498 567 570 503 490 509 476 506 518 552 550 491 493 492 468 494 486 454 470 514 505 536 529 497 499 457 479 464 495 469 452 475 537 525 526 527 523 533 504 492 500 509 517 501 515 490 502 491 462 476 442 436 468 440 445 429 447 470 474 471 465 470 502 518 499 498 511 479 519 526 553 508 492 516 527 535 524 520 509 516 484 500 449 485 479 506 545 547 534 486 518 520 546 557 540 510 469 473 514 518 480 494 519 509 541 527 505 511 451 450 490 518 480 443 462 496 482 488 481 477 484 486 457 455 477 467 476 524 508 520 522 526 543 520 497 487 509 478 478 482 489 503 490 493 495 490 540 567 496 488 498 519 555 556 551 521 460 472 482 495 508 500 504 524 522 476 467 459 452 513 526 546 569 513 476 506 499 526 512 477 523 492 525 521 536 511 518 498 504 532 511 512 454 439 494 507 513 491 475 486 519 514 507 525 480 465 495 467 486 525 530 548 520 500 482 490 486 485 512 554 501 449 400 426 459 468 493 520 510 531 541 493 484 521 553 557 497 490 500 459 450 499 500 502 524 524 549 497 531 502 482 494 532 517 518 519 516 513 476 500 529 521 507 489 485 483 526 515 545 529 549 523 504 487 502 505 537 535 494 470 536 525 504 517 517 495 479 490 520 508 493 503 507 493 493 494 490 517 505 503 513 519 545 504 513 521 490 510 531 557 526 528 553 511 503 482 489 512 499 471 455 509 541 529 512 504 493 475 507 476 486 495 494 452 467 492 498 462 459 468 513 519 510 508 512 487 523 524 526 492 460 463 485 503 526 496 449 519 484 505 492 514 512 520 516 488 425 438 483 467 498 497 517 554 527 498 470 483 523 536 536 509 536 530 531 501 510 517 558 513 485 503 484 473 501 537 522 538 535 500 485 501 503 513 498 503 475 483 477 481 499 483 491 523 528 494 444 459 490 488 512 498 500 513 525 499 492 513 528 509 479 489 488 518 518 496 532 520 513 516 532 513 497 504 496 511 486 489 497 501 484 491 549 503 516 490 460 426 452 478 485 493 518 527 508 499 493 486 526 525 537 507 487 491 472 522 522 517 488 510 507 501 456 465 500 491 485 501 518 510 495 441 499 556 557 502 488 500 480 447 440 426 492 486 478 485 465 445 449 482 496 496 490 515 543 495 489 530 520 512 530 514 534 531 493 450 416 438 469 456 488 486 484 479 508 504 513 521 524 527 514 508 526 530 511 534 509 456 444 470 494 509 458 466 465 487 525 526 517 497 504 507 496 489 476 475 487 532 549 503 490 511 517 538 546 502 490 485 481 495 483 467 475 487 487 524 507 505 490 465 492 497 509 514 563 530 542 507 513 546 495 505 510 533 499 463 502 487 493 488 459 517 
vem trace:

stid: 341
spdistance: 6244.43
radio trace:
499 512 488 504 521 511 491 475 512 528 501 526 529 506 453 498 523 512 511 505 472 440 459 511 515 513 513 535 565 551 518 472 456 484 470 511 533 541 494 467 524 526 538 510 533 542 497 487 509 487 463 476 472 475 471 449 468 484 503 532 558 502 526 524 516 459 455 528 509 536 545 530 500 518 479 487 517 547 547 529 520 517 530 512 490 505 470 448 439 423 444 503 534 480 434 486 501 460 501 508 517 503 514 523 530 512 525 523 481 500 515 541 534 527 485 427 459 488 491 536 575 572 499 518 501 471 481 517 547 543 557 564 519 517 541 557 531 549 551 547 474 463 468 479 501 535 570 539 517 498 517 522 495 518 529 511 498 567 570 503 490 509 476 506 518 552 550 491 493 492 468 494 486 454 470 514 505 536 529 497 499 457 479 464 495 469 452 475 537 525 526 527 523 533 504 492 500 509 517 501 515 490 502 491 462 476 442 436 468 440 445 429 447 470 474 471 465 470 502 518 499 498 511 479 519 526 553 508 492 516 527 535 524 520 509 516 484 500 449 485 479 506 545 547 534 486 518 520 546 557 540 510 469 473 514 518 480 494 519 509 541 527 505 511 451 450 490 518 480 443 462 496 482 488 481 477 484 486 457 455 477 467 476 524 508 520 522 526 543 520 497 487 509 478 478 482 489 503 490 493 495 490 540 567 496 488 498 519 555 556 551 521 460 472 482 495 508 500 504 524 522 476 467 459 452 513 526 546 569 513 476 506 499 526 512 477 523 492 525 521 536 511 518 498 504 532 511 512 454 439 494 507 513 491 475 486 519 514 507 525 480 465 495 467 486 525 530 548 520 500 482 490 486 485 512 554 501 449 400 426 459 468 493 520 510 531 541 493 484 521 553 557 497 490 500 459 450 499 500 502 524 524 549 497 531 502 482 494 532 517 518 519 516 513 476 500 529 521 507 489 485 483 526 515 545 529 549 523 504 487 502 505 537 535 494 470 536 525 504 517 517 495 479 490 520 508 493 503 507 493 493 494 490 517 505 503 513 519 545 504 513 521 490 510 531 557 526 528 553 511 503 482 489 512 499 471 455 509 541 529 512 504 493 475 507 476 486 495 494 452 467 492 498 462 459 468 513 519 510 508 512 487 523 524 526 492 460 463 485 503 526 496 449 519 484 505 492 514 512 520 516 488 425 438 483 467 498 497 517 554 527 498 470 483 523 536 536 509 536 530 531 501 510 517 558 513 485 503 484 473 501 537 522 538 535 500 485 501 503 513 498 503 475 483 477 481 499 483 491 523 528 494 444 459 490 488 512 498 500 513 525 499 492 513 528 509 479 489 488 518 518 496 532 520 513 516 532 513 497 504 496 511 486 489 497 501 484 491 549 503 516 490 460 426 452 478 485 493 518 527 508 499 493 486 526 525 537 507 487 491 472 522 522 517 488 510 507 501 456 465 500 491 485 501 518 510 495 441 499 556 557 502 488 500 480 447 440 426 492 486 478 485 465 445 449 482 496 496 490 515 543 495 489 530 520 512 530 514 534 531 493 450 416 438 469 456 488 486 484 479 508 504 513 521 524 527 514 508 526 530 511 534 509 456 444 470 494 509 458 466 465 487 525 526 517 497 504 507 496 489 476 475 487 532 549 503 490 511 517 538 546 502 490 485 481 495 483 467 475 487 487 524 507 505 490 465 492 497 509 514 563 530 542 507 513 546 495 505 510 533 499 463 502 487 493 488 459 517 
vem trace:

