SDId: 34726284
energy: 9.39494e+17
zenith: 0.729193
azimuth: 0.671579
GPSSeconc: 1126634333
stid: 341
spdistance: 1053
radio trace:
558 551 523 537 587 597 554 533 547 513 508 522 561 561 539 537 537 556 554 526 492 522 548 553 579 535 532 511 508 528 574 552 557 551 523 528 558 526 512 509 515 543 529 529 521 517 526 534 564 540 547 556 548 558 563 565 549 523 542 531 535 577 558 544 534 566 577 544 543 533 516 566 551 540 564 560 516 516 544 528 537 554 496 511 504 475 498 533 537 532 512 536 530 531 527 550 557 536 534 551 526 525 527 512 534 521 533 531 538 538 544 532 550 534 577 569 576 537 548 590 572 573 523 510 525 516 493 469 492 520 489 492 513 500 538 568 554 509 510 546 528 529 542 516 515 529 554 552 525 569 571 516 493 541 545 547 543 568 567 559 543 510 492 530 560 556 547 521 528 520 512 512 513 553 573 544 520 558 566 579 596 549 578 576 549 543 541 564 571 563 541 527 501 509 531 538 510 503 488 549 542 544 539 497 465 516 520 542 556 531 497 471 495 486 483 488 536 579 577 516 508 557 570 587 549 543 535 518 497 521 549 533 513 498 496 518 539 484 525 560 556 515 530 531 523 508 517 526 541 530 568 556 523 568 564 548 514 475 469 496 520 531 534 509 568 546 556 552 541 535 531 550 590 597 535 543 561 532 526 529 521 554 550 538 539 579 593 549 509 485 531 539 522 544 517 507 513 526 497 550 540 518 512 479 485 506 548 565 571 548 528 504 492 522 556 570 541 538 509 516 491 473 469 490 583 577 506 474 464 470 466 474 491 487 469 461 498 493 511 495 504 547 574 559 522 514 529 578 627 596 579 553 557 532 526 559 564 561 575 582 561 513 555 518 526 552 593 530 510 523 557 556 542 524 510 492 526 536 512 523 520 516 536 572 531 559 508 489 501 542 570 603 556 516 555 568 543 521 539 547 597 582 528 540 559 555 548 574 554 534 545 571 563 566 566 535 503 524 459 444 472 551 533 529 533 520 511 533 549 532 551 506 531 523 513 532 511 541 541 516 527 534 534 502 500 472 477 534 575 530 475 501 507 550 544 537 563 551 581 544 533 511 513 517 524 544 536 556 572 569 542 561 550 531 535 556 559 562 544 510 500 512 568 575 555 528 510 539 544 569 556 525 484 506 521 539 566 605 602 594 591 557 545 536 537 541 543 581 541 542 576 552 563 593 537 509 491 518 539 540 497 547 558 566 550 533 527 537 544 564 574 572 526 504 555 565 561 562 527 534 563 543 519 560 557 560 529 519 536 569 565 552 542 536 529 557 542 511 528 526 489 536 554 540 565 562 562 561 533 525 539 548 546 566 511 533 508 494 509 549 524 554 573 512 521 515 552 520 525 547 519 505 541 577 580 588 551 557 558 562 570 554 560 564 513 518 548 571 572 547 504 532 543 526 551 489 506 507 529 553 516 504 497 551 566 538 525 518 538 515 529 518 497 528 537 520 509 513 548 568 563 533 478 472 498 522 509 535 523 516 550 545 537 526 527 502 486 511 503 526 516 507 554 561 603 582 519 491 490 489 543 557 542 515 495 525 551 575 527 534 568 557 552 567 567 569 547 537 556 527 506 569 592 545 532 576 545 543 522 523 579 558 552 523 568 549 532 571 531 512 536 496 501 482 500 527 545 544 553 539 519 529 491 518 520 537 563 497 498 512 535 538 529 502 544 538 579 549 510 514 515 491 489 520 550 558 565 536 560 514 478 505 501 505 524 533 502 490 489 537 576 535 505 528 489 515 518 537 
vem trace:

stid: 341
spdistance: 1053
radio trace:
558 551 523 537 587 597 554 533 547 513 508 522 561 561 539 537 537 556 554 526 492 522 548 553 579 535 532 511 508 528 574 552 557 551 523 528 558 526 512 509 515 543 529 529 521 517 526 534 564 540 547 556 548 558 563 565 549 523 542 531 535 577 558 544 534 566 577 544 543 533 516 566 551 540 564 560 516 516 544 528 537 554 496 511 504 475 498 533 537 532 512 536 530 531 527 550 557 536 534 551 526 525 527 512 534 521 533 531 538 538 544 532 550 534 577 569 576 537 548 590 572 573 523 510 525 516 493 469 492 520 489 492 513 500 538 568 554 509 510 546 528 529 542 516 515 529 554 552 525 569 571 516 493 541 545 547 543 568 567 559 543 510 492 530 560 556 547 521 528 520 512 512 513 553 573 544 520 558 566 579 596 549 578 576 549 543 541 564 571 563 541 527 501 509 531 538 510 503 488 549 542 544 539 497 465 516 520 542 556 531 497 471 495 486 483 488 536 579 577 516 508 557 570 587 549 543 535 518 497 521 549 533 513 498 496 518 539 484 525 560 556 515 530 531 523 508 517 526 541 530 568 556 523 568 564 548 514 475 469 496 520 531 534 509 568 546 556 552 541 535 531 550 590 597 535 543 561 532 526 529 521 554 550 538 539 579 593 549 509 485 531 539 522 544 517 507 513 526 497 550 540 518 512 479 485 506 548 565 571 548 528 504 492 522 556 570 541 538 509 516 491 473 469 490 583 577 506 474 464 470 466 474 491 487 469 461 498 493 511 495 504 547 574 559 522 514 529 578 627 596 579 553 557 532 526 559 564 561 575 582 561 513 555 518 526 552 593 530 510 523 557 556 542 524 510 492 526 536 512 523 520 516 536 572 531 559 508 489 501 542 570 603 556 516 555 568 543 521 539 547 597 582 528 540 559 555 548 574 554 534 545 571 563 566 566 535 503 524 459 444 472 551 533 529 533 520 511 533 549 532 551 506 531 523 513 532 511 541 541 516 527 534 534 502 500 472 477 534 575 530 475 501 507 550 544 537 563 551 581 544 533 511 513 517 524 544 536 556 572 569 542 561 550 531 535 556 559 562 544 510 500 512 568 575 555 528 510 539 544 569 556 525 484 506 521 539 566 605 602 594 591 557 545 536 537 541 543 581 541 542 576 552 563 593 537 509 491 518 539 540 497 547 558 566 550 533 527 537 544 564 574 572 526 504 555 565 561 562 527 534 563 543 519 560 557 560 529 519 536 569 565 552 542 536 529 557 542 511 528 526 489 536 554 540 565 562 562 561 533 525 539 548 546 566 511 533 508 494 509 549 524 554 573 512 521 515 552 520 525 547 519 505 541 577 580 588 551 557 558 562 570 554 560 564 513 518 548 571 572 547 504 532 543 526 551 489 506 507 529 553 516 504 497 551 566 538 525 518 538 515 529 518 497 528 537 520 509 513 548 568 563 533 478 472 498 522 509 535 523 516 550 545 537 526 527 502 486 511 503 526 516 507 554 561 603 582 519 491 490 489 543 557 542 515 495 525 551 575 527 534 568 557 552 567 567 569 547 537 556 527 506 569 592 545 532 576 545 543 522 523 579 558 552 523 568 549 532 571 531 512 536 496 501 482 500 527 545 544 553 539 519 529 491 518 520 537 563 497 498 512 535 538 529 502 544 538 579 549 510 514 515 491 489 520 550 558 565 536 560 514 478 505 501 505 524 533 502 490 489 537 576 535 505 528 489 515 518 537 
vem trace:

stid: 332
spdistance: 1167.67
radio trace:
565 540 526 550 572 580 579 565 569 571 578 551 532 514 526 530 538 549 523 487 508 505 544 550 528 546 519 511 539 547 554 534 533 538 564 548 549 516 522 549 545 521 537 550 541 518 552 566 553 548 565 587 563 564 553 576 569 554 575 537 541 553 554 542 536 559 529 513 516 547 541 555 535 530 539 509 509 517 539 524 545 536 536 557 519 531 540 519 511 533 558 556 599 547 518 549 578 571 556 508 491 527 557 574 580 596 582 535 544 522 515 525 545 547 569 560 556 569 576 561 531 536 560 528 527 537 537 522 538 555 517 529 526 521 514 541 509 520 546 546 538 532 530 552 542 544 540 585 573 540 523 540 545 516 550 555 533 549 565 584 587 586 559 525 550 540 559 595 571 572 556 531 540 554 568 582 594 559 572 571 569 557 526 561 583 560 555 533 563 526 520 532 536 533 517 527 536 540 551 543 565 566 579 561 555 552 544 543 547 525 522 551 541 547 538 530 532 545 548 539 535 542 515 532 502 568 531 580 574 562 560 585 596 594 557 534 536 542 528 509 534 518 542 552 551 539 521 515 527 557 556 540 541 546 546 563 576 585 547 525 532 585 605 598 563 562 519 533 534 513 495 522 537 539 532 557 553 529 514 524 542 538 526 550 566 509 511 545 537 512 502 524 559 597 560 561 553 528 540 555 553 549 553 552 562 574 562 550 556 532 525 530 524 538 554 556 560 575 548 532 533 548 568 551 555 553 520 491 508 496 495 550 568 540 571 567 568 524 517 545 542 518 531 539 520 548 560 539 524 525 530 532 532 510 528 567 570 549 511 507 524 531 518 507 530 549 572 531 559 549 517 555 551 560 545 557 525 546 542 533 557 543 525 533 530 510 532 553 524 500 534 524 517 537 557 578 539 532 557 563 577 508 491 508 526 531 533 562 532 527 525 514 565 580 557 528 539 563 537 521 558 577 554 561 555 545 549 568 569 518 525 512 510 521 528 530 556 574 565 552 521 531 551 528 495 513 541 545 511 518 556 548 549 558 537 553 552 522 523 515 534 527 555 530 533 511 522 544 543 541 563 576 552 525 510 561 535 559 548 566 568 556 573 554 543 589 570 558 568 545 536 530 513 554 576 531 527 537 546 524 526 526 539 548 541 557 533 530 538 557 550 521 523 541 549 552 539 544 509 520 544 549 538 526 529 551 520 521 545 554 558 570 569 590 565 574 522 504 542 566 549 527 528 540 539 506 510 515 525 534 530 514 521 581 555 573 567 557 555 581 597 537 547 560 572 573 543 527 543 519 532 583 559 524 517 527 521 537 523 523 505 543 561 581 583 554 561 559 570 564 547 517 524 557 553 551 567 621 610 569 562 536 531 530 528 519 530 556 550 562 569 544 560 578 595 554 517 538 563 566 553 560 579 564 519 535 548 516 486 545 567 574 531 521 555 555 574 530 531 544 568 552 570 561 544 538 545 509 544 558 561 559 548 539 552 505 545 555 548 565 597 594 566 563 538 547 545 566 553 570 571 530 563 551 573 570 581 598 572 546 566 549 563 593 549 544 565 542 530 522 534 542 605 626 595 565 547 552 570 564 558 573 575 535 482 521 566 562 553 535 542 537 559 583 548 528 508 507 552 538 534 529 518 498 533 571 569 558 532 552 562 555 548 569 565 550 543 564 552 531 508 476 488 511 577 582 600 573 551 559 576 584 573 577 577 565 572 562 515 522 548 561 567 578 568 567 585 578 
vem trace:

