SDId: 34796513
energy: 5.99338e+17
zenith: 0.555497
azimuth: 4.21125
GPSSeconc: 1127060533
stid: 333
spdistance: 830.287
radio trace:
448 444 455 444 438 472 490 495 495 484 452 448 443 474 490 466 423 444 423 455 499 465 399 439 462 461 452 493 480 437 444 470 472 471 478 479 464 462 462 458 427 428 449 451 482 491 517 469 444 425 465 456 429 415 461 511 493 470 455 450 473 464 442 464 472 444 474 517 499 511 496 467 470 494 500 479 439 451 464 496 487 479 475 462 456 439 444 455 450 472 494 485 506 506 497 487 477 471 457 452 482 448 461 474 491 470 451 437 468 476 477 506 513 521 517 479 476 447 445 459 465 469 425 465 502 524 557 504 464 499 498 462 469 489 478 455 461 490 539 488 446 475 462 423 403 390 404 423 413 410 462 501 449 437 438 443 454 453 498 510 517 485 486 454 455 478 487 465 446 399 435 454 471 434 440 457 495 482 495 439 454 416 439 459 443 462 439 435 480 478 463 458 460 482 467 455 431 450 464 459 470 471 496 511 503 524 497 487 457 438 420 397 446 452 503 468 441 466 511 512 476 436 450 450 472 476 465 442 501 517 508 522 492 460 414 397 428 463 475 525 473 450 445 473 484 498 481 476 492 461 444 471 447 470 498 489 489 475 471 499 478 477 461 463 445 424 422 391 419 457 470 468 464 466 467 450 433 440 455 484 470 481 471 488 464 448 430 431 466 456 451 409 455 473 466 500 514 506 504 463 487 475 454 476 455 442 426 442 464 467 451 459 448 447 440 417 437 469 457 465 461 472 439 452 486 473 471 467 466 461 445 432 420 439 448 478 462 455 462 410 431 456 487 484 456 468 479 502 492 445 456 472 454 446 478 445 431 463 469 457 458 457 455 443 461 499 466 438 429 409 432 463 493 466 449 475 492 494 497 455 448 472 523 519 507 488 461 483 475 477 490 479 460 436 463 480 476 474 483 485 488 493 460 478 484 444 461 469 466 462 450 458 492 494 497 498 484 483 487 495 473 473 479 420 460 455 501 455 465 462 471 496 479 432 488 485 479 466 465 468 486 492 461 481 459 436 478 496 493 493 426 397 411 455 466 463 498 478 453 449 462 499 528 479 472 469 428 425 428 439 428 448 509 496 494 478 473 484 474 481 470 455 456 482 510 514 495 509 482 496 509 507 494 465 460 449 458 456 455 461 452 423 424 443 477 470 448 457 487 481 464 467 477 441 502 482 498 499 498 486 490 510 472 459 457 460 461 470 480 476 465 459 479 478 479 459 455 476 468 453 423 422 456 443 445 457 460 438 448 474 490 507 486 472 504 454 440 452 452 486 510 495 461 464 438 450 445 432 433 465 480 469 455 448 442 455 468 472 448 447 444 464 507 513 536 492 499 456 446 493 525 535 489 478 474 442 457 488 498 469 468 444 469 492 454 431 434 436 424 433 449 443 444 452 442 456 457 454 437 441 441 421 421 453 450 477 477 470 473 430 453 456 473 457 413 436 437 449 446 447 426 441 442 467 492 487 477 472 511 505 481 474 461 488 495 464 451 444 449 450 460 447 462 454 476 475 480 468 475 479 450 462 460 459 463 498 496 496 481 447 407 460 431 444 473 451 471 486 459 458 483 505 486 476 468 506 476 458 446 444 456 486 503 478 489 487 470 492 451 472 444 450 484 522 542 524 497 482 475 502 493 453 451 478 513 469 464 472 491 464 446 515 501 506 468 465 452 429 436 473 470 454 440 475 469 443 470 493 506 510 506 496 491 491 447 482 446 430 440 444 452 451 452 456 427 417 428 478 
vem trace:

stid: 332
spdistance: 871.92
radio trace:
542 540 565 520 522 520 564 570 563 559 542 552 554 551 547 534 539 545 556 577 551 556 558 542 562 587 584 580 576 554 534 519 525 538 537 547 547 575 537 545 582 584 588 587 539 552 545 569 568 540 544 567 580 573 542 539 554 536 534 516 535 581 565 550 550 577 566 578 559 520 534 558 551 551 534 544 529 561 580 548 531 551 566 540 532 538 533 502 558 574 572 580 586 559 545 552 529 536 543 549 547 506 529 548 528 547 577 558 546 569 571 582 606 590 575 531 526 542 547 528 552 581 580 562 563 517 502 501 521 548 542 523 544 590 551 543 535 549 550 574 562 571 563 563 566 534 521 547 551 515 531 537 549 503 522 548 516 511 554 557 552 557 541 521 528 559 599 582 566 529 515 522 534 537 558 518 528 574 583 565 587 590 577 549 547 543 556 538 540 520 525 532 513 554 542 528 508 518 522 517 500 507 536 526 564 560 515 489 476 514 506 506 504 524 558 538 537 551 511 512 561 545 513 528 542 562 587 577 577 583 581 521 524 524 515 514 529 537 546 534 542 508 506 483 507 539 490 524 550 575 574 564 545 555 579 562 577 566 541 558 566 565 593 545 526 521 550 540 544 545 517 526 544 535 511 534 603 555 528 497 502 510 556 524 518 525 512 527 540 546 537 534 499 559 569 555 536 540 523 527 543 536 516 549 563 534 501 515 572 564 564 537 529 543 554 555 568 568 567 596 612 572 569 546 540 538 558 561 552 517 483 538 567 565 563 568 550 543 527 557 537 511 518 552 538 552 576 563 554 558 588 539 581 548 566 554 539 526 548 587 559 548 545 578 564 537 535 502 520 530 523 501 557 538 565 540 554 568 564 529 540 539 577 556 545 550 515 506 512 517 535 550 565 560 553 546 548 552 558 537 511 521 517 483 522 531 509 515 507 559 589 581 560 566 581 563 523 534 527 565 556 585 584 545 557 547 555 568 567 580 556 534 533 544 572 534 547 541 538 544 568 572 551 559 526 530 512 516 542 517 522 534 557 546 558 551 527 493 492 500 478 498 508 512 547 561 531 529 542 552 546 519 518 522 550 536 577 595 596 589 523 520 526 557 589 562 561 535 521 521 532 549 538 548 530 512 538 549 566 515 514 500 524 558 561 557 546 537 527 522 537 556 577 548 542 564 596 561 552 583 578 565 573 571 545 556 569 586 595 617 547 520 536 539 547 532 575 570 576 560 528 534 550 540 525 562 556 574 571 579 568 562 565 556 548 545 549 490 527 544 566 539 565 533 548 513 514 522 499 513 505 532 550 562 532 559 590 571 552 535 542 541 575 572 599 519 487 520 554 540 552 553 559 535 561 589 590 562 564 528 556 505 528 559 560 582 524 540 558 525 534 531 559 546 533 513 498 512 515 557 550 536 527 498 510 496 502 530 573 568 552 566 522 536 535 532 515 519 569 579 566 534 543 521 559 547 556 527 545 548 579 556 567 539 550 556 551 564 568 562 568 565 552 548 568 566 524 524 552 565 548 546 560 563 547 554 547 550 566 551 558 550 527 537 558 560 560 542 546 576 561 537 508 550 561 542 544 559 584 557 536 518 517 548 560 517 540 529 550 575 550 522 487 503 504 514 544 524 538 546 541 508 516 542 527 527 562 595 558 534 551 548 539 536 538 553 555 540 526 517 497 498 522 557 532 543 551 566 566 550 562 572 576 578 556 527 531 574 550 530 548 577 540 543 555 566 544 546 
vem trace:

