SDId: 34835897
energy: 5.13021e+17
zenith: 0.42039
azimuth: 0.69123
GPSSeconc: 1127312283
stid: 343
spdistance: 642.337
radio trace:
473 482 463 446 458 457 466 474 459 460 497 518 509 491 453 456 459 442 433 450 466 466 484 474 455 463 480 496 512 482 483 483 464 473 487 477 468 479 485 467 416 452 491 520 491 484 477 451 438 444 405 448 443 464 474 489 508 488 458 445 474 462 469 458 466 470 485 468 449 472 493 503 491 434 431 443 451 486 480 469 488 464 465 455 462 451 449 441 480 468 473 451 465 464 479 439 451 475 459 424 432 436 441 452 455 485 481 486 466 447 481 485 471 462 473 486 465 449 468 453 412 460 493 510 504 465 420 447 463 472 440 458 476 473 481 463 444 442 447 441 431 453 472 462 464 475 492 491 483 465 474 484 480 458 462 494 493 456 457 459 481 491 470 433 468 492 488 434 465 490 433 412 427 437 456 448 440 445 428 432 443 433 449 463 456 457 444 448 457 482 465 448 451 451 455 460 488 482 470 452 444 447 446 433 460 483 481 521 488 503 503 463 415 448 489 486 506 497 477 449 455 449 497 496 461 453 454 440 457 451 439 471 509 513 459 476 497 480 481 477 478 465 473 458 484 482 460 464 466 447 476 478 477 466 498 500 469 459 450 477 458 442 480 470 443 473 482 448 433 479 480 472 467 469 483 499 487 483 487 475 470 477 475 446 461 470 443 467 487 472 479 469 444 435 455 445 423 449 445 434 453 456 483 473 459 446 441 465 468 509 490 452 449 444 459 452 434 452 456 477 458 463 465 461 452 468 443 457 477 474 449 452 466 466 449 443 451 446 457 457 442 438 438 437 443 442 453 452 472 487 458 431 450 479 458 485 467 479 462 495 476 458 469 483 472 467 446 452 483 481 489 502 460 470 455 455 465 457 471 470 459 457 458 469 463 470 454 491 455 469 469 467 452 462 480 457 467 474 468 445 454 459 470 478 482 468 462 460 472 469 445 477 481 497 494 498 504 480 447 441 448 472 513 493 480 461 451 463 459 460 475 487 481 456 466 462 459 436 431 453 477 452 457 457 450 467 509 476 487 495 478 474 458 469 452 451 464 496 503 483 476 479 483 476 487 471 478 477 478 471 478 456 454 460 446 458 470 483 475 457 477 456 466 478 484 476 490 493 477 486 473 486 496 480 457 476 429 421 452 480 468 461 430 445 434 444 459 474 462 483 471 475 471 477 481 486 473 434 453 475 465 468 491 473 472 468 477 482 453 434 450 456 435 455 464 472 464 485 520 502 489 474 481 480 481 480 494 489 452 408 438 451 475 459 437 463 471 459 472 478 453 441 449 442 437 470 446 449 473 478 474 464 461 424 471 495 485 495 472 470 499 513 510 527 480 467 480 441 459 459 477 498 504 475 469 478 488 482 471 474 452 477 463 449 444 482 481 490 498 473 500 493 467 473 457 438 445 446 471 489 503 496 479 479 466 455 458 465 459 468 444 470 459 455 453 479 491 475 503 480 467 437 483 486 482 487 481 458 467 450 439 466 439 420 432 437 440 454 472 465 460 458 455 460 450 444 442 476 486 485 475 494 482 462 443 450 477 445 457 470 461 477 469 458 476 501 506 479 461 454 452 444 469 450 426 451 475 461 479 485 481 483 473 480 480 491 459 433 437 475 467 482 495 501 498 483 473 494 502 484 455 471 443 461 489 464 471 489 501 479 490 462 462 457 455 481 470 497 485 497 459 472 476 481 499 501 511 485 472 464 455 447 441 452 426 467 462 497 486 478 460 449 460 460 480 500 500 501 
vem trace:

stid: 419
spdistance: 863.903
radio trace:
491 490 477 491 472 450 413 450 447 448 454 463 450 466 497 501 526 523 484 449 456 479 417 408 422 445 459 459 507 480 492 528 493 502 481 487 460 457 432 435 421 430 432 507 473 497 459 442 493 513 522 551 520 484 473 481 508 492 465 440 451 460 459 478 487 472 462 463 475 505 545 503 493 485 488 443 472 425 480 453 466 484 432 473 458 437 482 467 448 501 473 466 509 505 489 447 460 501 486 471 450 455 442 427 447 467 481 435 436 487 488 450 468 456 430 451 523 546 520 500 451 454 466 471 537 524 470 462 435 439 426 445 483 493 492 460 446 442 453 517 473 460 461 460 464 476 528 534 488 525 483 426 472 505 513 496 482 494 518 498 485 471 479 491 495 499 492 479 502 497 477 464 512 471 445 463 437 402 468 458 482 486 500 510 489 491 494 514 536 503 515 518 501 493 527 517 500 495 492 487 462 479 451 488 508 483 486 525 488 444 476 473 491 490 469 497 476 459 439 463 459 458 440 457 446 433 424 435 450 469 496 498 533 524 504 482 430 441 421 451 413 387 414 475 473 458 465 465 523 521 516 524 523 517 482 486 492 499 486 501 444 407 442 484 482 473 467 454 456 516 551 517 512 494 531 526 507 503 469 498 541 512 503 496 465 472 451 450 474 495 494 506 475 468 511 525 512 486 502 473 461 457 486 478 471 480 500 456 512 532 509 427 427 447 469 466 452 466 497 486 484 502 523 510 490 487 504 507 503 523 521 434 418 453 454 493 512 502 503 508 486 465 505 506 495 453 476 500 521 490 457 484 480 502 506 488 497 509 435 430 457 486 476 441 459 463 504 506 527 512 503 512 519 504 513 500 477 472 509 515 517 533 509 493 476 434 472 504 522 519 482 472 452 462 472 465 478 491 461 443 483 502 503 523 541 517 529 515 505 468 439 440 445 501 484 477 499 495 502 495 488 489 494 484 487 471 477 521 511 457 489 486 454 491 518 508 481 451 460 466 442 501 483 496 480 483 497 492 527 532 533 518 495 525 510 498 467 438 439 474 484 483 510 516 512 514 505 476 464 465 467 454 476 500 516 491 474 471 461 485 487 525 505 502 481 481 471 462 465 478 537 479 503 468 467 495 473 465 446 448 477 506 512 481 465 446 463 526 512 494 473 456 461 497 486 532 482 480 487 499 508 526 534 503 450 461 434 491 526 474 483 497 519 496 485 489 433 416 427 418 436 493 491 474 470 461 482 527 557 523 491 457 439 452 401 414 421 435 490 445 487 499 487 498 477 425 458 490 490 506 457 450 466 517 548 546 507 438 451 463 443 486 507 518 506 480 454 483 508 470 469 437 466 452 462 494 513 489 510 512 482 459 421 449 491 457 486 494 536 560 524 519 507 510 512 509 498 500 470 439 456 508 512 482 491 529 534 454 452 429 414 387 412 483 472 514 511 470 539 551 485 505 519 480 510 529 538 549 585 551 543 525 506 525 478 466 485 485 501 487 474 514 524 517 535 512 454 478 500 518 499 498 503 513 469 446 490 501 521 477 497 494 464 510 522 491 500 494 479 492 506 482 460 427 427 489 508 527 534 513 504 465 469 429 451 476 503 448 401 414 421 418 446 457 470 450 437 438 432 457 435 458 508 505 450 469 474 445 440 436 469 464 483 419 493 483 484 477 453 523 507 517 502 514 530 533 535 524 526 491 444 462 473 470 514 518 468 501 467 443 481 541 520 497 489 484 489 517 
vem trace:

