SDId: 34489294
energy: 5.23275e+17
zenith: 0.463929
azimuth: 3.42222
GPSSeconc: 1125179660
stid: 333
spdistance: 550.151
radio trace:
448 470 483 463 477 472 487 489 493 460 450 447 460 447 444 423 412 430 475 476 431 452 468 438 417 442 459 446 464 493 464 478 484 431 430 473 445 468 465 449 433 415 418 452 455 443 457 448 474 472 463 461 437 446 476 458 455 464 492 471 455 432 455 456 456 406 399 429 460 457 467 439 438 431 468 478 461 465 480 482 448 427 434 441 437 443 463 465 467 481 498 479 445 476 472 453 427 416 381 414 429 411 396 435 454 448 418 433 441 425 449 483 496 479 479 478 469 447 432 462 489 457 452 481 498 480 464 450 427 463 484 470 428 427 468 472 464 447 446 452 457 426 424 451 423 423 434 446 429 444 430 444 437 420 418 458 447 443 481 450 408 431 446 426 459 432 420 455 490 511 503 475 433 427 423 378 417 433 414 419 436 453 463 437 431 439 446 453 462 460 438 424 427 453 458 484 463 457 470 484 453 443 464 452 434 432 453 511 475 473 460 454 428 415 453 450 459 454 434 415 429 482 505 468 486 473 483 454 461 446 438 447 413 415 432 402 422 430 422 472 475 492 487 485 430 425 455 472 457 448 471 429 433 453 462 451 419 430 456 462 452 472 458 454 462 455 448 474 444 449 443 487 459 464 468 478 489 479 436 446 460 448 440 420 449 453 435 425 408 420 435 457 448 441 427 413 398 420 426 438 433 446 439 423 443 447 409 427 427 452 461 443 442 453 454 439 443 454 466 448 448 436 442 502 485 454 457 429 453 458 490 484 479 467 492 437 456 452 453 447 439 419 444 437 443 463 482 453 459 443 430 446 453 516 506 451 462 472 469 474 470 450 449 483 465 451 444 432 439 439 444 458 428 445 440 449 461 466 428 457 453 438 413 434 435 452 425 426 459 459 400 408 448 449 417 426 453 447 455 431 461 436 433 430 460 444 422 409 426 459 457 443 444 450 413 411 450 433 434 439 427 432 451 454 441 456 468 448 435 455 445 434 487 473 434 429 437 449 466 436 439 437 449 481 457 450 466 479 477 461 458 466 460 463 478 463 431 457 449 421 420 434 404 415 421 418 420 439 454 423 436 471 442 456 474 408 426 478 464 463 472 483 468 454 401 416 395 453 471 481 493 468 429 438 405 426 432 446 447 459 480 447 458 475 447 458 465 454 466 450 455 458 479 481 469 470 471 438 470 463 480 491 448 446 431 410 410 446 420 432 495 484 443 416 410 469 455 435 426 392 398 433 454 425 440 445 455 431 457 465 486 483 484 489 485 472 493 488 447 441 453 476 445 443 461 459 470 499 498 490 477 455 463 454 459 466 476 456 462 464 426 438 427 456 447 447 455 471 460 468 474 479 422 390 424 444 480 474 448 412 434 423 437 461 448 474 462 465 467 455 447 440 442 462 450 429 411 426 453 469 511 480 466 478 450 425 445 436 444 454 495 460 463 429 495 476 477 506 481 451 424 441 479 506 484 479 493 496 472 475 475 510 515 504 476 465 452 444 437 429 438 423 453 482 447 397 382 397 392 367 432 458 498 456 455 466 479 453 491 451 462 418 395 421 419 446 450 422 428 433 477 454 467 461 454 479 486 449 443 452 442 438 476 471 448 478 480 445 422 453 421 428 456 461 495 503 496 454 459 438 425 456 454 439 434 446 469 473 460 440 449 470 439 442 428 461 476 465 462 464 472 497 473 450 459 495 491 491 495 475 458 484 473 443 422 467 480 486 445 456 475 459 489 483 466 456 445 430 
vem trace:

stid: 332
spdistance: 1486.43
radio trace:
536 544 553 530 532 555 534 549 549 539 543 548 572 592 564 557 529 534 529 509 555 555 558 531 519 511 513 522 550 593 584 590 575 547 534 533 562 582 526 535 512 504 490 552 536 532 510 517 520 534 531 565 547 546 540 505 544 538 515 551 526 504 509 516 545 548 553 560 565 524 555 542 544 537 573 572 536 542 544 553 562 518 546 566 521 496 516 534 569 580 536 534 518 525 547 576 553 510 520 540 525 528 524 492 548 565 575 552 558 548 534 560 571 557 554 567 572 538 509 530 508 547 517 543 535 516 491 495 520 535 553 541 578 563 542 524 523 552 560 570 575 549 563 539 554 546 506 509 527 550 556 549 540 554 561 538 524 514 543 540 539 515 522 533 534 504 543 536 556 586 558 547 546 543 539 529 547 554 554 561 575 584 562 557 544 585 564 534 533 525 509 546 563 578 589 554 553 541 563 577 561 534 545 531 518 544 512 516 550 537 563 536 521 545 533 550 565 561 555 552 540 563 562 559 557 514 544 529 536 519 543 574 591 579 557 547 554 565 558 552 562 558 532 530 508 479 509 545 538 539 535 547 539 533 549 547 543 540 557 523 525 506 491 518 548 530 554 563 556 585 557 565 592 612 605 527 553 556 522 567 580 589 584 586 609 592 568 606 546 495 481 479 512 540 551 592 562 525 540 547 534 543 522 548 552 507 496 538 543 538 549 560 529 541 519 501 526 552 558 534 557 505 520 542 512 499 515 528 561 579 566 541 526 526 530 511 534 527 539 537 562 586 573 581 552 544 543 566 570 498 531 521 516 528 525 554 543 523 546 590 570 569 538 514 568 569 573 567 539 539 552 549 534 544 561 592 576 532 528 520 551 542 558 568 587 574 550 535 525 524 553 530 545 543 541 541 498 512 528 571 570 545 505 477 525 537 529 516 498 519 504 539 573 556 536 563 568 533 526 557 575 538 542 537 532 511 498 542 546 519 510 533 522 525 521 531 551 529 524 510 531 524 544 567 560 565 557 547 504 490 510 539 566 536 539 538 571 570 562 561 527 511 524 487 530 563 547 519 546 551 562 533 563 554 560 538 491 519 559 515 519 573 574 540 541 515 534 528 565 570 554 506 505 513 549 547 543 515 522 555 559 543 540 544 511 526 546 581 540 523 519 491 483 507 541 540 534 558 582 548 512 507 508 554 529 547 538 532 532 535 564 559 545 537 514 530 548 540 560 579 590 578 565 512 510 527 530 566 553 553 561 553 559 532 534 532 518 517 523 538 515 548 512 523 538 544 551 541 524 555 544 542 539 537 519 516 522 527 542 551 549 531 529 519 480 501 508 477 499 530 570 529 518 520 558 553 544 496 493 500 536 539 510 524 522 517 543 541 551 499 517 501 502 531 543 578 550 575 610 568 584 551 520 504 484 503 520 526 504 503 514 539 542 553 553 556 552 571 535 520 561 576 579 527 532 523 520 550 548 547 515 509 531 524 528 518 534 496 539 563 587 575 538 509 521 561 575 549 546 514 505 478 528 567 521 509 488 482 493 529 518 530 537 525 536 517 535 524 535 532 562 566 544 539 532 491 516 528 554 568 559 517 521 543 539 529 533 542 567 561 560 548 528 525 512 519 544 544 566 564 548 547 535 510 523 539 526 526 528 540 550 540 544 531 521 555 561 535 511 550 549 584 555 558 531 523 515 537 550 536 544 519 510 522 513 516 505 474 464 473 527 541 547 545 555 587 616 575 
vem trace:

stid: 342
spdistance: 1079.21
radio trace:
497 444 457 479 447 435 456 414 407 427 391 394 411 433 474 498 478 486 460 439 456 442 447 446 448 461 452 416 450 454 469 439 419 407 455 493 468 457 445 447 466 476 442 446 453 450 480 470 468 459 431 471 427 439 477 480 467 456 432 420 412 442 430 418 426 432 438 453 462 467 439 460 422 440 466 427 423 466 492 475 458 459 453 429 412 411 407 416 447 426 432 431 454 503 510 482 470 469 468 449 441 467 474 478 472 449 460 448 442 449 434 503 486 467 485 442 488 471 464 448 437 447 454 447 456 471 463 443 472 454 452 442 441 444 478 476 446 455 478 425 426 464 451 453 484 460 469 467 468 452 468 444 460 444 444 443 431 431 427 432 463 485 506 506 459 442 430 460 474 491 462 449 445 432 441 435 450 489 445 430 425 418 442 466 495 471 455 468 458 455 453 463 464 464 449 432 473 461 447 437 464 457 467 489 518 507 465 448 462 453 452 454 448 464 470 478 503 493 477 457 424 431 457 487 478 472 479 476 468 456 472 461 451 448 480 452 432 420 427 417 442 442 471 445 424 438 463 456 426 439 455 470 480 470 477 484 482 471 477 446 464 478 517 521 472 458 499 484 465 476 480 452 438 470 468 465 451 454 454 445 459 459 434 449 461 466 457 459 439 444 461 473 462 491 475 454 439 451 464 491 491 500 501 478 473 476 474 488 504 485 496 491 441 431 452 466 463 443 412 407 431 438 452 449 443 452 483 460 435 447 471 443 432 446 450 417 438 438 492 531 494 484 463 438 454 477 470 488 440 452 477 451 456 458 439 436 479 459 482 497 480 436 424 452 432 470 441 430 450 446 425 444 456 440 415 428 437 488 505 478 476 444 436 459 466 474 486 484 475 452 448 472 498 462 436 448 436 432 430 444 476 466 469 440 448 457 452 448 447 417 439 444 455 455 451 452 417 449 463 458 471 485 489 440 456 455 469 461 489 475 435 442 471 470 490 472 449 468 455 470 421 450 474 466 435 427 391 397 439 464 488 500 461 463 469 493 471 463 456 441 422 441 466 486 474 501 490 469 457 470 472 453 467 481 466 463 464 474 469 479 446 430 439 452 435 438 424 447 435 476 432 428 419 429 465 469 476 463 464 463 414 452 462 400 425 477 488 491 479 487 488 460 438 434 417 435 451 477 480 470 455 471 478 451 454 479 494 445 442 462 475 447 462 456 429 438 439 468 440 458 455 452 451 428 449 445 428 455 440 458 492 465 447 454 443 445 470 476 483 488 474 463 469 447 461 476 475 484 464 470 480 511 484 472 459 483 471 462 444 430 442 432 416 401 410 439 472 439 465 454 429 452 473 456 461 462 423 425 413 446 443 437 426 417 465 477 470 442 453 421 396 378 418 414 443 461 482 478 433 455 458 445 408 395 433 461 456 424 448 460 467 418 475 464 489 484 477 463 442 446 423 447 445 461 464 469 468 454 447 436 425 417 458 441 443 471 477 455 446 461 455 441 460 451 468 475 483 489 507 505 511 486 468 485 490 479 484 482 480 467 468 461 479 481 448 422 459 448 448 436 475 476 470 468 483 450 439 444 411 404 460 492 463 453 485 466 469 442 427 419 425 443 475 487 498 460 477 484 486 498 437 481 498 478 469 440 426 447 470 444 409 415 399 419 460 455 423 448 479 499 486 477 483 520 484 456 479 483 482 456 470 481 479 470 477 457 430 445 448 455 468 464 455 447 468 467 471 451 
vem trace:

