SDId: 34828284
energy: 2.89815e+17
zenith: 0.605976
azimuth: 4.55433
GPSSeconc: 1127262108
stid: 342
spdistance: 718.101
radio trace:
434 462 464 458 449 435 429 413 412 424 419 466 453 422 422 433 450 440 443 413 417 431 437 444 425 455 452 434 449 456 439 446 434 420 449 459 479 466 481 477 467 468 462 450 446 469 447 408 393 416 420 415 418 429 448 441 433 444 431 449 438 409 435 480 459 442 452 423 402 411 413 433 439 437 463 428 415 388 422 449 443 433 434 399 401 405 401 410 451 419 398 439 443 434 419 428 406 403 417 442 440 440 444 430 414 435 441 458 486 472 416 406 435 446 437 401 380 410 461 459 468 432 425 430 427 441 449 455 451 421 398 410 405 408 425 453 452 444 449 433 439 436 421 431 421 434 447 451 461 485 491 476 483 450 414 415 423 416 422 421 411 413 423 431 445 434 442 422 417 418 429 430 446 430 400 397 409 406 444 461 443 474 459 471 472 457 404 396 423 441 456 453 451 405 439 436 437 418 450 457 453 449 457 468 466 444 450 431 438 459 448 436 420 441 446 446 418 423 443 461 453 440 445 444 412 420 416 440 454 433 445 459 459 475 459 427 415 442 490 476 445 452 412 444 437 465 452 448 438 426 437 424 433 439 445 465 461 455 444 448 443 420 441 460 430 442 456 433 435 411 426 433 436 455 444 385 396 418 439 452 439 435 461 441 423 425 446 451 435 453 442 426 420 425 441 465 460 452 432 411 445 444 467 467 437 433 440 440 448 464 440 431 460 456 438 416 426 415 439 435 440 442 448 409 414 447 410 451 416 399 396 411 430 439 456 465 433 421 439 458 445 440 432 414 405 429 448 456 425 431 436 449 452 445 452 470 470 456 466 426 427 438 413 377 432 422 420 461 475 439 441 454 448 440 417 441 443 439 450 467 461 458 438 422 416 414 401 397 403 406 404 428 421 401 427 420 419 446 444 458 449 431 450 454 447 457 459 461 440 465 449 427 398 443 456 432 408 381 417 434 423 436 457 466 457 457 423 435 462 450 429 447 434 459 469 477 460 433 398 424 442 439 394 433 439 419 412 438 456 469 442 455 452 463 459 446 433 420 435 435 455 467 450 433 405 404 401 383 383 417 418 447 469 444 489 507 484 445 434 434 427 424 449 451 461 478 430 415 421 437 447 430 401 450 452 454 472 470 453 446 437 409 396 420 418 421 420 420 438 451 447 459 473 476 452 415 409 421 386 412 428 433 433 463 469 455 428 426 414 402 438 459 417 402 433 422 418 428 449 450 452 434 437 426 404 416 430 459 413 440 445 468 463 454 439 443 450 428 434 468 453 440 431 409 423 417 420 374 403 433 434 389 403 410 427 417 424 447 467 451 386 420 433 455 419 434 459 462 464 450 441 465 434 449 467 465 476 454 419 401 405 418 431 424 420 434 416 424 421 447 460 454 475 459 466 461 452 445 446 438 427 446 447 405 389 444 454 426 477 416 410 423 403 418 438 432 453 429 427 439 436 424 456 443 463 449 452 458 423 428 426 433 432 438 434 445 433 472 484 470 446 443 454 438 430 424 441 456 460 453 447 461 458 468 443 462 483 446 447 447 455 461 456 433 454 456 451 471 456 477 472 457 454 448 436 433 431 443 449 437 430 443 446 435 417 400 408 399 401 457 489 481 464 444 451 451 455 456 445 439 412 418 470 461 464 445 468 461 456 426 439 449 454 448 414 426 429 459 461 442 450 464 460 436 430 449 424 427 444 442 479 491 476 466 439 426 421 418 408 421 441 443 422 411 436 463 471 450 
vem trace:

stid: 419
spdistance: 822.563
radio trace:
479 488 494 502 491 481 453 473 432 465 474 472 475 476 470 455 484 485 485 491 483 525 490 508 538 507 469 425 449 493 526 487 504 512 502 486 456 449 443 468 455 472 473 455 453 466 491 432 446 505 459 420 437 451 430 433 468 461 444 432 432 449 443 453 464 523 514 480 481 483 461 453 455 468 508 508 472 467 454 489 460 450 510 542 512 501 496 471 441 456 492 519 503 469 445 489 485 504 514 515 488 502 494 457 430 451 458 479 420 441 456 440 465 481 506 510 475 503 514 476 489 490 512 508 482 433 483 455 431 473 461 426 460 466 454 483 490 477 433 499 469 439 456 391 429 458 455 502 528 533 508 483 484 510 513 486 491 496 460 482 484 463 489 519 506 511 512 492 518 528 489 504 491 505 443 467 485 504 556 487 480 521 553 526 531 491 482 475 473 458 470 466 476 473 453 499 502 500 516 511 461 446 437 496 495 536 506 472 475 462 422 432 456 500 530 505 524 546 510 460 471 456 446 505 455 458 398 451 474 521 493 477 417 419 428 469 470 429 446 463 497 434 406 441 434 476 453 473 495 492 468 475 516 455 408 431 417 413 455 466 458 488 518 516 516 466 497 490 492 515 508 500 460 493 498 503 459 447 488 497 525 523 492 502 483 493 443 463 485 473 457 477 492 479 496 459 507 429 422 460 481 515 500 495 489 502 490 515 486 454 485 475 464 458 411 437 455 463 422 462 468 464 432 449 461 453 468 480 501 495 499 501 512 488 496 487 480 469 449 466 479 508 465 432 494 489 455 458 486 461 468 510 485 492 460 437 420 467 485 479 487 463 450 465 435 441 476 508 474 460 487 513 488 460 473 471 500 522 501 477 483 493 458 430 457 503 526 506 520 493 493 478 463 431 446 499 492 465 455 459 438 427 422 393 420 436 470 437 436 423 478 500 521 472 441 481 499 474 476 460 454 463 488 516 488 515 537 483 431 433 444 447 450 466 513 515 480 478 472 467 452 482 513 492 489 447 455 484 485 466 471 465 477 448 461 474 472 442 428 425 464 485 456 458 450 478 490 414 407 394 460 518 492 457 480 428 398 471 475 431 459 417 418 462 471 490 466 428 470 530 501 450 464 485 434 461 489 500 478 452 487 487 466 466 488 465 473 445 479 453 420 477 472 507 480 480 516 498 472 490 487 456 437 479 486 474 471 475 492 485 509 501 499 463 476 484 450 432 445 462 491 493 509 505 441 430 475 468 469 547 513 447 445 464 514 503 492 489 493 457 436 443 458 460 464 493 498 483 480 448 435 445 473 467 519 534 522 488 476 479 491 423 452 450 453 466 478 449 453 491 518 491 527 519 504 509 496 511 483 504 533 499 469 487 492 523 504 492 472 437 427 470 464 470 469 493 494 485 459 474 466 445 410 432 467 481 503 493 466 477 497 492 470 435 481 460 444 480 482 487 476 437 443 475 467 449 439 485 515 515 503 492 471 518 524 504 478 489 502 492 525 510 467 473 496 459 436 450 480 481 484 459 461 495 500 482 517 502 479 458 473 492 486 413 462 492 506 516 478 486 464 460 465 449 467 489 451 421 420 400 428 477 491 479 448 458 439 403 370 409 405 404 418 470 481 481 498 494 475 500 515 514 512 467 478 468 471 490 512 505 458 452 442 418 464 453 425 488 491 483 478 473 472 486 515 512 539 560 567 515 484 458 472 442 493 474 460 454 497 502 485 519 469 469 455 483 468 493 
vem trace:

