SDId: 34857776
energy: 6.1199e+17
zenith: 0.738726
azimuth: 4.84105
GPSSeconc: 1127450753
stid: 341
spdistance: 818.203
radio trace:
487 512 520 528 492 465 487 497 506 506 504 491 494 528 489 478 525 551 532 508 493 509 539 509 441 462 519 502 532 543 526 541 540 548 555 519 526 540 532 532 548 535 516 524 524 511 491 489 522 524 531 546 557 548 512 500 501 476 502 529 488 471 496 510 509 510 472 508 520 522 527 513 518 532 529 530 522 515 511 501 502 538 516 503 495 522 542 543 507 480 486 470 448 470 483 478 485 494 500 509 493 493 516 515 514 594 532 487 486 505 502 534 500 507 525 540 507 479 480 481 494 511 502 505 488 477 468 475 472 481 465 512 514 523 528 499 512 515 528 525 494 475 477 471 538 570 549 532 517 516 511 520 540 561 528 543 507 506 509 514 495 529 497 511 523 502 482 475 501 495 503 518 497 516 487 508 498 465 456 486 461 477 501 496 515 482 500 513 517 533 539 533 544 518 514 495 504 477 496 511 540 539 553 514 523 512 507 481 476 490 487 520 521 542 511 525 561 514 490 508 514 528 519 491 513 533 550 553 532 514 487 478 488 520 517 518 525 500 522 537 566 567 531 542 545 540 516 495 516 497 498 488 517 509 505 535 565 528 527 491 491 462 511 506 494 470 495 532 505 459 456 507 527 534 542 519 529 540 533 491 498 517 525 512 511 519 514 500 508 512 508 507 530 525 497 495 520 499 520 486 483 506 487 509 561 526 514 560 600 588 550 507 492 502 517 546 557 540 511 538 522 491 480 478 502 520 481 461 496 525 480 506 495 467 485 461 464 458 451 446 492 507 492 485 488 495 490 547 546 555 552 544 523 527 519 523 528 512 533 489 522 530 506 545 524 490 447 457 460 483 506 524 552 566 541 528 537 533 543 540 517 527 509 501 535 563 575 526 499 519 515 494 475 502 485 498 497 506 482 510 529 572 536 519 516 494 484 521 512 507 470 494 536 496 504 565 530 484 485 490 480 458 492 542 508 501 533 513 510 504 488 503 509 505 507 523 467 471 504 524 515 523 486 486 500 486 532 551 549 543 532 548 576 544 514 502 511 518 549 516 473 529 539 537 541 531 528 532 580 556 510 496 515 504 517 528 494 513 550 575 567 532 525 515 516 523 567 590 566 535 541 543 527 531 551 530 479 518 538 532 526 502 559 563 576 562 512 483 474 514 527 527 500 465 465 469 507 487 486 481 444 465 516 521 550 540 505 508 516 505 485 513 511 494 486 493 463 475 478 524 563 517 496 516 498 525 530 524 525 495 506 524 509 538 531 504 513 494 512 530 489 534 506 491 492 514 551 536 523 491 458 466 517 509 520 512 488 511 491 506 522 490 516 552 556 519 530 575 573 604 587 560 551 551 552 561 530 451 444 511 513 508 508 534 515 499 501 550 549 506 471 521 548 533 482 467 498 481 493 574 567 562 526 522 502 522 533 514 506 548 576 556 582 547 556 556 519 494 542 506 502 475 483 470 478 534 486 479 471 517 515 524 526 516 518 530 515 528 565 552 523 500 502 538 523 498 521 504 496 522 538 535 529 545 503 493 529 546 565 513 480 490 537 548 519 490 491 492 503 539 569 510 512 497 532 509 494 472 459 485 494 517 516 519 477 487 501 466 498 484 511 517 499 549 522 491 461 469 499 483 443 495 506 505 531 507 488 517 530 526 539 495 497 497 515 520 523 545 512 497 483 528 540 503 542 499 458 464 517 511 482 463 457 501 530 493 497 501 505 513 512 518 525 510 490 480 495 527 
vem trace:

stid: 341
spdistance: 818.203
radio trace:
487 512 520 528 492 465 487 497 506 506 504 491 494 528 489 478 525 551 532 508 493 509 539 509 441 462 519 502 532 543 526 541 540 548 555 519 526 540 532 532 548 535 516 524 524 511 491 489 522 524 531 546 557 548 512 500 501 476 502 529 488 471 496 510 509 510 472 508 520 522 527 513 518 532 529 530 522 515 511 501 502 538 516 503 495 522 542 543 507 480 486 470 448 470 483 478 485 494 500 509 493 493 516 515 514 594 532 487 486 505 502 534 500 507 525 540 507 479 480 481 494 511 502 505 488 477 468 475 472 481 465 512 514 523 528 499 512 515 528 525 494 475 477 471 538 570 549 532 517 516 511 520 540 561 528 543 507 506 509 514 495 529 497 511 523 502 482 475 501 495 503 518 497 516 487 508 498 465 456 486 461 477 501 496 515 482 500 513 517 533 539 533 544 518 514 495 504 477 496 511 540 539 553 514 523 512 507 481 476 490 487 520 521 542 511 525 561 514 490 508 514 528 519 491 513 533 550 553 532 514 487 478 488 520 517 518 525 500 522 537 566 567 531 542 545 540 516 495 516 497 498 488 517 509 505 535 565 528 527 491 491 462 511 506 494 470 495 532 505 459 456 507 527 534 542 519 529 540 533 491 498 517 525 512 511 519 514 500 508 512 508 507 530 525 497 495 520 499 520 486 483 506 487 509 561 526 514 560 600 588 550 507 492 502 517 546 557 540 511 538 522 491 480 478 502 520 481 461 496 525 480 506 495 467 485 461 464 458 451 446 492 507 492 485 488 495 490 547 546 555 552 544 523 527 519 523 528 512 533 489 522 530 506 545 524 490 447 457 460 483 506 524 552 566 541 528 537 533 543 540 517 527 509 501 535 563 575 526 499 519 515 494 475 502 485 498 497 506 482 510 529 572 536 519 516 494 484 521 512 507 470 494 536 496 504 565 530 484 485 490 480 458 492 542 508 501 533 513 510 504 488 503 509 505 507 523 467 471 504 524 515 523 486 486 500 486 532 551 549 543 532 548 576 544 514 502 511 518 549 516 473 529 539 537 541 531 528 532 580 556 510 496 515 504 517 528 494 513 550 575 567 532 525 515 516 523 567 590 566 535 541 543 527 531 551 530 479 518 538 532 526 502 559 563 576 562 512 483 474 514 527 527 500 465 465 469 507 487 486 481 444 465 516 521 550 540 505 508 516 505 485 513 511 494 486 493 463 475 478 524 563 517 496 516 498 525 530 524 525 495 506 524 509 538 531 504 513 494 512 530 489 534 506 491 492 514 551 536 523 491 458 466 517 509 520 512 488 511 491 506 522 490 516 552 556 519 530 575 573 604 587 560 551 551 552 561 530 451 444 511 513 508 508 534 515 499 501 550 549 506 471 521 548 533 482 467 498 481 493 574 567 562 526 522 502 522 533 514 506 548 576 556 582 547 556 556 519 494 542 506 502 475 483 470 478 534 486 479 471 517 515 524 526 516 518 530 515 528 565 552 523 500 502 538 523 498 521 504 496 522 538 535 529 545 503 493 529 546 565 513 480 490 537 548 519 490 491 492 503 539 569 510 512 497 532 509 494 472 459 485 494 517 516 519 477 487 501 466 498 484 511 517 499 549 522 491 461 469 499 483 443 495 506 505 531 507 488 517 530 526 539 495 497 497 515 520 523 545 512 497 483 528 540 503 542 499 458 464 517 511 482 463 457 501 530 493 497 501 505 513 512 518 525 510 490 480 495 527 
vem trace:

