SDId: 34718406
energy: 3.66957e+18
zenith: 1.22295
azimuth: 1.3019
GPSSeconc: 1126586917
stid: 333
spdistance: 240.324
radio trace:
418 416 381 362 414 431 412 405 400 398 409 413 428 420 396 387 392 405 397 402 396 409 401 377 387 367 352 335 352 367 407 402 395 418 430 441 410 405 400 388 363 389 407 413 418 447 444 444 416 407 414 431 429 411 425 415 426 439 432 426 423 391 391 416 400 423 436 453 467 425 455 460 409 419 448 463 443 398 392 435 407 395 408 433 407 441 435 474 440 393 390 410 430 451 434 408 397 402 405 396 419 419 412 387 410 425 385 334 401 435 428 418 437 404 371 383 386 384 414 399 383 385 423 415 410 419 392 380 370 371 380 377 406 439 400 399 434 421 405 425 419 417 422 403 414 430 436 424 412 422 426 425 450 444 425 417 436 417 418 420 415 436 409 406 407 397 396 368 358 384 413 433 436 449 441 426 440 390 402 396 404 392 406 426 407 428 431 467 480 438 417 411 388 429 454 470 421 408 385 402 382 377 386 395 437 434 467 447 433 415 402 352 390 421 439 429 406 410 448 448 411 424 423 422 433 443 452 463 427 383 410 394 420 426 417 422 404 403 382 379 398 406 387 411 425 375 392 440 436 420 412 428 414 396 366 383 389 390 391 410 398 428 412 414 425 411 424 424 400 400 392 415 399 400 419 433 452 427 444 419 382 427 446 419 386 399 416 410 384 369 387 417 448 387 400 429 442 452 425 409 413 395 354 376 393 405 446 429 431 415 385 392 424 458 417 390 392 406 400 412 390 407 417 404 392 376 405 408 384 404 422 429 413 368 391 400 383 391 440 437 437 433 425 384 354 390 409 384 423 422 430 406 429 429 442 445 403 414 385 393 398 407 391 409 431 434 435 473 462 405 395 407 443 439 446 457 447 412 410 458 443 395 404 431 433 426 419 430 452 461 412 394 387 383 391 379 379 392 382 388 409 406 408 418 409 397 415 418 414 444 452 399 417 436 424 431 414 416 409 391 425 441 441 441 422 440 435 419 415 465 457 424 407 432 444 419 401 412 394 419 365 385 396 410 413 388 384 369 385 402 389 376 400 388 430 430 431 430 431 460 464 452 396 404 424 421 402 421 435 429 409 448 421 394 400 405 423 437 425 427 401 399 387 435 452 438 388 416 436 444 423 428 440 451 430 439 446 386 382 400 388 385 408 403 411 417 413 406 398 384 398 390 422 401 414 403 426 398 447 448 429 411 376 404 404 435 429 420 414 410 453 435 446 432 411 429 411 392 383 367 400 396 410 438 421 380 393 409 427 423 441 429 418 404 435 406 403 409 382 410 431 455 462 417 388 396 364 401 439 421 420 456 414 404 405 401 399 418 430 462 460 437 398 422 437 424 398 386 386 409 402 411 454 428 410 382 382 383 415 375 417 458 442 422 425 440 402 394 398 403 421 428 410 408 420 392 419 402 426 418 392 383 370 381 419 430 463 439 432 453 449 452 469 428 418 412 413 411 419 434 424 410 397 425 400 412 423 401 419 390 389 428 452 418 425 427 445 420 447 442 410 419 419 416 425 390 395 452 439 407 422 426 411 432 433 440 446 413 429 426 418 408 418 425 420 404 409 437 429 422 469 446 396 398 420 420 428 435 411 436 440 418 412 453 429 441 444 428 416 387 400 409 436 410 420 417 445 441 433 420 440 415 398 401 405 430 446 442 424 410 428 398 412 411 407 411 404 416 404 414 421 433 448 394 385 415 428 442 418 435 399 406 434 461 464 429 365 376 396 374 369 395 415 430 439 443 431 405 
vem trace:

stid: 342
spdistance: 934.057
radio trace:
417 416 396 381 424 408 403 396 411 404 386 385 393 396 386 403 423 421 399 397 383 386 414 423 411 386 373 389 369 367 387 421 436 423 397 377 364 395 403 420 424 417 416 393 400 397 369 395 397 403 408 375 388 399 420 420 416 430 400 403 367 375 388 377 371 379 378 398 391 369 378 387 370 353 365 392 405 424 403 377 372 406 399 401 368 330 373 420 411 414 404 381 413 413 402 408 418 404 421 395 398 386 391 391 389 394 406 390 388 400 390 360 385 380 370 386 389 381 413 377 378 361 355 383 408 406 434 428 411 396 393 385 386 386 385 398 386 375 373 411 394 376 409 404 419 408 397 417 428 401 410 418 408 427 430 400 407 438 440 416 421 413 394 412 437 418 406 403 391 363 412 397 396 434 413 398 392 391 398 363 367 373 394 410 423 415 414 395 399 424 416 414 435 422 421 432 420 421 415 393 416 446 423 384 388 392 362 385 378 400 411 425 441 407 382 395 422 432 415 425 409 404 368 384 397 390 354 390 401 397 382 403 405 411 428 423 418 430 425 445 439 423 410 400 387 388 403 395 395 400 400 404 399 391 413 392 391 407 365 364 386 401 416 408 406 424 382 412 404 384 351 364 396 400 398 371 386 395 369 384 402 403 396 380 393 391 387 412 391 401 397 390 358 357 388 404 412 408 397 379 376 384 389 385 412 409 376 378 394 419 410 387 401 426 399 395 373 384 377 412 395 402 394 393 392 380 378 400 405 413 392 414 405 406 416 426 438 424 403 397 396 419 417 388 347 356 394 375 403 405 407 398 401 430 415 413 358 365 388 406 398 406 384 381 398 426 407 397 403 397 405 404 427 433 430 435 395 432 431 426 403 385 408 412 427 412 430 415 401 367 367 361 357 382 394 407 409 401 392 383 387 397 434 436 425 408 371 379 391 377 381 377 389 407 401 402 404 403 380 351 368 398 391 419 427 424 422 389 385 399 397 368 346 369 407 423 424 371 381 408 404 403 386 392 379 410 405 397 409 385 391 432 437 413 412 427 424 422 418 407 397 374 399 372 380 384 383 391 392 385 404 429 445 438 431 416 405 414 420 397 384 403 392 432 423 399 414 420 409 419 421 389 371 368 394 378 377 420 435 415 403 407 405 401 392 411 429 410 397 376 363 372 398 407 417 437 423 404 410 406 415 430 426 396 386 387 402 366 381 399 375 406 434 415 395 373 391 397 403 408 409 393 385 386 405 371 398 386 384 381 408 422 414 425 425 423 411 426 388 396 393 393 380 375 371 380 371 355 371 389 384 363 390 385 391 414 412 406 396 411 417 432 393 391 412 423 444 421 411 389 373 380 395 395 407 397 389 407 400 414 415 430 422 435 432 409 400 387 387 404 401 426 443 405 361 348 345 376 383 382 395 396 415 420 431 406 396 423 407 389 389 420 425 414 387 381 407 421 414 415 429 400 387 404 425 432 413 409 407 428 423 394 397 393 383 378 375 373 395 391 391 389 426 427 427 422 384 380 422 416 405 401 391 407 404 390 392 405 404 394 406 378 371 402 400 417 394 382 389 401 387 398 405 394 428 438 404 369 378 375 403 380 367 374 372 382 407 410 415 411 390 398 431 442 429 404 399 419 373 371 402 413 421 408 388 408 384 348 377 377 399 404 420 423 411 409 382 380 396 366 372 370 381 393 406 388 384 408 420 405 411 421 398 411 398 379 370 359 367 383 425 439 402 403 369 393 404 370 
vem trace:

stid: 332
spdistance: 1341.69
radio trace:
516 488 549 550 515 492 501 486 499 521 566 531 533 538 535 560 559 591 542 525 550 560 551 557 556 545 553 536 538 506 525 519 536 507 497 529 540 521 554 522 504 476 483 520 526 539 537 529 536 537 564 564 564 557 562 541 526 550 558 548 491 496 479 535 500 497 491 514 512 527 543 516 542 511 522 563 593 567 559 539 536 554 534 542 534 514 538 546 527 527 514 518 493 505 486 517 538 513 501 505 507 533 528 502 540 523 556 515 495 474 483 501 503 516 560 551 552 476 458 468 471 527 498 505 533 534 529 530 510 497 494 546 495 499 545 548 555 562 549 553 536 535 535 512 530 549 560 550 514 486 496 512 483 506 506 486 486 482 497 534 552 549 521 502 477 512 521 526 507 507 552 546 483 529 552 555 574 563 587 603 607 573 535 508 534 536 543 527 531 514 496 472 517 489 514 548 545 568 598 585 541 534 540 559 546 526 503 490 535 524 518 553 535 536 551 533 513 496 493 518 522 522 506 516 526 548 538 542 560 563 529 515 518 506 506 520 489 517 521 555 564 508 511 529 531 546 525 537 539 555 535 472 464 487 516 504 518 505 498 484 511 577 556 503 495 511 538 537 539 542 546 538 545 558 530 512 522 559 528 513 516 515 552 550 547 536 507 508 514 533 540 536 511 559 537 491 536 528 530 557 568 518 531 543 495 513 510 497 489 514 510 522 521 526 531 516 529 556 560 522 517 535 507 491 540 514 501 510 515 516 530 518 501 496 546 557 574 496 502 509 526 518 510 512 522 530 505 464 513 511 539 539 544 527 498 517 503 506 519 544 565 554 546 518 552 552 502 522 503 528 516 518 503 500 545 541 509 520 527 504 511 511 484 511 515 485 504 555 533 538 541 510 525 552 541 564 534 539 570 564 514 504 507 551 512 508 529 538 559 543 530 525 528 554 567 516 536 512 544 548 513 463 498 525 549 593 561 527 522 523 517 512 543 532 527 514 483 514 499 503 545 555 568 556 589 600 548 512 514 506 515 510 509 490 535 533 507 492 525 488 502 527 524 533 534 542 515 512 540 543 527 555 567 549 487 503 524 517 526 520 507 527 568 532 517 536 536 538 529 526 527 504 508 470 525 537 512 516 525 485 496 478 508 552 557 531 481 526 534 560 570 538 526 516 505 517 533 542 547 562 547 573 601 576 536 547 544 493 473 494 510 527 546 576 551 537 525 571 565 574 553 570 570 543 507 514 509 510 522 508 496 493 515 543 537 543 570 581 539 549 566 539 531 559 514 528 529 536 538 553 545 506 526 554 532 540 539 538 559 537 552 543 571 542 531 538 546 515 515 535 556 560 536 533 512 513 506 527 543 560 528 514 536 545 553 571 591 557 579 530 553 559 531 510 517 526 534 516 516 525 517 515 528 509 517 526 500 492 508 489 491 496 517 561 560 532 493 499 502 538 519 544 540 535 512 521 507 538 559 565 540 564 530 514 496 474 528 517 478 495 484 489 475 514 512 532 554 515 548 548 550 542 551 533 509 525 520 572 546 559 546 514 510 513 535 554 539 535 538 527 549 559 563 526 535 530 505 529 535 547 540 502 517 516 514 549 517 507 489 521 498 506 496 488 519 504 531 539 494 494 506 498 523 549 531 532 563 563 485 478 548 548 566 550 514 516 514 510 481 490 505 482 492 513 528 534 505 510 517 513 508 517 536 518 530 514 494 523 521 533 531 566 534 549 543 570 527 525 
vem trace:

