SDId: 34870927
energy: 4.1417e+17
zenith: 0.58229
azimuth: 3.86144
GPSSeconc: 1127531534
stid: 419
spdistance: 521.975
radio trace:
439 478 482 458 464 441 458 494 469 465 472 477 497 497 493 465 478 495 496 461 491 483 435 487 458 474 489 509 535 463 475 463 487 460 463 497 497 507 543 532 536 510 500 524 466 479 512 539 539 503 493 500 496 524 488 497 515 490 451 452 446 441 451 425 430 429 490 560 522 468 447 447 457 441 510 506 503 478 463 438 469 497 497 521 514 487 473 478 504 459 466 462 514 503 501 500 481 511 516 517 475 443 429 430 443 419 391 408 420 454 449 455 461 481 501 491 479 451 458 441 455 472 489 502 524 531 495 484 517 513 470 472 498 497 471 502 473 488 505 474 481 532 511 482 469 475 486 517 496 458 440 469 475 459 457 450 419 454 476 486 500 504 460 441 468 435 447 469 483 476 530 498 444 464 465 502 493 500 463 456 465 504 490 487 433 433 413 444 465 452 451 458 448 464 489 462 431 425 430 466 440 464 483 478 502 496 473 504 476 442 454 438 444 472 489 482 504 507 462 454 486 447 430 467 475 477 449 431 496 498 514 500 457 478 476 468 476 462 485 484 468 460 505 512 477 501 504 500 514 493 504 493 458 473 457 436 513 510 509 491 493 511 470 503 518 502 460 470 466 460 458 491 473 496 516 492 477 480 474 481 464 482 461 511 485 508 495 528 496 498 531 500 465 430 426 453 474 412 399 406 480 497 515 524 507 495 515 508 471 487 521 529 522 491 520 502 494 505 468 462 515 516 540 507 496 477 525 520 472 436 446 437 460 452 491 476 461 487 482 498 472 486 513 487 510 504 516 483 472 502 484 481 475 483 454 469 497 502 477 482 459 472 502 511 498 507 445 421 450 501 461 436 469 478 442 445 504 535 525 506 508 504 502 513 486 523 530 552 530 550 551 491 476 481 465 499 500 536 526 526 532 527 529 538 558 504 494 487 501 473 515 535 501 502 499 500 497 513 530 498 470 504 505 494 453 457 499 510 492 468 445 465 487 504 522 557 482 454 484 499 537 500 522 515 443 431 433 478 525 550 497 504 516 501 507 526 536 554 530 492 500 520 501 492 507 541 532 507 458 492 513 504 526 508 490 464 480 486 476 481 484 473 460 451 460 475 461 492 478 469 457 504 538 533 514 509 499 477 458 471 500 464 476 475 480 476 441 466 529 536 489 460 496 514 512 484 475 429 466 469 447 483 497 492 463 428 488 493 497 503 508 508 521 513 495 502 512 492 508 542 530 504 482 476 497 515 504 471 486 529 510 535 519 469 486 473 513 523 491 504 476 493 478 505 530 469 466 500 528 529 495 459 452 423 457 454 488 500 503 473 478 475 521 530 514 486 492 508 513 446 511 509 487 490 491 518 524 509 537 544 518 492 480 509 467 476 503 466 464 471 459 450 465 448 458 492 476 493 497 511 534 519 489 500 486 473 483 435 418 459 477 450 473 499 453 458 475 480 438 463 476 468 465 526 505 511 483 533 570 548 442 384 448 485 475 473 483 493 449 434 450 440 444 482 472 466 483 475 491 462 476 496 497 490 505 417 444 475 457 420 471 441 440 466 471 484 462 436 437 454 475 474 470 489 530 522 499 437 407 510 499 479 441 472 516 556 581 555 532 513 490 467 473 496 469 461 514 529 483 489 502 464 464 480 464 526 509 509 528 512 469 504 475 463 480 481 480 473 487 470 474 463 528 550 552 531 517 517 539 502 497 499 443 469 497 476 513 475 487 467 433 456 471 493 500 508 505 525 
vem trace:

stid: 343
spdistance: 914.223
radio trace:
453 482 494 495 472 463 469 484 502 504 504 505 470 478 479 452 456 461 447 451 443 443 481 465 466 479 474 482 486 484 468 474 490 503 468 471 455 426 462 481 464 480 475 464 485 466 482 484 456 433 455 477 468 447 451 459 472 464 461 460 477 474 438 444 435 450 476 493 480 476 495 485 462 472 471 481 465 469 513 502 473 471 464 479 465 469 459 446 472 471 509 504 513 491 486 455 448 443 462 467 446 422 444 441 467 473 472 489 481 465 486 470 457 452 480 501 492 477 454 441 465 470 470 468 470 487 487 468 459 438 468 447 430 453 447 467 464 474 465 483 490 473 484 482 494 520 510 498 484 463 452 447 426 439 443 471 457 448 484 492 509 499 489 485 468 482 502 478 488 486 466 474 481 467 424 428 440 449 434 430 433 444 472 478 451 448 454 447 457 447 460 463 463 499 478 459 466 467 457 473 487 460 432 475 482 469 450 478 498 477 484 495 481 484 449 463 467 460 453 489 468 462 474 444 462 462 464 476 444 436 449 454 469 475 461 459 492 463 443 455 463 451 450 450 440 458 444 429 452 464 457 447 464 474 472 463 463 474 475 479 479 460 461 479 465 491 471 487 478 468 466 480 471 458 487 520 494 474 429 451 453 451 465 469 449 441 453 459 478 465 469 480 470 482 494 504 504 494 485 475 498 474 443 446 438 421 468 478 471 473 469 480 462 468 452 457 424 455 462 459 495 491 494 481 472 484 461 444 465 478 465 448 458 466 453 486 451 476 487 502 489 482 506 496 499 493 494 508 500 480 465 474 497 445 424 439 437 446 442 450 419 410 407 447 463 478 464 479 461 467 449 481 500 502 496 475 467 479 474 462 483 465 460 446 476 460 474 478 441 446 447 468 492 501 456 438 467 473 462 468 493 468 473 471 475 453 436 465 469 450 448 501 499 453 479 480 476 497 477 432 443 449 455 463 461 474 473 449 453 472 494 473 468 466 458 475 478 474 469 505 468 477 473 454 461 427 469 466 467 480 494 463 468 458 447 434 418 443 482 479 474 495 492 501 472 446 484 497 488 494 449 469 491 484 505 450 440 447 439 454 462 454 452 443 476 481 461 470 450 450 469 479 458 480 478 479 485 481 462 454 446 454 451 486 499 452 445 454 467 489 494 482 487 475 469 467 467 458 467 453 397 410 455 477 467 463 440 442 434 458 440 462 462 466 464 446 445 435 447 434 467 478 486 479 495 478 479 483 490 470 496 496 479 464 462 471 473 467 481 480 483 491 481 481 448 477 508 504 489 470 461 459 476 460 459 473 462 472 445 413 438 468 482 495 513 502 497 488 451 438 455 462 463 454 482 506 502 467 454 487 492 470 451 460 457 494 485 495 483 468 465 476 475 468 491 476 474 479 482 480 512 481 477 485 486 476 442 466 488 480 477 484 471 463 464 465 469 476 448 461 467 468 506 524 507 481 469 463 464 460 471 459 452 454 448 457 452 457 455 470 465 472 481 453 447 459 465 455 464 473 470 471 509 464 459 456 468 481 479 481 454 447 471 472 437 428 425 448 445 473 507 488 476 488 472 482 483 490 499 483 514 482 487 465 477 450 434 457 483 460 457 470 483 465 472 454 450 460 470 462 454 450 461 443 441 428 458 461 493 479 496 475 477 469 480 469 463 461 473 471 462 476 493 483 486 463 470 467 472 459 460 473 458 493 475 472 475 460 457 461 487 482 463 473 481 469 462 456 
vem trace:

