SDId: 34759809
energy: 2.28665e+17
zenith: 0.29103
azimuth: 3.78401
GPSSeconc: 1126828913
stid: 332
spdistance: 711.695
radio trace:
553 550 576 595 578 547 517 517 547 523 530 559 545 503 516 532 518 543 551 589 577 581 582 550 549 548 549 567 524 575 586 577 560 546 557 562 588 586 567 567 561 567 542 555 574 568 545 500 524 511 499 521 517 555 562 555 552 576 588 551 570 549 568 548 551 572 532 538 540 532 512 543 537 575 579 560 532 523 511 531 571 588 528 528 520 529 551 535 567 562 525 528 568 535 505 573 589 542 586 574 585 572 587 582 557 558 525 501 523 540 562 560 590 604 625 596 581 536 546 562 577 556 578 534 551 590 558 531 537 561 538 550 573 549 551 542 562 552 548 577 576 549 547 556 541 529 552 570 563 598 596 592 559 573 571 554 558 557 574 596 626 581 549 543 555 566 542 557 555 526 504 496 542 551 577 580 587 611 562 567 570 564 553 590 570 588 571 581 570 587 576 564 552 559 535 555 552 594 546 551 553 542 560 563 563 590 565 552 572 588 554 546 546 553 541 523 520 546 582 561 552 569 561 575 585 595 567 572 565 532 496 507 484 492 489 537 559 579 586 601 546 517 532 535 567 575 547 539 569 553 552 527 543 571 550 582 575 568 560 589 569 563 517 535 529 522 528 503 520 540 616 598 545 571 557 578 601 569 574 557 531 535 563 584 603 579 553 571 528 515 518 546 556 560 561 560 568 546 517 530 529 547 554 538 545 544 540 546 572 560 565 577 582 580 556 561 607 565 549 564 565 534 517 508 541 544 557 576 539 577 564 572 582 572 545 556 549 548 523 533 565 566 559 542 552 568 512 491 511 527 526 534 541 538 559 555 544 543 568 582 579 533 490 524 569 581 595 579 563 591 588 573 567 571 545 532 550 529 580 576 574 542 555 540 541 552 558 545 550 560 589 592 572 576 591 574 583 570 563 599 606 586 576 569 587 558 541 507 547 557 539 557 588 577 562 566 559 556 566 530 513 514 523 540 524 533 570 598 557 545 557 541 538 523 543 508 508 526 504 535 553 579 570 535 551 559 585 540 547 575 547 575 581 583 541 522 510 515 535 557 552 543 563 569 570 562 531 521 540 567 566 551 561 564 543 542 551 550 560 547 507 547 543 513 559 553 547 539 551 557 560 542 525 518 540 543 533 517 502 532 558 570 527 518 527 543 550 580 594 572 568 576 566 568 579 563 599 595 596 574 575 540 522 502 515 541 522 546 533 556 584 590 555 581 614 599 596 586 567 526 528 513 511 550 551 553 563 606 606 559 562 565 567 557 554 561 567 560 523 560 554 521 563 547 533 552 531 459 534 554 530 493 559 530 572 601 587 572 542 528 527 502 496 502 544 548 537 494 511 560 554 569 553 537 522 522 558 594 593 555 526 516 541 560 560 555 556 553 547 558 573 525 547 538 525 539 570 561 546 547 564 582 592 534 513 509 519 539 554 515 537 511 507 549 527 534 525 539 536 520 537 544 556 550 552 540 511 491 502 520 517 559 560 567 553 546 549 552 571 554 534 530 559 548 557 574 615 574 575 607 583 578 556 539 553 574 566 543 543 544 534 541 567 535 519 528 541 562 597 601 585 576 593 567 577 561 581 604 598 585 548 522 535 547 542 547 539 569 577 573 538 531 589 589 578 538 526 526 568 565 553 512 526 479 478 490 482 522 510 510 536 557 544 547 500 505 540 568 572 570 543 558 567 578 592 573 552 527 569 574 553 553 510 523 516 506 534 495 570 591 583 559 532 538 587 564 576 569 
vem trace:

stid: 333
spdistance: 818.835
radio trace:
441 458 470 452 444 457 485 463 453 421 443 485 450 448 464 476 479 486 506 490 466 458 456 451 473 466 461 449 432 417 414 457 480 468 459 455 423 418 410 429 431 459 436 456 468 479 457 460 433 436 440 421 440 428 428 434 400 393 409 428 389 399 388 399 421 405 436 422 415 414 439 438 465 477 470 493 506 480 467 448 425 390 416 422 422 422 430 480 478 460 475 463 463 456 441 452 453 471 437 435 469 466 479 458 466 467 443 451 477 491 510 468 436 458 423 441 432 419 431 420 443 469 494 498 450 417 403 432 435 419 450 472 461 452 454 456 454 444 449 423 428 406 402 416 445 440 437 421 470 464 413 416 410 406 416 429 439 412 416 430 432 459 444 449 437 446 410 408 423 465 491 447 443 422 394 407 420 440 450 411 402 413 413 409 445 476 457 478 451 439 445 438 412 424 431 430 461 447 410 419 441 444 453 462 481 450 459 462 464 449 442 468 471 415 456 423 416 400 422 445 467 473 442 435 452 466 458 494 484 461 439 405 396 412 447 422 398 401 432 451 452 455 453 450 446 428 425 441 455 446 473 479 468 488 453 416 414 417 426 464 455 463 441 411 410 427 397 404 416 423 446 443 459 435 459 444 400 395 389 379 414 406 411 432 435 401 372 419 459 459 452 399 375 414 444 433 425 449 448 428 426 463 422 447 422 438 486 477 492 454 428 419 406 421 417 418 441 498 491 461 429 417 409 430 451 449 454 467 441 453 420 444 444 442 433 420 391 416 435 458 461 461 465 466 468 441 383 394 430 419 407 416 424 425 414 448 427 428 439 451 458 431 417 444 441 454 434 454 468 486 464 450 429 401 425 443 419 430 428 415 434 477 492 462 454 426 424 417 398 368 386 401 427 439 425 435 428 425 436 444 449 496 467 433 435 441 422 410 414 447 443 447 487 494 466 448 452 425 454 471 432 441 421 424 440 460 453 447 417 435 462 446 448 435 455 457 438 430 434 419 445 448 479 471 447 475 463 444 433 373 372 387 435 460 474 484 463 448 445 448 460 455 422 447 425 438 480 499 480 463 468 476 456 415 416 378 414 468 487 445 460 460 453 403 409 439 466 475 479 465 427 427 448 439 417 417 403 406 441 445 424 427 463 445 403 414 445 482 461 437 417 430 414 457 430 413 432 451 446 454 432 451 437 456 405 387 423 419 431 435 417 430 423 425 396 371 424 423 429 421 404 422 447 480 488 468 450 446 420 417 433 440 449 462 410 433 453 455 466 465 470 447 437 410 394 420 432 462 449 466 467 490 456 419 429 460 490 475 457 452 460 459 470 467 461 447 427 415 426 437 423 442 420 404 409 429 416 456 418 417 423 440 439 418 393 425 423 429 429 430 429 440 426 437 446 443 399 380 425 437 452 434 427 461 454 466 466 416 414 456 432 442 465 482 465 443 452 414 395 441 449 416 417 412 436 447 422 449 423 447 441 430 445 434 392 402 417 405 372 388 446 433 420 408 448 453 448 428 415 427 429 438 397 407 430 417 421 400 417 437 394 405 415 414 424 423 440 451 456 432 429 432 416 422 415 444 454 425 454 464 462 460 425 429 432 450 468 471 466 460 468 481 481 451 433 465 475 475 466 458 432 436 439 461 493 474 456 428 412 441 469 425 453 442 424 426 403 415 419 430 420 411 400 484 464 432 453 466 461 435 440 434 450 476 474 490 487 431 398 395 401 421 454 474 448 474 478 470 
vem trace:

