SDId: 34578082
energy: 3.76193e+17
zenith: 0.820182
azimuth: 4.99823
GPSSeconc: 1125874024
stid: 343
spdistance: 684.424
radio trace:
463 467 440 434 434 443 447 480 456 465 470 469 433 431 437 450 443 438 459 478 493 483 479 458 441 448 446 462 474 482 458 456 453 460 457 447 414 443 484 466 446 479 475 461 454 446 413 417 452 458 445 444 479 452 446 431 434 447 444 436 462 450 440 445 450 462 459 472 491 477 478 491 479 461 441 435 463 442 421 428 416 423 450 433 435 442 445 452 454 458 429 440 427 439 451 470 455 452 477 461 433 406 412 450 438 463 484 475 470 491 468 438 426 427 448 447 432 430 430 432 433 439 460 473 444 423 442 438 453 468 468 488 491 450 434 429 439 429 453 476 458 441 448 438 441 456 460 476 470 496 484 493 483 485 466 477 474 468 459 447 457 462 488 467 438 443 474 447 437 441 456 455 453 413 420 474 476 447 422 419 416 443 444 467 460 468 443 467 449 426 421 471 466 463 420 441 439 431 422 447 433 456 477 452 440 447 419 433 427 442 435 427 433 436 435 432 446 457 412 405 412 390 423 438 456 438 441 429 449 450 469 440 429 435 406 444 452 452 427 453 438 437 456 469 456 431 456 440 463 461 454 439 433 450 454 416 420 439 461 472 429 417 417 440 429 457 459 471 448 443 455 463 466 468 461 486 483 488 454 465 456 428 463 484 474 445 466 458 461 448 444 439 448 464 456 470 463 453 416 445 445 424 442 456 458 435 447 464 455 456 431 423 424 458 468 485 451 441 447 434 436 450 423 454 443 452 442 452 470 472 475 448 425 446 470 483 487 501 454 443 462 464 457 467 448 453 418 406 437 443 443 453 426 415 457 434 418 456 470 450 462 469 467 471 484 444 449 431 451 451 452 420 427 415 413 437 444 431 444 466 456 445 442 468 465 455 452 433 453 434 466 466 479 465 447 431 453 455 453 402 401 438 465 442 434 457 468 450 474 474 491 483 457 455 452 443 468 479 450 424 426 449 433 474 485 455 444 457 432 452 456 442 444 455 457 457 424 405 421 461 461 467 477 459 465 429 443 411 383 429 437 418 422 468 454 442 469 481 472 454 449 467 453 452 445 450 433 441 428 418 425 439 441 425 463 494 469 426 445 449 472 469 440 442 445 450 452 423 430 451 476 486 448 443 467 453 461 479 472 467 453 458 477 473 462 454 447 437 440 450 469 454 455 449 444 448 446 449 440 431 433 463 446 444 450 442 452 440 456 444 431 439 435 437 436 435 450 481 470 479 466 450 421 467 453 460 465 443 447 458 439 441 429 456 436 437 439 433 413 431 474 452 448 464 446 418 417 416 418 459 442 461 449 451 457 442 456 442 456 466 468 450 434 427 461 465 445 444 482 461 461 444 470 482 462 438 430 424 434 453 432 444 437 447 463 441 443 438 452 445 455 465 455 463 435 445 440 431 420 431 445 485 480 442 411 462 457 415 445 487 462 436 423 450 460 435 439 441 455 436 444 474 455 454 465 472 475 448 455 450 433 446 425 440 461 421 429 449 449 467 466 449 443 436 438 452 444 437 427 446 465 474 472 477 477 417 408 426 460 438 479 477 465 426 420 421 463 472 477 471 466 472 443 438 418 462 481 490 482 427 426 431 473 471 481 472 461 450 455 438 434 435 444 479 456 456 425 436 446 446 386 411 452 466 438 466 431 420 454 433 438 436 460 454 439 429 440 458 472 464 447 480 463 431 461 466 465 456 476 469 438 425 432 439 446 438 435 425 442 464 454 502 498 492 471 469 467 397 
vem trace:

stid: 419
spdistance: 872.367
radio trace:
515 543 502 473 445 446 438 408 404 470 465 452 415 429 440 477 510 467 486 484 437 424 449 461 481 458 484 427 436 454 497 528 525 516 470 495 475 487 464 471 443 433 484 491 506 489 475 496 511 491 447 459 478 492 426 461 494 476 455 458 502 472 500 519 484 497 504 478 455 482 477 464 479 485 489 476 465 471 489 488 500 500 425 453 448 472 451 464 424 480 459 471 471 454 462 471 486 482 484 482 459 481 463 451 494 475 443 450 480 445 453 432 393 424 500 532 498 514 501 484 449 438 435 451 468 485 505 513 507 447 466 526 520 500 484 450 448 479 481 469 480 480 472 487 475 488 525 505 458 428 477 511 471 459 475 468 435 478 483 455 473 473 493 474 495 530 484 449 457 435 438 424 412 449 447 483 428 457 462 453 468 478 471 494 452 480 529 511 447 392 428 440 407 441 448 469 490 499 484 445 515 512 498 475 462 446 460 484 501 472 455 495 483 450 478 487 455 501 469 487 473 383 450 486 471 467 485 478 487 475 439 450 462 473 456 450 464 500 519 512 456 429 450 452 465 475 444 439 430 449 470 503 450 449 462 485 498 485 476 475 450 464 473 476 457 466 488 478 463 456 450 446 438 420 436 434 461 477 502 439 439 462 478 489 460 421 457 449 478 453 458 453 466 468 510 504 467 445 461 507 521 507 498 475 497 481 475 487 475 484 527 486 443 476 486 442 480 498 503 478 475 470 453 446 492 452 415 452 488 485 485 454 453 476 464 451 454 426 436 460 495 483 476 495 482 456 457 480 492 497 472 461 445 442 475 446 432 463 477 491 480 478 510 484 471 478 458 460 473 508 528 519 500 494 486 497 501 503 477 445 448 454 465 498 451 453 469 443 467 446 493 498 503 482 479 480 487 458 480 455 451 494 484 443 428 451 478 476 514 497 436 436 431 453 448 456 453 485 473 457 460 439 482 443 416 482 495 491 482 480 458 428 459 463 460 462 440 439 438 404 487 534 510 517 483 463 443 481 490 495 475 484 507 519 496 503 491 489 448 462 474 497 490 472 484 502 489 503 485 529 508 460 493 459 458 459 462 461 475 499 461 464 460 428 413 403 457 453 504 470 441 438 435 451 411 405 419 476 473 492 459 433 398 440 465 499 512 546 536 524 520 480 463 483 459 494 500 417 435 428 468 491 497 470 476 450 463 486 520 508 492 508 503 480 466 418 403 381 417 445 459 468 450 482 462 435 430 395 390 434 419 419 461 451 449 432 430 382 419 458 472 479 456 485 493 491 488 473 476 457 455 450 451 438 470 469 504 513 499 486 470 473 474 466 479 480 522 513 470 454 446 433 486 447 453 441 473 480 493 509 496 508 496 489 491 495 467 464 451 469 509 481 481 505 510 512 506 510 516 509 461 443 493 522 506 501 507 446 421 434 413 405 412 498 498 466 502 489 489 466 478 496 478 475 467 489 488 496 507 500 473 431 479 490 456 455 403 466 480 505 536 516 496 498 495 484 496 468 476 486 469 435 457 481 515 528 493 452 456 443 463 457 418 440 431 471 477 482 476 465 449 445 467 471 467 449 459 507 458 395 401 474 439 461 458 444 411 439 457 455 505 506 499 522 486 486 492 477 457 500 483 479 458 468 495 493 497 522 497 519 498 475 496 491 509 538 528 500 482 493 444 442 467 462 448 496 470 435 460 460 459 457 443 409 445 461 480 473 472 406 460 480 450 445 472 494 498 480 
vem trace:

