SDId: 34790356
energy: 3.77158e+17
zenith: 0.713034
azimuth: 6.11339
GPSSeconc: 1127020448
stid: 419
spdistance: 525.553
radio trace:
515 490 505 492 460 466 485 508 483 488 517 492 495 457 445 448 455 437 454 468 494 428 429 414 444 448 453 430 489 512 516 500 477 485 490 503 488 423 441 439 421 487 478 453 459 489 477 506 474 483 492 494 507 531 497 462 463 512 454 477 449 431 443 474 489 452 437 492 516 487 428 496 494 497 454 430 463 483 488 451 450 467 498 521 502 513 494 462 465 478 495 504 491 465 466 494 494 497 458 486 488 485 493 496 465 501 439 463 475 461 450 454 457 449 448 428 454 487 495 489 459 448 461 482 464 412 405 429 459 461 462 466 461 433 461 461 438 441 420 452 500 463 417 420 424 445 450 460 443 431 451 471 487 462 473 466 474 466 474 441 387 420 429 453 452 482 501 466 457 421 431 461 488 471 464 448 411 367 398 439 445 420 434 462 464 529 527 521 496 465 476 448 442 461 497 470 464 446 448 498 500 469 445 447 467 397 433 424 399 412 469 471 488 468 441 458 454 435 439 424 383 357 414 464 460 453 493 520 496 490 508 472 488 469 428 414 451 466 473 486 465 458 511 509 512 484 428 407 451 485 492 511 518 547 516 488 463 490 461 382 422 456 469 474 443 432 443 451 418 416 426 395 419 401 455 467 487 480 466 470 440 442 423 426 446 485 490 541 516 507 481 506 532 511 495 450 454 454 438 497 528 504 488 489 510 473 457 445 503 461 463 466 478 482 458 462 419 481 500 495 554 519 448 441 486 499 478 482 489 427 457 488 449 418 449 460 464 434 458 457 455 460 428 466 464 417 420 440 443 427 433 460 451 438 438 424 398 430 404 429 476 503 437 408 432 431 440 462 492 490 467 457 453 425 453 472 433 436 454 440 440 462 438 464 504 488 447 445 431 414 489 497 502 481 489 496 448 466 485 490 518 495 481 499 475 490 474 439 413 458 450 438 464 483 484 471 464 491 463 454 479 485 492 440 433 448 463 449 443 490 496 447 443 424 438 446 450 478 474 489 468 502 443 433 412 425 441 461 469 410 405 424 481 476 465 474 518 467 429 449 484 492 492 498 523 492 454 422 435 429 448 429 471 455 446 448 430 440 451 448 453 469 465 496 522 465 466 494 492 485 459 486 493 534 505 509 487 498 446 390 389 441 486 466 451 490 506 466 470 466 461 463 473 479 493 510 484 458 458 483 481 501 500 497 507 507 439 428 464 445 465 471 473 469 493 493 492 468 440 462 426 432 443 442 421 478 472 468 484 486 453 449 448 440 446 433 419 399 439 466 484 488 491 452 483 458 462 474 448 469 462 437 422 457 480 531 514 488 487 486 478 475 432 401 440 447 488 439 419 439 474 485 432 445 499 425 453 450 459 454 389 373 405 412 449 497 469 443 437 480 459 423 436 453 436 471 495 472 489 499 506 433 474 470 464 479 472 469 495 482 485 447 475 487 494 454 480 486 477 473 442 460 400 419 484 453 463 453 477 481 519 516 515 477 498 481 462 450 480 540 510 481 453 439 413 466 468 420 453 475 501 477 513 542 505 488 454 440 455 467 458 449 420 423 488 494 475 469 464 462 523 468 475 457 471 489 484 479 459 470 499 534 475 457 464 463 437 459 478 454 488 456 463 499 473 489 475 456 466 464 469 466 447 458 451 430 470 453 430 447 470 444 462 464 490 496 529 513 502 507 496 499 450 447 407 422 422 424 494 514 470 515 490 487 428 424 455 489 441 402 408 421 432 472 457 468 473 492 
vem trace:

stid: 343
spdistance: 742.229
radio trace:
446 432 415 433 415 432 466 431 436 456 457 449 454 451 460 456 426 458 477 471 443 471 445 450 480 475 472 443 409 415 464 494 455 447 441 461 478 469 459 460 485 462 455 487 450 435 434 455 420 454 462 449 474 471 441 449 437 422 421 440 454 448 450 444 439 469 473 467 464 466 461 469 434 434 453 466 463 462 462 475 444 428 435 447 472 468 464 461 444 455 438 450 471 463 456 468 420 433 441 452 447 458 449 477 419 408 442 416 455 472 491 473 450 417 416 426 449 460 459 477 463 465 484 441 405 408 442 446 463 423 430 442 420 435 447 412 405 424 428 457 429 439 450 452 466 461 447 440 450 467 454 450 428 456 474 461 455 442 472 475 468 481 484 444 434 457 445 469 481 488 472 455 480 417 422 434 424 463 429 422 424 421 455 441 448 428 455 445 453 439 419 438 465 487 461 421 429 427 438 458 469 463 437 445 457 431 418 458 473 478 449 429 436 433 436 413 434 472 485 493 482 463 440 438 453 445 458 457 460 402 443 453 459 458 451 466 489 439 437 419 437 428 450 475 473 475 463 459 456 482 468 465 448 450 428 451 464 463 456 466 478 470 453 458 450 422 441 458 469 438 419 439 428 440 400 404 412 411 420 418 411 446 469 471 432 449 429 430 447 472 455 417 397 395 445 459 453 459 464 459 431 456 440 458 487 461 464 432 464 466 462 448 452 467 460 464 419 416 438 446 467 464 460 458 446 442 437 468 472 448 475 457 463 483 470 462 454 416 429 425 433 436 458 444 433 443 485 487 479 488 485 472 474 477 439 429 416 439 466 452 428 434 461 486 490 473 472 409 413 434 431 427 451 446 442 448 418 437 469 484 473 462 453 438 425 416 451 464 441 433 452 428 431 432 448 475 506 462 463 451 445 439 437 436 408 417 436 434 447 454 469 437 423 438 469 452 434 422 446 443 450 436 440 438 448 450 459 451 459 461 462 447 432 427 437 463 489 461 456 467 449 468 486 454 469 473 445 465 457 466 476 480 466 451 452 453 472 454 433 450 482 488 490 489 455 444 462 453 431 443 440 459 436 447 459 479 463 451 453 434 401 423 443 454 443 436 451 437 424 428 441 428 443 445 455 459 453 441 414 425 405 405 451 458 446 462 455 463 468 424 431 440 437 459 431 449 431 417 432 451 446 454 452 446 462 449 462 424 428 429 462 462 456 467 450 451 459 465 485 479 467 494 476 458 439 445 449 465 450 442 442 477 447 422 469 460 437 455 464 473 469 458 453 463 426 419 421 438 458 481 470 439 447 438 473 459 462 419 435 452 440 460 445 451 452 459 452 477 456 454 397 393 429 427 423 452 463 477 455 449 468 435 435 441 448 451 450 442 471 433 432 454 458 425 414 429 417 447 465 462 432 454 456 461 466 458 463 453 458 482 495 500 510 515 505 466 463 470 457 452 464 429 411 428 448 397 394 435 445 473 490 491 462 448 453 437 423 469 449 457 473 450 447 442 446 442 459 466 443 456 480 469 467 480 489 489 475 489 446 432 456 438 461 448 463 453 471 471 465 427 442 438 447 453 437 444 455 475 467 459 444 454 439 443 424 454 460 464 449 433 432 429 469 474 475 482 437 456 469 450 469 478 448 448 464 447 441 433 473 491 453 468 480 476 460 468 459 429 464 451 445 436 420 437 408 414 455 418 451 487 484 495 464 445 478 485 472 446 415 408 441 443 451 461 469 496 465 424 
vem trace:

stid: 342
spdistance: 1052.41
radio trace:
424 432 435 423 407 429 443 435 409 395 409 439 417 410 438 461 456 436 426 436 442 437 413 413 431 459 453 442 443 433 439 476 449 417 436 438 414 418 425 430 434 438 468 451 435 434 449 416 430 414 381 400 411 409 428 428 399 424 414 433 435 409 421 448 414 438 430 438 440 444 443 432 440 436 433 444 454 455 452 445 476 487 478 452 412 406 403 359 398 419 411 412 415 408 417 406 418 421 444 450 448 454 433 424 448 464 463 422 437 430 395 392 398 408 389 397 407 420 415 423 412 434 431 397 366 389 418 435 426 426 430 411 396 424 420 418 439 431 400 418 441 434 437 458 421 424 418 415 432 423 436 435 437 462 400 398 427 415 429 455 443 435 418 420 434 440 426 436 427 444 454 410 390 420 437 417 426 427 436 418 436 434 444 419 403 402 406 433 421 411 421 430 446 432 449 416 423 411 421 430 444 469 435 458 465 430 434 456 438 430 434 448 451 424 429 414 426 458 448 449 429 435 445 431 376 382 429 413 404 428 410 430 444 440 433 459 461 430 441 420 431 455 444 404 390 403 444 441 412 407 398 421 430 445 425 438 440 428 460 461 429 433 435 415 405 439 439 425 410 426 432 440 461 437 449 421 443 443 438 434 422 434 449 439 444 463 429 425 437 439 421 428 455 477 475 464 447 411 401 420 429 443 471 462 428 408 405 410 411 410 426 424 392 396 400 430 442 420 438 428 456 449 455 430 432 430 420 410 427 433 447 440 462 438 442 445 431 429 418 462 439 417 424 453 470 468 441 416 412 417 395 378 411 408 424 407 399 400 402 411 454 447 448 446 421 430 387 395 374 414 418 415 417 408 411 375 386 417 407 409 418 427 405 400 425 450 445 412 415 436 431 432 422 441 450 433 430 422 421 472 461 435 478 495 468 462 467 438 412 421 422 411 402 420 404 402 416 428 428 433 431 444 460 442 440 420 401 417 430 415 431 421 451 432 416 407 398 437 416 423 440 466 453 413 413 437 458 456 441 440 410 433 439 454 452 443 421 414 428 427 424 429 431 426 420 437 457 440 434 423 416 439 484 476 460 433 436 406 408 407 396 388 399 440 435 433 453 461 467 429 423 436 445 423 455 447 452 452 447 443 430 444 446 474 469 469 439 407 400 430 437 433 449 438 454 446 447 468 438 409 406 446 431 430 463 420 415 374 434 428 420 443 477 459 407 438 441 453 455 431 441 469 457 420 420 440 428 432 447 443 436 451 462 452 426 434 441 480 474 455 405 400 391 415 420 417 425 456 424 433 427 419 426 426 438 420 446 427 436 416 404 372 431 412 417 414 428 420 420 400 406 413 454 465 455 462 430 433 437 434 425 421 425 456 441 418 403 436 432 426 409 431 414 380 389 407 415 407 427 444 458 424 404 399 415 458 479 461 435 390 423 457 401 390 456 427 394 403 425 426 425 416 428 453 466 467 424 442 474 459 455 446 435 441 449 435 420 430 436 420 430 444 408 425 451 440 431 424 430 434 434 437 407 397 412 451 424 402 409 413 418 424 429 438 426 435 440 472 449 451 417 400 408 447 459 448 434 452 443 434 447 415 412 417 412 417 411 423 443 436 443 452 449 441 431 431 416 442 438 460 447 414 409 433 433 432 425 399 416 441 445 432 410 408 441 455 458 443 433 420 431 451 444 437 401 408 424 422 423 439 439 408 416 436 406 403 422 461 470 471 427 423 439 450 445 428 447 467 
vem trace:

