SDId: 34716334
energy: 3.65728e+17
zenith: 0.194186
azimuth: 5.63224
GPSSeconc: 1126578831
stid: 341
spdistance: 4866.56
radio trace:
507 484 410 462 478 445 472 474 465 531 521 490 450 452 495 522 527 520 524 552 505 480 473 403 434 462 469 482 504 531 527 484 485 492 506 470 478 503 513 521 494 461 471 478 502 477 502 510 505 471 474 507 472 520 512 527 542 529 509 513 525 514 519 474 452 460 444 482 535 491 486 492 484 448 484 489 456 495 512 505 481 492 456 488 493 469 480 547 533 525 470 484 495 471 470 484 482 482 507 480 471 498 482 480 514 519 509 508 526 492 483 515 526 515 553 537 501 441 498 506 498 506 485 495 496 474 475 503 525 531 482 502 518 508 487 510 533 521 532 523 542 525 505 490 470 467 474 496 535 572 518 453 454 456 425 416 481 472 471 485 491 535 532 494 478 514 514 497 489 491 489 462 482 478 472 470 502 511 490 449 463 472 477 502 467 470 479 458 447 475 483 494 469 492 517 491 485 477 472 494 486 477 490 516 545 527 515 495 484 466 468 481 500 502 493 524 526 520 493 474 491 507 489 463 497 478 501 500 530 518 516 439 485 531 509 464 496 507 490 502 496 454 462 444 482 500 519 500 494 504 494 491 522 489 481 471 476 497 483 495 473 455 455 452 448 503 430 452 465 452 462 507 476 474 487 498 515 535 513 494 482 486 502 472 497 495 486 516 510 442 478 463 468 477 482 516 503 514 515 497 483 515 511 507 477 486 491 516 524 475 452 457 464 495 468 471 481 483 499 504 462 494 516 515 474 482 508 559 542 493 502 465 456 429 452 518 531 474 482 543 538 552 528 550 565 571 549 529 525 520 509 467 455 456 480 489 531 542 548 519 491 516 493 521 496 453 468 478 488 492 517 501 484 496 503 527 465 464 477 471 506 520 510 505 514 490 483 498 459 518 498 478 467 440 445 483 473 450 469 499 527 531 509 508 520 552 552 519 517 523 498 445 476 467 468 454 465 481 484 482 500 507 496 475 471 464 497 518 491 493 470 475 464 493 527 509 506 487 501 471 469 446 455 468 450 428 451 465 453 464 474 517 514 507 497 486 477 517 488 461 484 489 503 475 462 471 478 500 530 527 533 532 511 477 433 418 470 497 472 473 474 497 491 509 474 478 483 481 480 459 504 477 494 525 494 522 519 542 548 555 518 528 515 531 566 527 557 512 494 466 504 510 499 502 521 494 487 484 466 455 459 446 453 469 499 531 515 510 469 446 453 495 522 512 501 510 542 513 501 507 489 486 479 511 529 536 553 534 527 481 421 461 515 477 475 500 494 466 450 456 461 504 527 523 496 484 443 423 449 448 461 455 473 474 486 476 473 461 502 492 486 520 533 529 532 466 500 523 534 531 501 518 505 498 421 419 426 441 474 507 503 482 504 481 531 520 469 502 513 491 485 478 520 503 487 476 519 504 494 490 481 497 475 475 479 512 496 480 508 527 520 474 478 456 474 433 428 449 444 455 446 453 473 445 436 473 510 516 516 484 462 481 470 484 449 440 455 443 435 434 440 505 451 465 487 506 500 441 426 455 448 458 474 480 467 497 477 498 523 497 487 456 441 441 446 422 459 454 443 475 489 468 474 485 472 491 470 461 460 481 506 510 485 467 484 473 501 484 466 495 514 510 506 489 497 480 471 505 450 459 494 496 444 424 419 428 445 429 462 468 514 528 503 504 484 478 487 496 488 439 454 459 468 494 495 515 499 500 555 524 457 449 485 475 486 511 500 500 502 509 552 543 516 479 498 495 509 533 
vem trace:

stid: 341
spdistance: 4866.56
radio trace:
507 484 410 462 478 445 472 474 465 531 521 490 450 452 495 522 527 520 524 552 505 480 473 403 434 462 469 482 504 531 527 484 485 492 506 470 478 503 513 521 494 461 471 478 502 477 502 510 505 471 474 507 472 520 512 527 542 529 509 513 525 514 519 474 452 460 444 482 535 491 486 492 484 448 484 489 456 495 512 505 481 492 456 488 493 469 480 547 533 525 470 484 495 471 470 484 482 482 507 480 471 498 482 480 514 519 509 508 526 492 483 515 526 515 553 537 501 441 498 506 498 506 485 495 496 474 475 503 525 531 482 502 518 508 487 510 533 521 532 523 542 525 505 490 470 467 474 496 535 572 518 453 454 456 425 416 481 472 471 485 491 535 532 494 478 514 514 497 489 491 489 462 482 478 472 470 502 511 490 449 463 472 477 502 467 470 479 458 447 475 483 494 469 492 517 491 485 477 472 494 486 477 490 516 545 527 515 495 484 466 468 481 500 502 493 524 526 520 493 474 491 507 489 463 497 478 501 500 530 518 516 439 485 531 509 464 496 507 490 502 496 454 462 444 482 500 519 500 494 504 494 491 522 489 481 471 476 497 483 495 473 455 455 452 448 503 430 452 465 452 462 507 476 474 487 498 515 535 513 494 482 486 502 472 497 495 486 516 510 442 478 463 468 477 482 516 503 514 515 497 483 515 511 507 477 486 491 516 524 475 452 457 464 495 468 471 481 483 499 504 462 494 516 515 474 482 508 559 542 493 502 465 456 429 452 518 531 474 482 543 538 552 528 550 565 571 549 529 525 520 509 467 455 456 480 489 531 542 548 519 491 516 493 521 496 453 468 478 488 492 517 501 484 496 503 527 465 464 477 471 506 520 510 505 514 490 483 498 459 518 498 478 467 440 445 483 473 450 469 499 527 531 509 508 520 552 552 519 517 523 498 445 476 467 468 454 465 481 484 482 500 507 496 475 471 464 497 518 491 493 470 475 464 493 527 509 506 487 501 471 469 446 455 468 450 428 451 465 453 464 474 517 514 507 497 486 477 517 488 461 484 489 503 475 462 471 478 500 530 527 533 532 511 477 433 418 470 497 472 473 474 497 491 509 474 478 483 481 480 459 504 477 494 525 494 522 519 542 548 555 518 528 515 531 566 527 557 512 494 466 504 510 499 502 521 494 487 484 466 455 459 446 453 469 499 531 515 510 469 446 453 495 522 512 501 510 542 513 501 507 489 486 479 511 529 536 553 534 527 481 421 461 515 477 475 500 494 466 450 456 461 504 527 523 496 484 443 423 449 448 461 455 473 474 486 476 473 461 502 492 486 520 533 529 532 466 500 523 534 531 501 518 505 498 421 419 426 441 474 507 503 482 504 481 531 520 469 502 513 491 485 478 520 503 487 476 519 504 494 490 481 497 475 475 479 512 496 480 508 527 520 474 478 456 474 433 428 449 444 455 446 453 473 445 436 473 510 516 516 484 462 481 470 484 449 440 455 443 435 434 440 505 451 465 487 506 500 441 426 455 448 458 474 480 467 497 477 498 523 497 487 456 441 441 446 422 459 454 443 475 489 468 474 485 472 491 470 461 460 481 506 510 485 467 484 473 501 484 466 495 514 510 506 489 497 480 471 505 450 459 494 496 444 424 419 428 445 429 462 468 514 528 503 504 484 478 487 496 488 439 454 459 468 494 495 515 499 500 555 524 457 449 485 475 486 511 500 500 502 509 552 543 516 479 498 495 509 533 
vem trace:

