SDId: 34798202
energy: 1.4065e+17
zenith: 0.54433
azimuth: 4.66977
GPSSeconc: 1127070689
stid: 341
spdistance: 1519.47
radio trace:
572 530 514 547 552 575 524 514 530 492 485 492 522 571 571 537 532 513 509 492 501 529 532 502 498 470 465 491 511 534 551 532 493 520 542 549 542 544 554 552 536 543 532 502 515 506 522 492 556 557 564 518 479 506 492 465 507 504 527 520 542 561 491 512 543 520 535 551 561 551 536 530 558 565 537 519 504 520 528 503 487 521 523 559 589 568 557 558 522 515 490 500 518 510 565 570 523 524 527 493 499 536 533 555 544 545 498 470 518 531 524 540 521 559 586 578 564 551 524 536 529 492 457 481 530 548 517 522 536 557 515 518 540 553 531 510 541 524 499 507 557 600 559 543 504 469 476 513 503 557 562 538 518 531 548 530 492 524 503 477 489 495 504 516 501 495 480 468 492 525 522 555 541 585 569 562 570 533 556 552 543 551 545 500 478 502 471 482 505 506 515 514 536 504 502 538 576 539 469 453 474 488 524 546 555 533 556 554 506 490 512 538 546 523 546 564 562 567 587 551 543 539 519 493 509 511 508 539 534 525 527 513 546 530 525 529 546 570 549 528 506 542 581 530 520 526 526 533 528 612 579 558 545 508 505 543 558 528 509 502 544 546 532 496 533 561 528 476 505 534 538 517 551 550 547 487 476 471 475 470 463 478 535 536 559 534 505 507 485 512 549 567 505 435 464 550 572 506 524 526 515 502 523 541 549 531 481 490 483 491 470 521 504 489 531 536 518 511 555 546 486 504 503 479 498 486 513 524 490 542 519 497 512 508 525 553 559 534 517 545 528 546 526 496 497 496 484 516 520 509 568 549 512 534 522 526 523 569 567 539 554 537 524 503 494 524 519 540 524 544 538 528 558 556 530 556 520 510 525 577 584 535 497 487 484 505 521 540 522 468 513 517 520 508 521 532 527 541 557 545 508 498 476 502 521 519 494 564 588 544 541 547 544 514 506 542 536 553 565 554 548 578 584 543 524 521 500 500 527 499 512 499 544 542 487 514 548 542 524 504 494 515 528 543 554 539 583 573 507 502 507 523 516 539 509 494 509 475 522 558 557 521 528 527 522 527 514 519 497 491 498 532 527 491 497 490 529 539 483 503 538 524 526 514 510 518 509 546 535 533 547 509 517 510 483 464 503 524 527 493 513 506 476 532 592 567 507 528 495 520 527 532 570 524 491 459 449 481 498 470 489 503 517 527 518 512 503 529 553 569 548 515 526 504 498 506 539 501 540 524 496 474 503 486 509 495 522 497 508 490 510 534 511 484 452 473 483 477 522 566 576 526 465 534 504 499 517 483 466 497 522 500 515 513 514 573 520 556 527 509 519 539 532 548 559 582 576 515 485 482 470 490 509 527 539 543 500 523 513 494 533 536 548 561 531 521 552 568 555 587 591 571 610 585 567 499 509 539 524 500 513 520 514 575 584 588 595 571 580 562 562 564 525 573 608 593 588 550 509 499 550 525 528 500 500 513 517 512 510 517 504 491 528 540 490 498 531 540 504 461 488 535 535 504 519 515 523 536 512 531 523 502 516 490 521 542 533 489 500 478 495 508 501 519 527 503 525 515 485 513 522 503 488 498 512 467 425 434 460 518 524 524 537 511 517 546 519 503 537 534 513 521 499 517 551 539 491 507 552 578 566 548 520 520 524 542 519 510 487 488 518 471 491 541 507 486 506 521 526 564 551 542 540 482 490 524 564 557 550 550 575 547 530 527 550 559 513 523 531 533 541 516 510 507 500 526 506 504 
vem trace:

stid: 341
spdistance: 1519.47
radio trace:
572 530 514 547 552 575 524 514 530 492 485 492 522 571 571 537 532 513 509 492 501 529 532 502 498 470 465 491 511 534 551 532 493 520 542 549 542 544 554 552 536 543 532 502 515 506 522 492 556 557 564 518 479 506 492 465 507 504 527 520 542 561 491 512 543 520 535 551 561 551 536 530 558 565 537 519 504 520 528 503 487 521 523 559 589 568 557 558 522 515 490 500 518 510 565 570 523 524 527 493 499 536 533 555 544 545 498 470 518 531 524 540 521 559 586 578 564 551 524 536 529 492 457 481 530 548 517 522 536 557 515 518 540 553 531 510 541 524 499 507 557 600 559 543 504 469 476 513 503 557 562 538 518 531 548 530 492 524 503 477 489 495 504 516 501 495 480 468 492 525 522 555 541 585 569 562 570 533 556 552 543 551 545 500 478 502 471 482 505 506 515 514 536 504 502 538 576 539 469 453 474 488 524 546 555 533 556 554 506 490 512 538 546 523 546 564 562 567 587 551 543 539 519 493 509 511 508 539 534 525 527 513 546 530 525 529 546 570 549 528 506 542 581 530 520 526 526 533 528 612 579 558 545 508 505 543 558 528 509 502 544 546 532 496 533 561 528 476 505 534 538 517 551 550 547 487 476 471 475 470 463 478 535 536 559 534 505 507 485 512 549 567 505 435 464 550 572 506 524 526 515 502 523 541 549 531 481 490 483 491 470 521 504 489 531 536 518 511 555 546 486 504 503 479 498 486 513 524 490 542 519 497 512 508 525 553 559 534 517 545 528 546 526 496 497 496 484 516 520 509 568 549 512 534 522 526 523 569 567 539 554 537 524 503 494 524 519 540 524 544 538 528 558 556 530 556 520 510 525 577 584 535 497 487 484 505 521 540 522 468 513 517 520 508 521 532 527 541 557 545 508 498 476 502 521 519 494 564 588 544 541 547 544 514 506 542 536 553 565 554 548 578 584 543 524 521 500 500 527 499 512 499 544 542 487 514 548 542 524 504 494 515 528 543 554 539 583 573 507 502 507 523 516 539 509 494 509 475 522 558 557 521 528 527 522 527 514 519 497 491 498 532 527 491 497 490 529 539 483 503 538 524 526 514 510 518 509 546 535 533 547 509 517 510 483 464 503 524 527 493 513 506 476 532 592 567 507 528 495 520 527 532 570 524 491 459 449 481 498 470 489 503 517 527 518 512 503 529 553 569 548 515 526 504 498 506 539 501 540 524 496 474 503 486 509 495 522 497 508 490 510 534 511 484 452 473 483 477 522 566 576 526 465 534 504 499 517 483 466 497 522 500 515 513 514 573 520 556 527 509 519 539 532 548 559 582 576 515 485 482 470 490 509 527 539 543 500 523 513 494 533 536 548 561 531 521 552 568 555 587 591 571 610 585 567 499 509 539 524 500 513 520 514 575 584 588 595 571 580 562 562 564 525 573 608 593 588 550 509 499 550 525 528 500 500 513 517 512 510 517 504 491 528 540 490 498 531 540 504 461 488 535 535 504 519 515 523 536 512 531 523 502 516 490 521 542 533 489 500 478 495 508 501 519 527 503 525 515 485 513 522 503 488 498 512 467 425 434 460 518 524 524 537 511 517 546 519 503 537 534 513 521 499 517 551 539 491 507 552 578 566 548 520 520 524 542 519 510 487 488 518 471 491 541 507 486 506 521 526 564 551 542 540 482 490 524 564 557 550 550 575 547 530 527 550 559 513 523 531 533 541 516 510 507 500 526 506 504 
vem trace:

stid: 343
spdistance: 679.401
radio trace:
443 450 455 479 445 421 415 404 442 416 406 429 457 448 456 443 464 444 442 442 440 484 462 486 482 460 447 433 435 451 433 454 478 482 443 464 491 432 429 470 454 460 485 460 458 462 457 453 454 477 479 474 457 438 423 458 482 452 480 461 420 419 457 442 459 477 470 456 457 449 436 457 463 442 454 443 448 472 476 496 494 465 473 476 481 466 430 425 409 428 435 420 425 459 452 443 454 456 461 443 455 482 503 465 473 460 453 481 437 428 454 475 478 465 454 464 446 434 449 454 441 414 417 449 459 447 467 472 473 435 431 456 466 466 444 435 432 441 456 425 445 443 432 452 453 477 464 446 431 424 430 411 439 468 454 460 459 478 495 487 480 492 479 431 437 465 445 421 454 474 477 480 464 463 451 445 439 448 456 467 455 456 462 464 445 428 409 419 446 464 472 478 434 415 442 445 411 413 437 459 460 452 443 465 441 465 442 440 432 460 437 434 441 433 469 489 476 470 446 446 446 470 463 439 448 431 446 439 447 438 465 489 473 467 468 454 469 485 497 486 456 450 437 450 460 454 447 426 437 415 479 480 480 486 463 453 487 493 484 462 470 454 478 458 474 468 450 448 455 464 453 423 435 452 450 466 446 469 458 478 482 472 452 464 449 431 448 479 455 437 411 425 464 447 449 445 452 447 435 461 471 427 417 456 469 432 424 440 447 449 439 459 440 445 470 481 475 469 439 436 434 441 429 439 438 431 475 469 453 453 467 468 455 414 435 434 475 484 483 454 453 458 438 422 420 468 491 476 473 472 467 461 446 456 463 458 455 466 444 433 452 461 445 450 467 463 421 413 448 452 454 464 471 471 473 479 464 454 435 467 444 464 460 478 489 452 441 417 432 432 431 432 451 459 469 425 448 404 398 446 487 485 490 488 455 452 447 442 440 412 414 458 450 441 453 454 458 482 473 468 457 418 398 362 424 435 440 432 425 405 434 425 458 435 438 449 431 416 445 423 436 453 446 433 428 430 439 421 421 436 451 442 471 481 477 481 463 437 426 453 470 479 475 448 426 410 410 404 430 461 488 459 463 437 445 467 449 447 449 446 462 475 487 458 434 471 464 462 452 492 463 466 476 469 437 457 470 445 456 484 455 409 404 409 427 443 438 424 442 430 450 464 464 461 458 453 441 452 480 466 460 443 453 461 473 458 463 487 487 472 424 418 464 453 439 437 440 441 442 430 452 446 435 444 435 445 420 453 453 413 442 454 418 444 464 478 458 459 428 451 476 424 428 440 458 450 463 481 442 436 440 446 447 434 406 417 459 461 428 428 454 466 458 438 438 460 439 448 448 439 444 459 448 456 419 441 466 468 449 442 415 467 455 456 456 436 408 449 444 432 428 426 439 447 445 472 445 459 477 459 473 492 509 516 506 468 461 470 466 402 396 433 484 509 505 483 478 484 502 451 448 459 443 476 495 473 499 451 429 434 447 455 447 480 492 473 452 475 478 472 416 437 457 477 447 463 455 479 470 492 463 463 459 476 454 452 443 460 429 446 449 472 476 487 471 457 453 434 439 429 434 430 463 450 437 445 438 431 442 449 448 438 478 473 442 464 459 440 435 425 443 434 409 410 415 440 435 458 462 467 457 446 477 459 483 456 451 453 439 449 446 437 453 429 431 443 451 441 438 429 421 440 433 450 462 444 463 446 458 492 467 440 426 442 448 455 439 455 456 443 453 479 486 488 495 488 495 456 
vem trace:

