SDId: 34828669
energy: 2.05475e+17
zenith: 0.432735
azimuth: 3.30365
GPSSeconc: 1127264697
stid: 419
spdistance: 887.65
radio trace:
494 460 476 442 426 459 452 418 458 498 480 463 478 450 390 388 417 389 442 417 459 457 464 485 508 516 462 475 470 457 443 490 490 509 495 477 489 496 505 460 446 458 460 470 415 458 495 481 462 457 486 489 444 453 466 439 448 456 440 449 457 450 453 511 500 490 438 422 435 479 468 482 499 472 507 483 469 476 496 530 459 438 457 498 467 420 443 443 469 437 462 457 443 473 497 525 517 504 488 462 477 447 453 463 466 451 458 419 440 465 449 453 439 458 472 452 439 420 492 490 491 482 442 439 480 494 542 534 496 472 457 479 497 491 477 456 467 478 480 498 493 524 523 510 482 487 443 465 475 469 501 501 506 496 514 498 474 457 448 474 497 489 517 467 466 424 439 420 437 504 516 496 465 472 473 465 489 524 498 464 458 438 460 470 473 472 455 438 437 415 463 429 426 465 484 456 475 494 489 469 469 444 448 461 458 473 511 483 492 471 445 444 404 422 447 466 426 465 412 438 517 526 524 517 467 438 460 490 458 477 454 457 429 445 443 398 393 433 450 432 447 490 475 433 477 464 485 471 477 492 492 514 506 514 498 491 478 483 457 455 457 487 475 471 444 455 418 391 385 437 459 463 462 496 526 519 520 512 546 488 466 506 480 467 474 432 470 488 456 469 446 444 450 458 452 459 396 402 427 470 463 447 428 457 497 494 474 472 489 483 481 472 492 545 487 483 510 492 453 453 440 450 486 526 523 519 488 469 436 453 483 494 496 490 470 450 465 473 485 527 518 494 532 478 449 458 465 461 477 510 462 487 507 494 489 486 481 474 429 498 505 499 440 454 429 450 427 498 478 476 455 493 517 514 476 460 437 439 465 483 476 517 545 502 498 519 488 531 521 493 498 545 499 453 486 451 455 448 437 516 494 448 450 468 474 474 508 479 494 491 443 457 501 478 484 464 452 436 427 429 428 478 475 459 454 460 447 436 499 529 530 526 509 512 482 455 485 472 449 451 476 444 486 477 458 475 444 483 492 449 481 489 477 491 432 450 494 510 526 496 472 461 457 480 462 420 436 417 442 505 513 456 487 462 439 473 490 486 471 427 416 450 448 494 512 528 526 516 467 489 514 485 464 494 482 468 441 467 456 460 489 459 437 413 445 454 498 478 467 451 433 427 420 446 465 421 435 462 485 513 473 442 434 435 463 439 440 429 437 478 458 460 433 457 436 422 502 497 468 451 486 466 480 515 480 488 498 496 505 508 535 471 493 441 487 514 513 487 442 457 469 411 461 482 476 509 487 467 459 519 501 472 449 512 502 510 506 469 409 429 486 486 510 474 499 470 457 476 501 477 452 434 446 478 470 492 521 528 513 477 442 424 493 482 482 481 464 433 486 529 554 526 514 521 496 475 520 497 518 496 481 432 491 493 483 467 485 478 476 478 481 493 456 448 424 365 364 387 435 498 518 514 495 448 407 399 451 469 455 462 519 479 469 477 484 486 446 453 498 455 479 509 468 468 474 489 486 455 433 457 436 423 423 420 484 469 486 470 455 465 458 449 429 453 437 458 490 520 513 474 494 491 470 460 506 481 485 523 506 471 491 512 518 471 437 398 456 450 454 461 496 512 474 476 498 493 503 478 501 479 457 446 458 480 452 481 518 542 509 499 485 450 455 452 461 440 442 443 462 490 535 498 497 452 427 428 474 443 385 397 434 478 470 520 541 530 500 478 483 445 446 449 431 445 486 477 447 479 
vem trace:

stid: 342
spdistance: 971.616
radio trace:
438 441 432 406 394 376 407 441 447 469 469 444 429 425 473 461 450 432 428 425 403 435 439 421 429 448 429 418 407 432 442 453 441 427 416 412 443 450 397 369 412 426 423 445 442 444 422 408 429 461 448 433 416 404 426 424 431 444 450 434 448 459 438 421 414 411 425 435 401 424 453 429 411 400 443 453 460 486 457 431 405 431 464 443 434 420 427 425 422 410 428 427 426 430 435 427 449 429 422 452 470 467 473 456 457 463 467 465 439 423 430 424 447 452 465 430 455 451 456 437 436 446 410 390 415 442 421 412 447 478 465 476 459 437 434 439 439 434 443 455 441 437 432 444 454 462 430 409 421 434 434 410 440 417 400 431 460 447 434 418 410 391 405 425 425 441 436 433 450 481 486 465 419 421 417 409 421 414 400 409 428 454 443 476 470 414 436 427 418 443 416 437 439 437 418 413 441 420 408 444 460 452 440 459 418 432 441 469 431 440 430 436 414 415 440 434 418 409 432 403 439 447 452 425 410 435 429 422 424 421 416 438 435 458 414 439 432 443 435 433 435 440 450 436 415 411 408 420 430 441 452 465 479 451 455 419 441 426 429 422 434 446 461 479 450 449 455 425 428 374 413 410 432 450 473 431 447 442 455 433 452 451 456 457 447 434 439 428 411 425 425 417 409 428 449 435 432 433 431 444 427 446 427 427 425 425 419 443 455 435 411 386 396 409 396 395 416 436 459 452 421 413 419 394 427 434 449 449 415 444 425 399 424 431 421 407 414 434 445 430 456 459 446 463 420 405 423 413 417 436 410 425 433 404 437 434 415 437 452 433 428 431 435 424 428 431 460 421 414 439 442 431 434 429 421 427 461 455 428 414 411 416 381 391 413 436 461 466 470 442 404 394 443 457 452 463 467 471 472 444 435 423 424 416 444 437 416 392 416 437 435 444 432 459 438 420 401 421 439 464 451 471 443 448 450 426 422 421 412 423 432 436 420 407 444 456 455 450 442 406 443 455 429 419 420 408 428 443 435 413 404 424 416 435 399 399 416 405 403 359 349 394 386 424 423 456 474 459 449 450 442 425 386 384 451 453 456 455 460 455 435 427 430 420 408 436 443 419 428 442 448 454 436 445 423 420 450 482 444 468 458 437 440 453 455 431 460 488 434 409 410 433 425 449 413 421 410 401 406 418 423 415 422 440 465 448 422 437 452 430 432 425 429 456 450 426 413 422 438 437 450 462 465 448 427 415 414 416 414 435 401 401 388 398 421 429 413 418 421 425 428 429 440 407 400 425 427 412 450 466 437 456 454 434 446 473 463 453 437 434 425 435 437 423 423 418 412 406 431 464 445 430 450 430 430 477 462 441 430 425 452 469 488 464 455 444 438 432 433 431 457 489 459 444 439 450 422 395 403 456 447 477 489 447 418 406 405 429 450 457 431 456 460 466 430 431 430 439 464 478 457 456 468 480 461 441 457 423 425 412 427 446 448 456 428 385 382 417 455 450 446 434 461 451 447 425 431 437 422 453 443 429 454 456 458 469 451 440 443 405 429 446 410 415 411 405 411 437 452 405 389 402 412 425 434 439 419 413 447 456 439 416 429 454 445 428 402 400 424 410 432 423 442 451 438 450 453 443 434 416 411 397 427 424 440 449 443 435 395 427 438 441 448 436 457 436 427 452 445 418 437 434 448 455 428 426 425 429 428 451 444 446 421 426 429 440 417 417 388 423 448 447 432 417 436 448 457 475 
vem trace:

