SDId: 34562604
energy: 7.71582e+17
zenith: 0.697754
azimuth: 2.34523
GPSSeconc: 1125643701
stid: 343
spdistance: 543.696
radio trace:
447 458 449 443 428 426 480 479 453 436 463 496 482 469 481 470 468 466 443 410 417 428 441 439 441 418 432 419 428 442 441 445 467 471 470 445 448 453 421 420 438 467 460 448 445 443 427 415 435 455 446 488 496 460 449 484 484 452 445 446 441 459 425 436 444 460 447 448 425 425 415 406 434 458 448 460 449 432 445 464 477 446 468 454 437 431 412 419 441 435 425 394 429 429 445 452 446 438 403 432 416 428 420 453 428 444 452 453 459 451 442 426 452 445 416 448 464 441 437 424 423 454 454 454 442 461 461 450 457 401 408 418 435 439 423 461 464 429 411 424 437 417 410 426 423 416 400 434 451 442 423 443 431 469 453 463 463 451 462 444 438 417 412 434 463 485 466 450 433 432 433 461 458 438 425 436 450 452 445 449 466 447 439 442 456 462 458 441 458 454 456 439 407 408 398 394 454 470 465 437 439 457 434 397 416 454 475 470 451 443 453 448 449 404 449 440 423 380 411 417 452 460 425 440 426 436 432 435 452 449 450 451 446 415 408 386 409 417 417 430 413 393 429 462 456 443 441 383 391 421 432 426 456 472 463 490 484 481 476 474 446 436 435 423 449 451 472 443 422 411 422 444 469 458 475 440 437 424 437 438 429 434 401 416 455 444 430 439 445 426 434 420 420 424 436 450 457 479 465 458 476 501 489 418 426 411 425 447 449 450 448 445 446 466 452 455 454 468 468 470 441 446 457 454 452 430 442 425 432 400 446 456 430 422 424 451 462 412 402 468 479 484 463 447 460 428 423 402 416 435 461 442 453 463 451 478 491 461 445 456 478 472 433 432 457 428 415 448 432 453 449 434 461 459 467 470 470 462 460 444 462 432 436 426 417 422 425 437 438 421 435 461 467 440 430 460 447 437 419 417 445 432 450 439 431 456 450 417 432 456 438 446 440 425 452 471 440 426 412 418 439 464 441 441 434 459 463 473 462 468 439 437 432 430 449 476 469 467 445 435 441 429 426 442 445 436 454 477 474 466 457 480 454 437 438 420 408 402 382 439 443 440 434 443 451 447 427 440 427 445 453 466 467 474 435 408 428 407 414 418 398 402 420 424 450 470 434 448 461 483 446 465 479 449 436 441 431 461 453 459 447 423 434 436 426 416 406 432 448 460 472 453 457 479 479 465 463 464 421 397 455 467 467 463 458 478 468 452 445 443 425 430 446 454 445 442 439 427 439 445 453 460 438 394 406 407 384 398 421 423 401 428 446 428 419 452 448 455 419 439 448 441 454 450 441 435 449 465 449 417 455 474 462 460 434 425 436 454 457 432 440 449 414 399 402 427 416 430 455 441 449 435 435 438 444 425 446 462 425 430 414 433 419 429 400 421 423 408 419 474 477 484 450 438 453 464 469 457 425 449 430 469 477 488 475 461 423 459 452 454 449 440 463 446 475 472 461 425 421 421 436 458 475 481 452 425 434 449 471 472 473 460 442 445 447 446 475 464 477 489 468 464 465 467 442 420 453 474 470 429 420 438 425 440 465 485 466 490 476 456 486 483 440 436 417 436 455 429 413 405 420 438 454 483 462 421 438 431 418 429 414 402 425 421 392 401 443 472 466 478 458 439 459 465 441 450 468 472 444 431 445 467 483 453 404 416 401 401 408 400 436 446 439 449 460 460 474 458 477 453 450 468 484 442 419 425 421 455 443 414 413 438 457 461 449 463 454 426 423 410 413 411 428 449 430 438 454 462 
vem trace:

stid: 419
spdistance: 852.929
radio trace:
443 437 463 454 475 484 505 541 480 461 447 390 409 420 466 465 471 519 501 492 495 505 527 467 436 432 465 489 474 474 451 451 504 534 474 483 433 455 466 479 462 444 428 435 480 447 442 446 452 456 422 393 409 448 483 496 492 494 470 463 474 496 495 471 453 443 477 481 459 456 425 474 441 419 440 442 450 447 443 461 474 455 494 487 518 508 499 477 474 476 447 483 474 459 441 450 462 461 436 425 426 416 467 483 462 468 452 419 436 454 476 490 402 443 464 497 497 459 460 445 483 492 459 408 455 466 443 442 429 429 436 456 414 446 458 476 437 440 461 458 471 473 458 485 476 440 426 440 441 449 425 426 440 446 477 437 474 403 441 475 448 408 403 443 438 455 452 493 479 449 409 426 479 473 478 390 437 448 431 449 462 451 467 478 421 439 458 445 470 466 456 479 449 424 431 433 451 455 428 464 524 514 486 475 483 473 439 424 424 418 448 441 483 474 483 474 437 451 440 462 433 415 431 485 484 494 482 500 508 460 476 478 485 458 476 472 444 434 451 449 413 414 426 438 421 467 439 408 449 427 413 445 484 414 412 428 437 471 471 443 490 463 455 479 452 432 452 438 423 429 421 430 407 435 467 475 492 479 471 466 475 479 465 460 463 503 513 496 476 439 398 461 464 456 478 445 451 443 467 403 416 439 469 479 439 444 446 468 470 479 475 460 467 484 475 404 424 427 407 411 437 454 492 461 430 450 439 450 470 476 441 425 407 436 452 429 437 453 446 458 428 454 472 439 440 407 459 498 495 455 468 479 466 490 475 441 440 430 482 429 424 437 457 475 485 486 491 506 505 470 448 477 479 438 453 454 432 435 492 450 445 427 464 470 468 482 480 470 494 516 470 453 418 445 497 515 526 501 497 472 461 435 459 429 429 451 416 414 466 459 457 439 441 425 427 428 431 435 475 464 471 453 437 442 451 491 466 471 477 505 495 466 483 515 542 542 493 512 500 438 440 439 429 444 466 479 469 457 451 447 448 456 447 466 466 477 484 504 502 520 488 473 476 490 471 493 494 442 397 406 438 468 467 431 437 423 442 463 509 480 453 448 479 476 480 446 460 474 431 459 497 438 464 470 482 457 445 454 490 465 471 465 473 502 477 449 420 413 436 485 475 429 475 518 489 409 400 482 443 464 465 473 482 476 465 488 473 464 429 441 428 430 450 465 442 455 475 463 490 473 476 448 488 478 444 457 472 461 488 491 466 459 453 491 519 519 487 470 447 470 461 477 425 428 465 490 509 500 508 513 529 483 517 455 446 420 420 422 410 430 466 443 460 471 502 481 490 504 487 488 479 435 444 474 445 482 473 469 463 472 435 454 441 461 487 481 478 473 493 463 376 430 393 428 445 440 467 428 425 401 376 425 441 457 438 448 431 461 492 534 471 440 457 465 448 445 450 444 426 473 447 441 442 472 433 413 413 471 484 520 492 467 467 455 459 431 454 429 423 474 485 455 466 489 485 451 414 415 408 439 461 444 462 478 458 521 494 446 423 446 482 446 436 474 464 452 504 521 508 512 475 411 458 482 485 450 476 484 461 464 404 417 443 442 433 432 448 476 496 479 457 451 450 456 470 456 424 461 433 401 429 457 481 461 518 503 480 468 506 453 474 435 474 490 440 453 453 431 385 404 432 445 454 458 431 401 460 479 475 455 409 376 431 452 487 449 466 503 538 507 483 511 472 430 413 382 445 469 
vem trace:

