SDId: 34732611
energy: 4.00713e+17
zenith: 0.377331
azimuth: 0.393869
GPSSeconc: 1126670250
stid: 341
spdistance: 4423.41
radio trace:
506 525 538 541 535 560 540 514 489 532 538 535 483 495 489 470 500 498 521 525 514 488 483 473 482 458 481 500 511 502 503 500 512 526 540 500 463 486 483 508 528 510 526 557 557 536 488 497 532 511 511 501 538 526 513 471 513 535 553 534 514 492 499 519 540 559 535 533 475 475 504 509 492 462 465 515 497 434 484 504 508 508 500 494 466 481 503 489 491 532 505 509 530 541 536 524 473 485 504 472 530 535 506 517 489 480 502 475 534 527 558 487 480 469 473 511 536 548 535 485 488 525 511 489 463 416 430 478 502 466 492 499 520 536 530 524 495 496 507 505 504 518 512 525 483 500 511 506 531 526 515 489 498 520 499 529 521 487 502 501 558 560 529 524 535 488 499 484 512 535 503 514 535 496 505 505 478 484 534 488 490 531 542 486 480 522 511 475 520 500 463 434 473 511 498 471 488 493 490 497 491 527 519 546 544 527 489 450 456 414 408 460 484 475 495 507 528 493 517 521 511 451 429 469 492 515 489 464 438 446 474 456 503 519 513 480 465 499 500 491 500 526 520 520 530 544 532 474 468 473 483 499 515 494 523 502 509 544 522 514 504 499 484 468 477 482 501 520 548 559 513 525 514 500 494 492 443 473 486 496 519 524 537 527 493 477 470 513 523 491 475 475 447 476 499 475 477 463 491 502 484 501 507 502 488 488 517 537 530 473 469 457 481 472 481 518 522 519 519 511 518 522 479 442 441 460 493 497 477 496 499 505 555 502 498 531 487 475 469 461 511 482 490 481 506 542 532 536 550 523 520 532 522 523 533 518 504 493 497 518 485 497 491 487 535 532 545 510 464 509 499 490 508 487 525 523 479 476 456 457 476 481 459 483 507 482 507 481 488 500 521 504 516 490 497 501 516 507 488 474 478 500 506 535 562 532 488 489 482 525 557 530 507 518 490 463 534 549 518 504 520 520 504 502 535 501 479 508 486 480 510 495 466 468 467 462 466 496 467 476 500 505 527 479 449 496 500 510 469 489 513 491 473 494 545 545 562 557 558 558 556 562 522 510 547 533 535 535 516 517 509 549 552 532 513 502 529 518 454 476 458 491 500 487 524 513 497 476 502 528 508 508 524 523 549 518 501 492 522 517 510 499 506 536 497 463 447 530 530 532 526 495 498 500 500 517 531 530 504 483 511 562 535 513 509 512 510 530 513 514 527 492 480 470 538 530 520 529 518 527 487 518 555 485 475 476 461 469 465 494 499 484 487 482 510 513 514 505 490 491 498 497 514 553 525 515 528 552 568 561 552 510 521 568 550 504 550 487 458 482 522 507 477 467 480 483 491 538 539 521 469 476 499 521 500 521 471 487 460 507 538 532 488 493 536 516 485 502 462 512 502 483 506 460 476 485 506 518 535 519 523 507 491 501 484 465 476 466 458 458 496 514 510 481 477 453 456 468 499 495 536 530 556 580 560 572 587 537 524 504 497 510 501 532 537 493 505 489 514 500 505 473 497 466 473 474 495 483 517 523 493 517 537 511 503 478 504 494 493 502 508 507 482 497 483 488 474 474 491 517 492 492 533 528 539 512 545 557 549 516 491 522 519 510 528 531 518 495 518 507 525 528 546 510 458 512 506 473 485 469 467 493 468 467 508 520 541 529 503 502 519 487 498 495 511 489 488 532 521 554 595 603 573 536 544 531 489 507 510 506 452 460 521 551 511 543 539 526 492 527 509 497 525 525 532 509 479 470 
vem trace:

stid: 341
spdistance: 4423.41
radio trace:
506 525 538 541 535 560 540 514 489 532 538 535 483 495 489 470 500 498 521 525 514 488 483 473 482 458 481 500 511 502 503 500 512 526 540 500 463 486 483 508 528 510 526 557 557 536 488 497 532 511 511 501 538 526 513 471 513 535 553 534 514 492 499 519 540 559 535 533 475 475 504 509 492 462 465 515 497 434 484 504 508 508 500 494 466 481 503 489 491 532 505 509 530 541 536 524 473 485 504 472 530 535 506 517 489 480 502 475 534 527 558 487 480 469 473 511 536 548 535 485 488 525 511 489 463 416 430 478 502 466 492 499 520 536 530 524 495 496 507 505 504 518 512 525 483 500 511 506 531 526 515 489 498 520 499 529 521 487 502 501 558 560 529 524 535 488 499 484 512 535 503 514 535 496 505 505 478 484 534 488 490 531 542 486 480 522 511 475 520 500 463 434 473 511 498 471 488 493 490 497 491 527 519 546 544 527 489 450 456 414 408 460 484 475 495 507 528 493 517 521 511 451 429 469 492 515 489 464 438 446 474 456 503 519 513 480 465 499 500 491 500 526 520 520 530 544 532 474 468 473 483 499 515 494 523 502 509 544 522 514 504 499 484 468 477 482 501 520 548 559 513 525 514 500 494 492 443 473 486 496 519 524 537 527 493 477 470 513 523 491 475 475 447 476 499 475 477 463 491 502 484 501 507 502 488 488 517 537 530 473 469 457 481 472 481 518 522 519 519 511 518 522 479 442 441 460 493 497 477 496 499 505 555 502 498 531 487 475 469 461 511 482 490 481 506 542 532 536 550 523 520 532 522 523 533 518 504 493 497 518 485 497 491 487 535 532 545 510 464 509 499 490 508 487 525 523 479 476 456 457 476 481 459 483 507 482 507 481 488 500 521 504 516 490 497 501 516 507 488 474 478 500 506 535 562 532 488 489 482 525 557 530 507 518 490 463 534 549 518 504 520 520 504 502 535 501 479 508 486 480 510 495 466 468 467 462 466 496 467 476 500 505 527 479 449 496 500 510 469 489 513 491 473 494 545 545 562 557 558 558 556 562 522 510 547 533 535 535 516 517 509 549 552 532 513 502 529 518 454 476 458 491 500 487 524 513 497 476 502 528 508 508 524 523 549 518 501 492 522 517 510 499 506 536 497 463 447 530 530 532 526 495 498 500 500 517 531 530 504 483 511 562 535 513 509 512 510 530 513 514 527 492 480 470 538 530 520 529 518 527 487 518 555 485 475 476 461 469 465 494 499 484 487 482 510 513 514 505 490 491 498 497 514 553 525 515 528 552 568 561 552 510 521 568 550 504 550 487 458 482 522 507 477 467 480 483 491 538 539 521 469 476 499 521 500 521 471 487 460 507 538 532 488 493 536 516 485 502 462 512 502 483 506 460 476 485 506 518 535 519 523 507 491 501 484 465 476 466 458 458 496 514 510 481 477 453 456 468 499 495 536 530 556 580 560 572 587 537 524 504 497 510 501 532 537 493 505 489 514 500 505 473 497 466 473 474 495 483 517 523 493 517 537 511 503 478 504 494 493 502 508 507 482 497 483 488 474 474 491 517 492 492 533 528 539 512 545 557 549 516 491 522 519 510 528 531 518 495 518 507 525 528 546 510 458 512 506 473 485 469 467 493 468 467 508 520 541 529 503 502 519 487 498 495 511 489 488 532 521 554 595 603 573 536 544 531 489 507 510 506 452 460 521 551 511 543 539 526 492 527 509 497 525 525 532 509 479 470 
vem trace:

