SDId: 34724706
energy: 8.73518e+17
zenith: 0.804643
azimuth: 5.30622
GPSSeconc: 1126623470
stid: 341
spdistance: 770.516
radio trace:
555 548 532 538 550 552 540 558 543 523 492 491 497 536 543 569 557 520 504 512 470 498 537 520 538 512 501 499 503 540 550 586 549 543 519 493 471 478 558 551 537 521 536 543 537 511 512 486 489 468 505 507 516 533 517 507 543 515 482 470 471 487 544 535 505 473 496 493 507 509 521 511 508 487 517 526 516 544 531 486 480 533 542 555 549 561 521 514 549 546 539 511 509 528 501 516 507 486 470 467 481 511 518 518 501 515 545 505 526 514 533 512 525 515 492 497 500 510 516 526 536 546 528 512 496 470 470 460 487 501 506 525 513 548 530 513 508 510 517 508 531 535 471 488 497 472 467 502 481 484 510 514 483 447 448 489 474 473 480 477 512 496 514 532 504 493 526 533 512 538 529 504 520 505 521 508 500 512 523 529 545 574 554 563 544 544 540 517 512 508 500 533 526 506 541 559 546 550 550 549 528 570 538 515 503 527 512 514 508 487 470 510 500 546 559 530 503 487 497 534 560 549 527 558 530 531 540 523 529 530 544 539 532 540 527 518 489 483 528 519 512 499 501 495 515 534 508 523 492 458 508 484 531 536 526 506 510 442 475 511 511 452 429 527 532 558 593 544 513 481 547 536 518 507 511 492 524 526 523 514 490 504 516 523 512 516 525 545 542 547 541 550 528 467 432 411 439 503 530 544 582 567 541 562 527 527 512 530 513 512 522 510 508 519 493 484 491 525 536 558 544 520 550 543 555 524 493 476 492 487 537 531 548 560 549 529 496 517 523 498 497 491 486 455 459 517 523 501 498 517 501 512 541 523 524 570 560 535 510 504 557 561 548 511 511 511 527 522 540 538 539 524 505 548 501 498 512 521 525 512 503 505 534 510 516 525 539 525 531 564 546 550 513 494 510 505 505 503 545 552 527 548 517 508 482 483 461 470 465 480 484 495 510 532 506 512 486 481 499 496 547 516 511 500 502 510 537 557 548 566 566 524 527 542 558 523 504 517 501 503 496 466 473 489 526 523 509 514 471 451 494 527 528 521 523 517 494 513 525 527 512 513 510 513 488 514 481 481 475 512 525 533 544 525 496 497 505 479 486 508 484 495 525 527 497 473 525 543 522 502 494 509 565 562 526 535 571 586 583 547 563 540 518 524 504 527 511 517 512 528 536 528 548 529 517 517 543 528 529 538 487 488 542 516 490 511 515 540 522 490 519 537 537 538 515 473 478 509 510 530 545 543 526 482 481 485 496 524 565 563 535 545 572 553 538 519 504 513 511 519 529 519 488 513 541 524 524 537 507 512 523 537 548 518 501 518 482 515 499 555 548 553 508 520 507 531 549 546 530 539 555 522 524 502 498 540 519 505 529 523 534 513 516 524 498 506 503 484 488 511 525 498 489 473 513 551 529 538 529 503 541 549 510 506 534 517 476 520 527 535 516 547 525 532 542 537 529 491 515 508 485 473 507 504 530 492 517 539 542 519 557 525 532 498 492 493 520 544 538 535 565 545 571 575 537 525 553 573 563 540 566 530 510 504 516 536 529 534 479 464 483 451 456 512 529 481 501 534 523 528 532 467 501 503 526 537 538 530 501 538 534 574 551 579 561 533 518 531 523 509 532 543 546 545 516 494 511 532 535 525 536 536 527 554 545 506 481 492 462 468 492 506 508 523 498 544 563 542 523 537 527 475 494 493 470 518 558 540 574 560 495 468 488 553 538 527 490 507 508 548 515 516 494 498 510 518 500 493 
vem trace:

stid: 341
spdistance: 770.516
radio trace:
555 548 532 538 550 552 540 558 543 523 492 491 497 536 543 569 557 520 504 512 470 498 537 520 538 512 501 499 503 540 550 586 549 543 519 493 471 478 558 551 537 521 536 543 537 511 512 486 489 468 505 507 516 533 517 507 543 515 482 470 471 487 544 535 505 473 496 493 507 509 521 511 508 487 517 526 516 544 531 486 480 533 542 555 549 561 521 514 549 546 539 511 509 528 501 516 507 486 470 467 481 511 518 518 501 515 545 505 526 514 533 512 525 515 492 497 500 510 516 526 536 546 528 512 496 470 470 460 487 501 506 525 513 548 530 513 508 510 517 508 531 535 471 488 497 472 467 502 481 484 510 514 483 447 448 489 474 473 480 477 512 496 514 532 504 493 526 533 512 538 529 504 520 505 521 508 500 512 523 529 545 574 554 563 544 544 540 517 512 508 500 533 526 506 541 559 546 550 550 549 528 570 538 515 503 527 512 514 508 487 470 510 500 546 559 530 503 487 497 534 560 549 527 558 530 531 540 523 529 530 544 539 532 540 527 518 489 483 528 519 512 499 501 495 515 534 508 523 492 458 508 484 531 536 526 506 510 442 475 511 511 452 429 527 532 558 593 544 513 481 547 536 518 507 511 492 524 526 523 514 490 504 516 523 512 516 525 545 542 547 541 550 528 467 432 411 439 503 530 544 582 567 541 562 527 527 512 530 513 512 522 510 508 519 493 484 491 525 536 558 544 520 550 543 555 524 493 476 492 487 537 531 548 560 549 529 496 517 523 498 497 491 486 455 459 517 523 501 498 517 501 512 541 523 524 570 560 535 510 504 557 561 548 511 511 511 527 522 540 538 539 524 505 548 501 498 512 521 525 512 503 505 534 510 516 525 539 525 531 564 546 550 513 494 510 505 505 503 545 552 527 548 517 508 482 483 461 470 465 480 484 495 510 532 506 512 486 481 499 496 547 516 511 500 502 510 537 557 548 566 566 524 527 542 558 523 504 517 501 503 496 466 473 489 526 523 509 514 471 451 494 527 528 521 523 517 494 513 525 527 512 513 510 513 488 514 481 481 475 512 525 533 544 525 496 497 505 479 486 508 484 495 525 527 497 473 525 543 522 502 494 509 565 562 526 535 571 586 583 547 563 540 518 524 504 527 511 517 512 528 536 528 548 529 517 517 543 528 529 538 487 488 542 516 490 511 515 540 522 490 519 537 537 538 515 473 478 509 510 530 545 543 526 482 481 485 496 524 565 563 535 545 572 553 538 519 504 513 511 519 529 519 488 513 541 524 524 537 507 512 523 537 548 518 501 518 482 515 499 555 548 553 508 520 507 531 549 546 530 539 555 522 524 502 498 540 519 505 529 523 534 513 516 524 498 506 503 484 488 511 525 498 489 473 513 551 529 538 529 503 541 549 510 506 534 517 476 520 527 535 516 547 525 532 542 537 529 491 515 508 485 473 507 504 530 492 517 539 542 519 557 525 532 498 492 493 520 544 538 535 565 545 571 575 537 525 553 573 563 540 566 530 510 504 516 536 529 534 479 464 483 451 456 512 529 481 501 534 523 528 532 467 501 503 526 537 538 530 501 538 534 574 551 579 561 533 518 531 523 509 532 543 546 545 516 494 511 532 535 525 536 536 527 554 545 506 481 492 462 468 492 506 508 523 498 544 563 542 523 537 527 475 494 493 470 518 558 540 574 560 495 468 488 553 538 527 490 507 508 548 515 516 494 498 510 518 500 493 
vem trace:

stid: 332
spdistance: 1125.76
radio trace:
591 588 545 528 534 541 543 507 537 538 532 540 525 537 566 541 569 546 541 544 526 565 558 547 555 587 600 560 556 549 575 545 557 578 551 555 547 536 525 549 553 573 594 574 571 544 491 491 501 528 534 522 536 552 556 573 563 575 547 551 545 584 550 530 528 535 495 483 543 567 550 538 492 519 523 533 562 573 575 546 552 556 560 534 551 540 553 558 551 536 532 532 515 512 520 515 520 539 551 513 506 558 541 522 523 555 555 549 552 513 511 556 548 520 567 573 584 554 554 569 562 569 579 528 505 524 532 524 513 532 526 538 512 479 510 526 487 489 524 510 554 564 549 573 609 546 525 516 511 545 581 574 568 559 564 578 574 529 547 510 541 516 537 575 569 570 571 568 566 553 556 558 548 548 551 569 530 508 514 526 562 551 562 569 597 599 588 585 564 574 541 538 542 516 544 526 549 559 549 538 533 532 515 540 520 502 512 533 502 515 552 578 557 538 580 555 556 556 522 507 544 553 545 510 522 546 542 520 556 547 556 561 520 540 543 556 564 579 593 536 508 503 510 544 550 555 544 541 535 528 532 537 503 543 571 576 582 558 517 526 567 600 604 597 571 557 540 529 556 560 560 543 529 519 511 537 540 524 543 559 576 586 517 516 506 534 567 615 592 583 577 540 542 574 572 547 534 523 541 550 536 577 547 541 556 567 557 532 502 533 590 549 546 576 561 554 567 564 565 565 573 543 547 538 521 532 525 541 551 545 529 540 569 525 497 507 532 555 560 574 577 541 546 553 523 567 591 611 583 568 573 570 577 555 550 537 512 486 521 555 557 541 545 560 560 533 532 542 514 539 505 492 524 531 529 536 517 519 473 458 515 562 576 557 545 531 553 545 551 553 544 517 511 531 516 540 546 529 547 494 480 527 548 551 541 528 501 527 542 539 558 572 511 522 553 558 547 560 552 532 545 535 540 515 477 478 533 553 552 540 505 514 532 492 531 586 569 538 555 557 534 520 567 549 553 530 557 567 597 534 516 533 512 533 538 538 532 550 537 514 506 553 545 528 546 558 533 543 538 542 552 558 525 546 537 497 534 558 557 561 605 589 579 557 583 601 574 570 561 551 550 532 522 527 531 491 529 566 541 536 522 519 543 555 538 548 550 550 566 587 566 586 547 572 544 538 528 551 535 545 545 509 519 535 512 532 561 537 549 517 535 595 566 559 553 545 535 490 491 495 514 535 503 512 522 517 497 501 533 527 557 566 582 583 559 535 502 514 522 536 555 556 551 547 535 517 541 568 578 586 537 502 528 536 516 512 498 517 540 562 557 553 546 549 576 556 529 514 513 534 520 553 570 562 548 564 579 567 544 535 526 575 581 553 520 534 551 578 589 547 520 551 555 539 541 561 569 567 539 561 552 563 527 534 533 546 552 529 572 530 513 490 495 494 517 477 513 508 486 543 576 592 580 541 551 557 543 535 513 504 544 512 543 515 551 563 563 569 567 546 587 546 533 564 512 516 522 501 508 504 518 493 526 523 531 526 550 575 559 544 572 558 548 540 537 549 546 528 555 524 540 540 547 560 569 562 558 586 567 559 537 556 576 586 556 536 526 564 567 528 537 569 581 567 545 539 562 546 553 566 544 517 543 532 519 504 500 517 541 537 525 580 598 569 572 567 534 537 534 529 536 519 509 529 497 486 530 568 567 547 525 537 527 550 559 568 559 589 562 540 500 536 529 529 525 519 537 558 
vem trace:

