SDId: 34591840
energy: 5.21153e+17
zenith: 0.848831
azimuth: 4.28096
GPSSeconc: 1125948530
stid: 343
spdistance: 617.141
radio trace:
457 460 470 448 449 466 444 487 483 480 464 470 456 472 468 472 442 481 469 471 495 480 507 504 485 473 465 454 457 452 491 490 475 476 466 465 495 493 456 452 475 481 468 474 488 458 424 437 465 485 485 480 468 455 478 485 489 479 471 468 494 498 497 501 509 482 445 452 469 492 475 509 463 470 479 452 444 451 454 487 495 468 490 488 471 449 449 438 446 495 501 508 488 486 482 497 482 480 510 532 511 486 498 491 474 478 455 463 461 489 503 493 483 514 504 490 492 471 485 474 484 482 486 492 501 467 450 466 446 459 485 460 472 456 470 452 477 497 489 466 466 480 462 440 449 470 470 473 468 492 459 474 449 473 450 477 497 487 479 457 469 475 455 455 476 510 489 478 469 481 503 534 485 479 458 429 439 451 485 506 491 469 495 501 532 505 483 482 476 489 474 444 460 463 452 469 474 459 467 457 434 438 444 455 462 479 473 438 444 468 476 470 481 484 440 439 456 452 478 457 470 488 472 475 462 464 463 484 480 473 474 454 447 435 446 478 494 477 480 462 462 454 453 448 449 441 467 456 461 483 473 455 438 455 462 495 514 503 490 493 478 465 485 450 457 482 481 486 450 465 468 468 455 473 484 491 496 516 482 479 449 463 481 468 476 490 477 452 474 461 446 466 471 457 452 461 459 452 482 489 439 436 445 448 476 468 470 458 488 501 480 450 463 469 471 494 490 473 461 477 477 471 454 450 477 453 473 480 466 453 450 466 446 434 460 467 485 471 434 432 451 481 502 510 501 497 484 454 459 460 475 476 456 454 474 477 473 480 480 459 438 437 436 437 447 475 457 428 441 450 422 438 387 398 429 453 451 476 490 450 438 445 430 448 463 490 484 468 471 469 470 485 489 446 429 440 437 434 470 452 448 476 465 478 483 473 448 460 469 475 468 481 486 476 472 454 447 460 459 469 462 446 444 476 509 469 477 438 465 487 506 493 500 473 467 448 445 434 451 440 464 474 473 465 452 471 463 490 476 460 458 478 491 485 506 479 494 518 512 511 508 486 437 505 532 503 465 465 476 455 465 460 490 477 464 464 447 454 472 475 473 459 468 471 495 486 465 483 465 472 448 442 468 457 454 456 482 491 466 466 456 448 470 461 476 499 519 493 448 444 478 482 497 444 453 454 465 461 503 487 468 465 434 447 478 490 488 497 490 492 487 445 417 434 450 491 476 480 498 474 473 454 471 470 473 453 443 452 450 469 456 449 445 441 457 471 434 449 481 480 464 473 482 487 460 451 446 457 469 459 468 469 469 474 473 457 438 458 456 466 473 481 496 489 493 489 484 469 458 438 447 480 458 441 441 448 441 448 429 437 469 485 485 434 466 463 444 463 490 493 493 485 483 465 445 482 470 457 449 475 473 451 443 467 465 481 451 450 440 464 475 460 431 451 491 476 465 469 481 468 469 491 485 454 428 437 470 486 492 483 480 481 472 452 467 451 475 459 467 467 465 459 479 471 425 441 454 471 494 505 499 479 459 477 472 451 442 446 438 457 475 462 442 463 455 456 430 449 465 448 447 457 443 469 461 456 426 451 451 467 468 459 460 445 437 464 486 476 479 481 481 452 475 476 486 479 470 477 470 473 479 459 471 485 498 466 477 480 479 469 475 462 443 447 477 485 464 484 483 467 455 470 441 474 470 468 436 414 459 478 480 484 480 482 481 482 481 467 478 419 449 466 467 435 459 463 476 468 
vem trace:

stid: 341
spdistance: 873.366
radio trace:
524 512 512 517 556 544 493 504 522 563 518 512 535 515 519 525 527 491 479 480 477 534 527 525 530 513 517 519 535 525 496 501 551 536 488 505 514 512 532 529 506 544 549 555 514 493 492 468 490 518 535 510 507 475 477 520 532 511 563 569 509 533 542 489 488 515 482 504 465 501 522 536 504 509 555 535 475 478 464 463 491 454 470 485 509 526 514 557 544 496 524 523 500 542 499 450 468 505 537 540 556 536 546 542 549 565 584 528 508 508 573 550 519 527 507 515 551 583 567 552 537 502 486 509 496 483 471 492 491 512 544 548 578 538 522 532 530 525 499 496 490 494 480 467 497 483 476 491 503 503 466 453 457 469 486 537 545 573 558 533 513 525 518 500 505 531 551 522 534 499 534 540 531 493 487 496 549 590 591 559 576 554 585 528 504 509 490 535 545 510 504 517 527 527 550 556 523 530 508 501 514 478 490 478 482 503 548 575 548 520 500 554 599 577 548 536 508 457 449 507 532 499 516 511 521 508 527 526 543 528 527 519 509 538 538 527 519 567 543 491 491 493 488 524 524 454 461 475 504 543 508 495 520 511 513 482 511 523 515 501 503 477 522 525 551 513 503 473 497 522 530 556 511 502 558 532 520 500 493 488 496 479 492 513 513 505 520 531 471 481 493 515 516 540 536 553 546 568 545 543 533 512 509 535 566 561 560 519 481 487 518 547 506 439 454 484 504 465 500 530 490 489 563 588 558 546 535 532 538 507 473 532 494 503 501 509 519 532 536 513 530 505 496 534 516 491 492 489 511 503 510 533 548 579 547 521 492 519 527 563 551 532 533 532 543 540 526 546 546 551 513 498 472 492 531 501 504 496 541 512 472 497 489 531 537 538 521 547 565 537 521 481 454 470 482 531 583 562 534 556 503 541 566 538 505 485 450 460 474 493 481 506 529 529 513 484 484 468 456 427 457 465 502 499 504 481 478 470 483 499 509 474 491 524 492 515 514 546 556 534 540 538 569 535 497 502 530 562 555 542 544 541 524 546 514 512 502 483 493 509 500 515 522 515 546 548 538 513 471 509 537 534 516 531 561 531 553 508 514 500 543 518 540 549 537 547 560 543 538 506 492 492 507 495 504 488 479 484 523 545 541 539 550 536 541 560 530 539 477 471 498 504 489 507 539 557 558 500 480 459 455 489 483 458 443 505 518 546 508 536 548 544 570 570 538 504 507 525 535 530 506 531 542 549 568 508 466 454 451 478 477 498 539 553 543 539 530 496 553 527 535 545 544 481 535 531 510 504 512 526 505 462 446 492 498 503 507 502 480 460 467 495 514 523 482 444 512 510 538 570 544 535 531 520 536 536 506 507 486 505 544 547 519 537 569 593 577 549 574 542 481 492 475 442 509 479 486 509 527 529 519 501 528 505 522 525 503 505 532 491 492 489 489 497 483 473 504 534 560 550 517 499 509 508 509 498 522 524 541 540 548 529 537 553 520 495 498 516 488 509 522 564 525 497 502 534 527 515 516 500 504 482 494 513 487 483 510 542 527 541 481 451 497 491 527 536 555 523 521 544 553 541 506 486 527 536 495 473 496 507 533 532 526 478 473 543 528 553 557 545 505 516 530 556 501 503 490 538 533 485 478 480 537 540 498 477 481 475 467 501 568 563 534 554 549 519 502 478 499 543 553 550 577 543 568 592 547 525 549 502 459 500 485 507 520 496 517 517 529 532 523 503 501 473 494 541 542 547 
vem trace:

stid: 341
spdistance: 873.366
radio trace:
524 512 512 517 556 544 493 504 522 563 518 512 535 515 519 525 527 491 479 480 477 534 527 525 530 513 517 519 535 525 496 501 551 536 488 505 514 512 532 529 506 544 549 555 514 493 492 468 490 518 535 510 507 475 477 520 532 511 563 569 509 533 542 489 488 515 482 504 465 501 522 536 504 509 555 535 475 478 464 463 491 454 470 485 509 526 514 557 544 496 524 523 500 542 499 450 468 505 537 540 556 536 546 542 549 565 584 528 508 508 573 550 519 527 507 515 551 583 567 552 537 502 486 509 496 483 471 492 491 512 544 548 578 538 522 532 530 525 499 496 490 494 480 467 497 483 476 491 503 503 466 453 457 469 486 537 545 573 558 533 513 525 518 500 505 531 551 522 534 499 534 540 531 493 487 496 549 590 591 559 576 554 585 528 504 509 490 535 545 510 504 517 527 527 550 556 523 530 508 501 514 478 490 478 482 503 548 575 548 520 500 554 599 577 548 536 508 457 449 507 532 499 516 511 521 508 527 526 543 528 527 519 509 538 538 527 519 567 543 491 491 493 488 524 524 454 461 475 504 543 508 495 520 511 513 482 511 523 515 501 503 477 522 525 551 513 503 473 497 522 530 556 511 502 558 532 520 500 493 488 496 479 492 513 513 505 520 531 471 481 493 515 516 540 536 553 546 568 545 543 533 512 509 535 566 561 560 519 481 487 518 547 506 439 454 484 504 465 500 530 490 489 563 588 558 546 535 532 538 507 473 532 494 503 501 509 519 532 536 513 530 505 496 534 516 491 492 489 511 503 510 533 548 579 547 521 492 519 527 563 551 532 533 532 543 540 526 546 546 551 513 498 472 492 531 501 504 496 541 512 472 497 489 531 537 538 521 547 565 537 521 481 454 470 482 531 583 562 534 556 503 541 566 538 505 485 450 460 474 493 481 506 529 529 513 484 484 468 456 427 457 465 502 499 504 481 478 470 483 499 509 474 491 524 492 515 514 546 556 534 540 538 569 535 497 502 530 562 555 542 544 541 524 546 514 512 502 483 493 509 500 515 522 515 546 548 538 513 471 509 537 534 516 531 561 531 553 508 514 500 543 518 540 549 537 547 560 543 538 506 492 492 507 495 504 488 479 484 523 545 541 539 550 536 541 560 530 539 477 471 498 504 489 507 539 557 558 500 480 459 455 489 483 458 443 505 518 546 508 536 548 544 570 570 538 504 507 525 535 530 506 531 542 549 568 508 466 454 451 478 477 498 539 553 543 539 530 496 553 527 535 545 544 481 535 531 510 504 512 526 505 462 446 492 498 503 507 502 480 460 467 495 514 523 482 444 512 510 538 570 544 535 531 520 536 536 506 507 486 505 544 547 519 537 569 593 577 549 574 542 481 492 475 442 509 479 486 509 527 529 519 501 528 505 522 525 503 505 532 491 492 489 489 497 483 473 504 534 560 550 517 499 509 508 509 498 522 524 541 540 548 529 537 553 520 495 498 516 488 509 522 564 525 497 502 534 527 515 516 500 504 482 494 513 487 483 510 542 527 541 481 451 497 491 527 536 555 523 521 544 553 541 506 486 527 536 495 473 496 507 533 532 526 478 473 543 528 553 557 545 505 516 530 556 501 503 490 538 533 485 478 480 537 540 498 477 481 475 467 501 568 563 534 554 549 519 502 478 499 543 553 550 577 543 568 592 547 525 549 502 459 500 485 507 520 496 517 517 529 532 523 503 501 473 494 541 542 547 
vem trace:

