SDId: 34722492
energy: 5.95397e+17
zenith: 0.643383
azimuth: 3.53689
GPSSeconc: 1126608892
stid: 419
spdistance: 1174.48
radio trace:
473 453 398 421 433 459 443 468 445 442 441 418 462 458 413 463 445 444 475 459 442 443 493 493 533 489 511 488 477 417 442 425 423 419 377 417 483 454 405 479 495 499 521 505 468 472 489 466 461 479 510 482 465 481 456 467 443 456 482 471 522 486 462 439 417 438 421 408 410 432 428 449 448 448 465 473 489 496 519 485 455 489 429 421 478 485 500 503 488 497 494 517 490 464 452 425 446 445 421 443 431 434 429 446 476 467 476 510 473 453 449 468 469 495 486 498 509 488 461 456 436 459 474 452 490 430 417 441 423 427 380 426 440 446 467 477 467 440 458 453 426 433 445 462 474 446 428 407 423 418 438 464 441 420 446 457 439 426 484 492 452 427 459 420 441 447 450 492 465 450 419 401 456 451 415 458 450 483 482 466 465 431 442 431 440 393 400 412 396 382 450 475 497 541 509 494 442 403 459 459 483 442 455 467 536 542 489 474 454 469 490 464 502 476 492 509 476 473 485 450 402 420 457 483 527 488 467 502 484 470 440 389 411 446 486 491 450 405 414 481 478 479 449 446 461 474 477 437 444 445 440 473 496 502 496 447 487 489 496 476 441 447 455 427 391 358 410 444 456 441 479 471 498 525 506 478 472 467 432 469 482 420 424 409 413 415 435 441 470 471 491 491 477 426 405 405 446 460 454 424 482 476 424 394 433 466 421 426 453 484 451 471 460 469 471 436 446 471 508 501 432 444 426 465 458 423 414 452 422 417 439 419 408 436 425 433 453 449 419 419 453 485 492 478 470 441 462 481 464 478 477 473 487 511 519 503 432 454 443 432 437 452 486 454 447 456 481 471 442 470 489 436 461 474 463 459 443 471 477 509 506 507 521 467 437 459 448 497 506 447 481 475 461 472 449 442 463 454 456 443 458 492 491 521 507 477 445 438 442 465 482 473 452 430 469 484 502 462 426 427 436 429 430 450 452 449 483 480 482 450 457 464 498 509 470 456 450 455 440 445 467 479 456 454 462 463 457 464 445 422 447 436 426 428 425 438 438 421 446 452 452 451 493 516 497 448 388 420 449 475 451 464 435 441 465 463 435 484 483 427 424 442 481 502 512 537 506 461 481 448 464 419 437 514 477 479 485 479 493 519 505 475 410 462 465 463 425 411 442 463 468 440 414 407 440 404 393 419 405 425 443 452 405 427 437 445 479 448 496 454 423 443 456 447 461 501 495 483 473 436 456 433 423 467 453 488 504 470 425 420 437 442 453 457 397 388 393 429 452 465 412 435 468 485 545 451 459 426 415 450 469 449 442 433 449 440 404 419 441 449 486 471 463 475 435 425 372 364 412 441 448 454 495 453 468 476 464 418 445 468 450 452 470 403 409 427 432 493 479 471 506 510 497 414 426 441 460 482 434 430 451 465 482 484 487 514 502 454 425 407 416 375 397 433 465 429 404 415 419 427 476 451 424 468 428 395 411 460 511 475 439 444 482 474 478 477 449 443 440 470 415 448 428 422 428 444 458 467 471 461 482 507 485 451 454 472 429 431 424 438 434 455 450 461 496 482 492 454 511 513 487 466 458 501 497 430 421 457 487 450 422 427 438 477 473 481 454 469 482 459 454 458 440 464 437 426 376 442 501 482 503 486 489 423 408 471 450 443 434 434 405 454 474 441 470 455 428 447 472 451 434 459 419 372 405 445 450 443 421 445 430 428 429 394 398 421 442 428 442 473 511 484 489 452 474 481 467 501 
vem trace:

stid: 343
spdistance: 1131.02
radio trace:
419 450 443 460 474 482 464 452 461 443 444 456 464 456 467 461 418 426 441 450 443 434 427 433 432 440 444 439 439 421 435 456 429 433 441 467 480 444 423 422 413 419 426 410 444 456 451 469 440 445 450 439 452 463 461 452 454 455 492 472 450 466 424 436 444 445 479 465 445 443 460 469 444 439 408 420 399 426 444 445 443 449 445 431 418 447 464 481 462 469 450 435 409 425 438 418 429 434 435 433 419 412 445 428 431 433 468 449 416 407 428 432 435 466 485 484 463 470 467 450 441 435 446 432 441 471 419 443 435 447 436 438 452 442 431 469 477 443 469 490 474 456 449 480 479 482 478 452 477 456 465 483 465 470 443 432 399 436 468 473 414 403 396 400 396 391 433 441 461 451 434 414 410 436 448 485 507 482 465 438 446 426 454 441 441 469 469 435 448 447 476 449 439 442 426 408 421 435 416 442 455 454 456 447 453 449 430 430 431 448 476 421 416 470 458 465 441 429 429 427 428 428 436 425 434 441 421 426 423 477 464 438 436 461 478 483 477 437 432 425 420 408 407 417 443 435 420 411 453 459 457 450 461 438 414 430 435 431 451 436 425 446 459 455 423 423 406 396 446 472 471 423 417 416 457 435 438 443 465 482 435 416 461 471 473 459 482 482 486 468 438 466 448 438 448 447 451 467 455 437 430 442 402 390 430 457 446 458 453 451 446 446 415 413 396 431 454 436 427 422 420 417 437 438 430 427 442 453 479 450 445 432 446 431 438 436 457 443 468 466 480 439 434 437 446 412 416 425 421 410 417 432 463 452 464 444 402 429 449 442 403 411 430 458 451 434 458 438 437 438 452 491 470 458 466 452 435 444 429 408 407 442 425 431 469 457 399 409 418 433 448 438 439 427 426 431 464 418 397 405 438 447 452 450 435 433 439 429 473 475 431 429 454 441 424 418 424 427 452 422 440 429 415 415 448 426 410 442 430 431 444 440 434 428 459 463 471 501 509 452 440 446 434 454 433 412 415 459 458 426 440 448 426 426 382 412 444 450 471 495 477 471 448 420 427 408 397 419 432 443 455 405 416 409 435 462 461 445 451 442 436 429 430 441 443 479 475 463 452 462 425 444 476 459 438 421 442 423 467 452 457 492 483 476 463 455 462 454 453 471 443 441 452 448 416 418 438 422 458 440 432 454 472 448 430 424 435 453 424 442 445 456 454 449 424 408 451 440 459 450 464 423 428 438 453 457 461 449 439 445 427 418 426 425 434 446 433 472 482 470 472 491 474 465 436 458 437 405 416 403 445 452 438 440 410 440 412 427 430 432 440 450 458 459 433 442 453 459 463 445 440 433 431 437 417 434 417 438 456 488 472 436 410 385 387 410 376 404 401 443 452 440 439 408 403 412 454 482 508 481 441 415 448 416 414 457 445 412 443 412 425 424 453 428 448 470 433 437 457 433 431 452 446 449 438 431 413 435 452 445 458 441 448 443 435 438 441 401 430 428 447 435 427 447 453 422 440 419 451 440 445 441 429 457 460 441 439 423 432 438 437 423 463 467 430 429 424 431 431 444 438 459 461 475 472 469 450 449 444 431 441 447 432 456 465 450 465 463 467 487 438 410 418 440 488 465 448 446 451 419 413 456 461 475 488 445 429 460 443 434 432 417 420 410 443 444 463 443 436 422 422 446 393 439 443 471 445 456 433 459 442 455 453 440 418 421 414 474 440 453 421 427 424 460 447 425 433 451 
vem trace:

