SDId: 34765787
energy: 6.01215e+17
zenith: 0.252952
azimuth: 3.77352
GPSSeconc: 1126862837
stid: 342
spdistance: 650.987
radio trace:
375 353 402 401 406 434 442 456 452 449 413 402 422 429 419 440 428 440 475 455 458 452 454 430 451 458 420 434 438 415 416 408 414 454 439 441 425 421 427 435 424 456 457 444 450 446 451 466 460 444 436 423 406 418 446 463 448 457 472 478 421 429 474 456 438 424 429 437 428 417 405 415 415 409 428 440 442 466 467 457 427 436 449 443 458 452 469 428 432 441 444 451 445 417 385 407 426 459 436 443 439 435 424 431 456 453 434 434 427 444 445 451 453 456 433 443 402 412 430 426 442 443 446 444 449 452 457 455 447 438 451 476 443 474 461 450 424 428 448 471 436 403 433 416 443 445 445 425 440 434 446 454 450 449 457 431 421 416 437 441 436 422 449 445 459 468 437 432 431 426 416 433 441 446 423 414 438 404 419 416 416 440 431 461 447 464 480 471 432 439 446 448 471 439 423 445 430 402 430 474 465 469 469 418 414 415 437 439 442 477 461 445 473 466 450 424 426 464 450 432 443 447 455 443 433 436 449 400 412 397 402 410 409 402 402 434 467 466 458 441 449 409 419 427 456 447 437 463 475 445 448 443 432 417 400 424 426 426 447 449 434 412 391 395 418 448 453 432 462 460 445 450 445 431 436 461 479 451 434 423 423 434 443 431 449 446 453 422 428 415 367 401 423 438 453 461 455 421 436 434 428 463 459 466 424 386 397 444 436 456 454 451 477 425 436 442 459 441 415 433 406 428 415 380 423 433 462 468 455 447 443 456 453 437 443 426 470 461 445 439 427 424 438 464 456 460 462 434 431 423 437 437 440 397 389 399 409 437 443 441 424 413 415 444 462 463 441 457 436 431 426 408 462 461 460 440 441 423 467 447 450 422 403 414 443 444 393 417 443 457 448 436 430 409 403 412 428 406 407 400 399 401 417 391 431 453 433 414 427 453 463 423 422 426 432 420 405 414 418 429 435 417 406 425 420 433 424 421 468 459 453 474 460 479 440 447 444 457 473 467 447 425 424 430 438 423 391 382 422 459 416 397 411 436 434 430 451 440 402 411 445 423 393 384 423 449 463 469 448 412 410 423 405 423 443 479 488 458 453 454 432 435 437 420 409 409 402 422 459 438 441 428 453 444 455 464 461 411 424 415 407 410 422 449 460 464 464 460 460 458 457 434 431 451 429 458 470 438 443 458 452 453 432 427 449 477 455 442 427 409 411 425 432 459 457 439 443 468 435 442 462 454 447 456 465 467 464 499 472 459 454 435 423 447 459 458 466 424 439 465 456 456 482 460 437 403 421 431 392 402 429 471 461 443 422 407 428 439 446 438 453 438 422 432 447 443 439 468 447 415 388 406 429 440 432 429 415 440 440 439 418 454 432 421 436 449 459 472 448 428 416 428 404 420 425 414 420 424 444 456 458 439 422 415 425 445 467 459 458 428 417 449 451 472 447 397 402 421 424 441 438 432 441 431 426 441 454 437 420 449 440 430 440 436 445 464 456 468 440 442 437 426 425 440 459 425 431 466 463 409 395 400 429 438 436 417 419 413 419 447 406 425 435 424 447 449 461 446 445 446 453 444 426 407 416 420 403 426 412 409 421 395 389 417 429 446 417 402 420 420 410 412 429 422 441 448 466 447 441 446 456 466 457 447 465 452 444 447 460 431 419 419 431 445 457 474 447 419 398 422 423 460 490 467 434 396 402 452 479 455 447 408 414 446 403 441 469 442 440 454 457 444 464 452 454 466 463 434 
vem trace:

stid: 343
spdistance: 956.392
radio trace:
428 443 439 446 471 480 451 454 450 451 452 489 499 466 469 463 450 451 446 438 430 410 440 448 448 434 452 463 465 456 472 458 466 462 464 456 468 472 481 477 451 472 453 431 454 432 423 390 400 427 452 459 471 475 476 476 482 471 481 480 469 435 433 444 458 462 450 418 423 414 434 417 411 448 449 438 461 476 472 439 469 447 450 467 459 450 472 451 429 427 462 437 458 445 428 440 455 462 460 463 447 464 481 473 444 422 454 486 483 464 471 481 462 477 473 464 473 410 425 439 441 439 440 441 425 418 436 439 442 444 461 479 490 450 429 421 444 477 482 470 476 430 451 440 496 468 460 457 437 442 453 452 451 468 482 444 432 428 425 420 444 423 419 431 445 470 458 466 475 457 448 452 466 435 451 442 449 473 448 442 449 435 453 458 435 448 458 447 454 438 446 424 440 458 461 437 446 426 440 425 447 459 437 447 441 469 473 471 465 440 453 458 473 439 438 430 440 452 461 473 466 480 434 429 453 441 464 427 423 426 434 430 416 423 427 447 467 458 472 485 451 432 456 449 440 414 435 464 483 475 487 456 470 481 482 447 455 448 437 459 481 450 455 432 411 419 445 443 438 436 439 438 451 409 413 428 446 450 462 448 450 450 424 431 419 430 428 443 467 442 422 469 462 444 436 442 465 465 455 441 428 444 468 413 423 435 420 453 419 421 450 432 426 422 437 449 462 447 445 451 475 450 466 437 421 454 439 475 465 472 456 430 452 431 462 451 465 477 473 482 458 448 436 411 438 459 456 447 449 459 466 458 453 462 457 432 446 461 461 455 412 439 474 458 449 467 490 475 453 456 440 442 426 436 439 437 412 442 446 461 431 427 445 451 472 457 464 454 481 454 429 450 454 474 491 482 453 458 478 459 441 469 456 443 428 430 457 468 473 481 479 481 469 457 474 444 441 415 438 397 406 451 443 475 477 475 457 435 451 448 436 437 446 423 421 430 401 422 440 442 485 464 461 452 475 454 425 407 417 424 425 432 422 449 461 449 424 432 439 464 467 466 447 476 470 466 451 464 453 425 431 443 447 468 460 439 446 446 442 439 424 452 465 459 409 426 413 397 428 441 437 433 446 466 481 458 468 474 463 469 461 445 434 444 427 450 467 473 453 434 438 434 423 444 458 427 427 456 459 459 452 433 442 441 453 456 435 448 465 440 454 458 456 422 412 436 439 478 491 448 447 444 427 440 468 424 448 442 453 463 466 478 470 451 465 465 438 462 428 385 401 462 468 448 461 468 476 466 465 477 470 450 464 458 431 443 447 449 448 433 436 451 448 458 434 441 440 442 458 465 451 429 436 462 455 447 438 450 439 414 402 431 459 450 445 426 426 417 423 439 440 462 462 455 447 443 414 421 408 428 440 459 465 462 455 456 457 468 429 438 472 476 465 447 458 483 456 443 442 410 451 462 461 452 480 474 480 473 439 445 445 423 413 424 442 449 443 449 415 418 430 449 457 487 485 445 459 486 447 438 460 436 452 444 430 461 467 450 449 461 459 451 436 444 445 477 484 475 463 474 479 456 475 439 430 444 463 478 482 477 471 462 437 433 455 434 431 467 446 464 449 445 451 441 480 462 459 457 478 464 463 457 447 430 409 446 449 419 430 451 448 446 443 426 428 428 413 425 467 462 428 445 441 452 475 451 402 426 475 443 453 464 468 483 478 433 436 488 480 477 475 441 431 451 450 453 446 480 
vem trace:

stid: 419
spdistance: 992.242
radio trace:
431 428 467 456 456 479 503 503 485 451 432 432 419 447 440 420 409 434 383 432 490 495 437 446 466 443 464 423 441 443 460 477 502 473 472 463 484 444 507 505 504 434 450 467 458 440 457 466 471 410 408 473 539 522 486 434 400 472 479 462 480 481 404 394 461 460 458 486 531 514 487 474 495 551 559 546 536 497 471 494 493 501 505 485 449 486 482 422 442 486 470 439 431 447 469 455 476 501 496 496 499 492 499 523 492 475 445 401 445 427 446 465 459 462 447 431 496 505 507 502 522 489 503 472 492 501 462 466 473 467 453 447 493 502 485 496 473 481 479 475 447 444 439 432 488 496 514 466 456 449 424 449 455 453 453 430 427 463 486 549 522 509 471 459 438 462 470 484 492 483 472 414 434 478 471 464 472 520 493 481 411 441 406 382 454 491 487 472 503 527 465 446 448 432 457 455 480 480 452 432 439 463 442 506 512 534 513 498 462 434 438 432 482 496 502 499 527 549 541 539 513 535 506 503 480 466 474 470 503 496 515 477 420 419 467 443 423 489 494 475 448 449 492 488 484 485 505 482 452 455 443 477 480 490 478 466 517 511 469 451 462 437 451 443 435 473 514 468 448 511 480 472 448 464 468 471 470 466 434 448 449 461 485 506 512 510 476 485 479 487 489 434 470 515 466 447 432 450 517 476 493 476 462 434 495 497 495 487 500 461 463 484 504 471 438 421 450 471 495 467 430 452 493 472 492 430 446 430 454 468 490 468 456 495 456 464 511 501 486 515 535 494 477 476 452 471 501 526 521 536 497 428 427 429 415 451 477 453 427 459 475 461 487 472 505 525 490 491 465 467 521 457 421 454 459 486 417 399 460 498 461 435 471 444 451 464 458 452 490 495 476 481 493 499 477 418 469 455 462 438 500 500 490 503 483 492 536 522 534 515 471 472 477 505 520 454 467 492 498 477 487 486 479 439 421 430 502 441 473 463 447 462 494 466 469 447 498 499 513 471 461 454 469 445 461 429 482 510 509 524 494 501 500 441 453 497 461 474 459 484 453 454 454 449 453 466 458 456 500 516 508 455 450 459 432 428 442 435 444 511 515 520 475 440 464 482 428 441 477 489 477 479 492 447 498 520 512 485 484 468 483 466 465 488 462 462 421 420 444 439 453 409 438 435 423 423 459 476 443 450 492 481 466 465 475 462 455 413 417 441 474 464 456 489 488 505 509 418 416 430 429 444 449 453 498 482 469 470 475 503 497 490 486 535 544 499 477 482 471 474 487 523 511 483 443 475 509 475 456 482 468 440 479 493 518 490 473 510 488 477 491 464 452 450 493 463 451 451 461 428 460 485 502 524 512 514 480 480 475 510 474 440 447 471 482 493 522 499 511 522 523 477 485 482 482 465 477 508 497 479 484 524 510 510 517 520 470 470 491 494 460 469 496 518 479 482 489 523 547 528 500 493 479 447 428 460 473 483 478 491 474 446 444 464 494 481 478 462 463 494 484 479 512 504 481 461 466 437 480 444 459 469 503 505 495 483 482 480 493 483 472 475 481 499 524 503 494 482 493 495 443 401 459 490 512 512 519 527 527 495 489 499 522 496 479 446 458 483 476 486 442 463 492 515 488 475 473 495 474 486 498 463 450 495 492 496 489 486 460 476 525 503 439 458 476 495 551 501 516 471 434 450 401 397 443 481 462 470 446 446 482 486 466 474 480 458 464 510 480 525 522 512 472 506 494 471 470 458 
vem trace:

