SDId: 34729365
energy: 2.23388e+17
zenith: 0.370501
azimuth: 3.52258
GPSSeconc: 1126654156
stid: 342
spdistance: 714.498
radio trace:
455 426 397 401 417 440 425 423 447 433 433 436 465 454 458 487 481 496 488 495 462 472 474 499 480 491 486 497 480 442 427 445 456 432 447 446 441 446 479 465 467 477 478 449 451 431 451 452 433 439 442 443 436 443 451 447 450 440 440 426 446 452 484 499 463 443 416 422 429 411 447 477 444 448 480 477 452 440 448 438 447 453 445 476 477 439 449 466 461 463 436 475 481 458 461 460 472 468 466 470 437 431 448 434 417 428 451 476 479 456 461 469 442 409 445 427 436 448 458 469 470 444 440 423 447 443 464 477 456 434 457 439 441 469 462 443 465 485 457 448 448 444 423 409 433 430 418 431 473 521 492 485 459 448 464 458 477 462 457 470 497 487 462 473 451 426 436 422 409 429 437 426 456 465 464 423 407 430 458 438 444 431 443 441 415 433 448 446 450 495 486 465 428 448 438 449 465 471 449 463 453 432 449 458 439 455 454 440 452 411 415 427 461 486 474 488 474 466 438 428 431 466 461 461 462 441 463 469 449 466 414 441 431 417 440 418 407 406 407 443 429 447 441 419 424 429 438 429 459 483 487 482 487 513 467 468 467 459 442 443 432 464 458 408 398 419 411 448 448 437 455 422 411 403 392 392 420 404 405 432 483 481 487 462 430 447 457 424 445 418 423 450 464 438 443 440 439 475 453 455 440 440 458 458 443 431 427 430 455 460 461 462 463 475 489 454 430 424 457 450 479 487 492 483 476 447 451 427 426 417 447 466 462 451 432 451 445 453 459 450 453 408 440 460 450 427 432 465 479 489 481 468 448 480 451 419 436 427 411 415 409 413 434 465 465 450 474 470 444 446 422 430 469 435 443 423 453 452 460 478 478 451 450 446 474 490 475 484 509 471 469 472 477 478 484 457 456 456 422 420 481 498 467 471 474 445 452 444 473 505 470 456 409 422 446 441 445 449 444 463 466 474 443 422 408 420 419 457 449 411 441 493 463 425 415 416 412 423 425 423 426 432 426 408 405 434 438 449 453 438 433 442 440 424 435 476 469 447 424 437 444 436 459 443 451 445 437 443 436 437 440 451 415 417 439 474 438 439 459 424 412 412 402 401 391 422 440 424 426 454 429 442 417 440 431 450 435 450 447 459 463 429 408 392 417 437 440 395 403 446 452 470 480 447 444 447 442 442 444 439 425 446 447 413 408 402 426 434 410 424 441 426 448 440 408 419 447 456 443 448 446 428 440 444 456 422 445 467 497 469 457 445 442 448 432 427 409 396 412 428 466 460 460 413 411 454 437 444 464 440 418 417 421 423 447 448 445 464 447 451 456 445 460 471 432 433 404 426 457 448 450 414 416 450 426 417 436 427 439 444 461 454 465 473 474 464 438 450 406 408 397 404 438 445 438 438 426 456 478 480 456 474 450 432 412 434 436 408 383 401 425 423 400 405 431 414 421 464 449 461 469 451 464 462 470 450 434 431 425 432 435 467 485 454 450 461 468 472 439 419 434 448 429 438 469 468 442 421 435 459 437 452 446 448 454 432 452 474 483 454 461 435 461 457 468 438 441 427 462 447 446 441 441 437 438 433 439 450 486 496 469 463 450 426 414 400 455 447 448 449 450 411 398 442 416 414 438 460 418 425 449 448 459 466 442 418 408 436 437 470 455 432 424 461 421 423 445 450 424 435 440 430 437 447 443 461 444 458 433 406 426 449 447 436 422 452 431 418 449 458 432 440 453 456 455 492 500 463 
vem trace:

stid: 341
spdistance: 756.938
radio trace:
459 491 499 468 510 507 533 473 547 560 515 537 535 515 501 541 472 437 450 452 460 458 477 481 489 509 526 553 505 500 510 498 544 582 547 497 475 487 496 491 496 504 500 550 548 533 508 530 521 520 509 512 517 510 507 552 543 509 523 536 532 554 573 517 528 507 486 486 475 486 465 470 472 507 520 519 512 570 589 588 559 539 534 521 524 545 548 528 571 571 518 500 501 489 508 528 502 509 469 486 455 494 504 536 494 506 481 481 521 521 519 514 524 538 558 540 532 544 530 532 514 495 462 482 499 482 513 509 484 453 500 515 500 481 518 509 529 533 538 528 476 517 516 538 539 570 539 536 546 523 507 471 491 556 548 536 544 554 511 500 506 511 480 470 445 514 497 485 469 465 502 515 509 528 529 516 511 523 520 510 516 506 505 497 533 527 493 492 497 528 495 510 491 493 487 472 460 440 474 497 457 487 501 526 533 534 540 541 515 490 521 532 514 503 528 527 496 472 477 495 520 525 546 512 507 490 496 539 528 521 574 577 559 529 518 499 471 505 517 498 502 509 539 535 519 493 520 542 561 534 548 531 557 560 576 536 523 512 540 503 503 507 518 558 520 509 479 507 532 501 514 512 513 535 499 494 486 475 498 490 481 504 517 504 488 518 514 487 522 533 539 527 514 503 526 545 510 475 475 487 494 486 477 501 527 516 496 494 502 500 547 541 508 485 470 490 497 524 522 459 483 488 495 510 479 480 493 519 490 522 537 529 544 545 548 505 501 509 545 564 541 513 512 507 499 479 457 484 495 522 544 522 535 488 445 462 497 533 565 535 486 489 517 539 548 536 518 525 526 526 555 530 501 508 512 549 537 529 508 522 535 504 527 572 555 507 523 527 467 496 506 526 486 475 512 498 495 504 541 507 541 573 573 544 556 547 518 480 513 549 591 572 531 501 493 521 546 577 546 512 487 471 518 551 505 532 503 490 480 482 486 493 505 506 530 516 568 551 543 552 515 488 468 493 474 508 536 516 491 528 520 534 498 489 472 473 488 468 496 515 523 522 509 508 511 475 488 494 502 526 505 497 496 518 529 539 547 502 484 510 514 492 512 498 510 487 502 492 499 503 529 524 536 510 504 471 466 483 488 505 520 507 472 469 497 534 542 527 588 547 516 547 561 540 559 505 477 443 462 484 468 512 532 515 458 433 437 489 511 533 516 475 450 472 497 552 527 495 461 489 515 498 514 481 481 477 473 484 494 518 546 521 555 580 552 528 520 500 506 526 517 507 546 557 544 531 512 541 529 486 519 529 540 508 518 503 486 532 541 549 524 467 544 561 551 548 526 547 563 537 497 533 492 492 493 507 549 529 495 474 457 467 480 467 462 469 500 514 530 534 529 545 517 555 539 524 495 487 493 505 481 487 547 532 517 548 533 498 533 533 516 522 542 541 518 531 513 502 517 508 521 533 537 500 478 521 508 502 468 466 496 506 508 512 524 493 491 491 452 450 503 547 566 538 524 479 463 450 451 517 519 495 507 547 520 523 515 507 526 513 507 510 507 543 513 493 511 504 487 495 496 512 523 484 468 485 508 529 527 495 481 514 514 524 506 522 529 548 513 491 485 481 520 565 547 511 514 545 535 490 494 499 514 482 485 533 554 537 493 497 509 480 444 471 506 524 494 501 509 448 479 517 499 539 550 546 517 529 532 504 490 484 492 501 499 514 555 538 527 502 461 453 458 478 500 496 529 541 
vem trace:

stid: 341
spdistance: 756.938
radio trace:
459 491 499 468 510 507 533 473 547 560 515 537 535 515 501 541 472 437 450 452 460 458 477 481 489 509 526 553 505 500 510 498 544 582 547 497 475 487 496 491 496 504 500 550 548 533 508 530 521 520 509 512 517 510 507 552 543 509 523 536 532 554 573 517 528 507 486 486 475 486 465 470 472 507 520 519 512 570 589 588 559 539 534 521 524 545 548 528 571 571 518 500 501 489 508 528 502 509 469 486 455 494 504 536 494 506 481 481 521 521 519 514 524 538 558 540 532 544 530 532 514 495 462 482 499 482 513 509 484 453 500 515 500 481 518 509 529 533 538 528 476 517 516 538 539 570 539 536 546 523 507 471 491 556 548 536 544 554 511 500 506 511 480 470 445 514 497 485 469 465 502 515 509 528 529 516 511 523 520 510 516 506 505 497 533 527 493 492 497 528 495 510 491 493 487 472 460 440 474 497 457 487 501 526 533 534 540 541 515 490 521 532 514 503 528 527 496 472 477 495 520 525 546 512 507 490 496 539 528 521 574 577 559 529 518 499 471 505 517 498 502 509 539 535 519 493 520 542 561 534 548 531 557 560 576 536 523 512 540 503 503 507 518 558 520 509 479 507 532 501 514 512 513 535 499 494 486 475 498 490 481 504 517 504 488 518 514 487 522 533 539 527 514 503 526 545 510 475 475 487 494 486 477 501 527 516 496 494 502 500 547 541 508 485 470 490 497 524 522 459 483 488 495 510 479 480 493 519 490 522 537 529 544 545 548 505 501 509 545 564 541 513 512 507 499 479 457 484 495 522 544 522 535 488 445 462 497 533 565 535 486 489 517 539 548 536 518 525 526 526 555 530 501 508 512 549 537 529 508 522 535 504 527 572 555 507 523 527 467 496 506 526 486 475 512 498 495 504 541 507 541 573 573 544 556 547 518 480 513 549 591 572 531 501 493 521 546 577 546 512 487 471 518 551 505 532 503 490 480 482 486 493 505 506 530 516 568 551 543 552 515 488 468 493 474 508 536 516 491 528 520 534 498 489 472 473 488 468 496 515 523 522 509 508 511 475 488 494 502 526 505 497 496 518 529 539 547 502 484 510 514 492 512 498 510 487 502 492 499 503 529 524 536 510 504 471 466 483 488 505 520 507 472 469 497 534 542 527 588 547 516 547 561 540 559 505 477 443 462 484 468 512 532 515 458 433 437 489 511 533 516 475 450 472 497 552 527 495 461 489 515 498 514 481 481 477 473 484 494 518 546 521 555 580 552 528 520 500 506 526 517 507 546 557 544 531 512 541 529 486 519 529 540 508 518 503 486 532 541 549 524 467 544 561 551 548 526 547 563 537 497 533 492 492 493 507 549 529 495 474 457 467 480 467 462 469 500 514 530 534 529 545 517 555 539 524 495 487 493 505 481 487 547 532 517 548 533 498 533 533 516 522 542 541 518 531 513 502 517 508 521 533 537 500 478 521 508 502 468 466 496 506 508 512 524 493 491 491 452 450 503 547 566 538 524 479 463 450 451 517 519 495 507 547 520 523 515 507 526 513 507 510 507 543 513 493 511 504 487 495 496 512 523 484 468 485 508 529 527 495 481 514 514 524 506 522 529 548 513 491 485 481 520 565 547 511 514 545 535 490 494 499 514 482 485 533 554 537 493 497 509 480 444 471 506 524 494 501 509 448 479 517 499 539 550 546 517 529 532 504 490 484 492 501 499 514 555 538 527 502 461 453 458 478 500 496 529 541 
vem trace:

stid: 332
spdistance: 1084.95
radio trace:
538 532 541 521 531 543 506 555 529 530 550 551 533 571 577 554 535 527 532 545 543 546 543 556 545 515 540 585 540 508 545 577 566 545 552 516 516 562 564 563 581 575 567 539 563 554 526 508 517 533 536 521 538 549 548 551 600 606 584 541 526 547 541 554 556 542 567 555 536 526 548 538 548 563 526 556 556 526 550 557 544 567 601 590 599 589 572 511 546 529 529 555 548 538 530 574 594 587 584 563 547 552 564 545 549 557 547 585 553 513 539 562 531 514 543 580 553 570 573 574 554 526 551 535 534 532 544 589 579 572 549 542 524 517 544 534 531 538 547 562 578 587 572 531 531 550 570 594 543 548 560 552 565 577 567 518 505 550 514 538 548 559 591 561 566 532 553 539 543 570 558 546 525 555 566 532 551 532 499 524 508 488 507 539 589 559 570 557 577 599 570 554 548 526 543 574 555 561 585 541 527 540 552 534 527 505 499 516 557 573 577 617 592 540 511 547 575 597 593 569 582 582 580 595 569 522 550 567 573 553 524 535 538 539 529 532 547 545 554 500 487 522 557 550 544 553 549 509 517 545 539 520 559 586 558 575 575 583 540 541 539 571 545 548 523 516 549 558 566 539 571 589 587 564 545 529 522 542 579 567 568 570 563 577 565 580 597 597 556 535 526 530 528 550 560 576 560 550 539 514 528 516 479 494 518 515 517 532 541 539 570 552 533 543 529 557 585 552 518 526 524 542 515 540 540 545 568 573 608 582 555 574 558 551 547 564 583 582 575 562 570 583 527 515 547 547 528 531 562 555 543 532 535 559 543 550 569 580 536 548 550 544 527 516 529 511 539 545 529 522 530 556 561 560 619 587 573 552 574 575 558 563 565 560 560 543 557 529 561 559 604 582 553 556 513 517 531 559 561 572 549 553 510 541 495 504 563 571 565 563 534 525 547 553 554 526 555 540 576 579 559 540 555 545 536 541 584 586 582 550 551 543 554 579 575 571 556 566 560 510 520 496 533 565 529 527 529 549 574 597 582 555 523 537 543 508 533 546 550 541 535 576 575 559 539 535 539 491 538 545 522 575 612 585 563 587 586 552 548 525 542 551 569 546 535 524 539 544 547 582 581 556 535 532 555 554 543 549 556 562 554 554 551 564 556 558 603 595 576 571 554 536 531 545 566 569 593 595 624 591 551 536 545 511 508 543 527 540 569 561 574 568 555 532 521 526 537 511 536 557 580 586 596 578 570 526 547 558 608 582 587 568 568 557 521 549 574 555 535 564 580 577 555 576 557 581 568 575 561 573 568 576 563 566 575 545 559 555 528 542 522 511 512 535 542 565 569 564 579 605 568 552 553 563 551 538 545 548 558 555 549 560 579 554 536 541 568 565 568 552 535 502 546 553 557 569 584 564 557 556 519 550 564 587 572 595 551 563 561 559 541 517 537 550 548 568 558 550 527 502 551 538 532 562 568 537 525 551 533 523 528 514 507 525 521 551 557 562 559 514 483 523 553 528 519 506 535 546 547 575 585 555 540 539 518 508 484 534 549 556 542 574 557 561 542 519 550 544 538 527 542 569 558 553 537 555 552 554 539 546 520 530 538 546 509 535 528 541 528 552 567 572 533 503 528 515 527 532 541 522 522 548 555 541 559 583 536 569 579 590 568 530 575 561 557 508 514 501 550 593 579 556 580 567 558 541 559 542 522 540 526 542 562 587 564 602 609 576 577 571 562 533 575 581 557 531 519 541 
vem trace:

