SDId: 34813597
energy: 8.50624e+17
zenith: 0.588536
azimuth: 0.398236
GPSSeconc: 1127163605
stid: 342
spdistance: 726.889
radio trace:
452 443 457 460 467 467 480 472 451 443 475 485 496 471 461 440 438 474 509 512 485 463 435 454 471 491 489 484 471 476 466 469 491 487 459 464 474 489 489 488 480 493 483 480 488 472 464 490 491 499 495 467 431 449 451 480 501 500 497 465 434 432 438 455 471 474 461 439 449 449 439 426 471 437 442 431 463 457 457 471 481 480 486 489 500 502 506 494 495 502 495 460 422 452 464 447 423 445 448 454 416 413 443 457 478 429 423 429 439 431 428 417 424 464 430 442 449 454 447 448 493 486 451 462 453 451 450 440 446 453 424 391 413 449 462 484 487 476 450 476 485 505 489 499 477 477 484 454 449 436 453 446 458 481 480 455 460 454 447 452 486 458 496 500 514 507 491 463 470 460 452 464 464 458 460 489 499 488 487 502 495 513 533 487 441 431 420 439 460 422 447 467 467 481 484 458 448 468 475 496 487 466 455 478 505 495 458 423 447 456 444 457 484 481 463 490 482 461 451 449 456 432 453 454 465 472 456 474 490 456 447 443 484 512 489 471 455 441 454 452 452 436 443 457 459 477 475 498 494 470 488 474 468 451 461 467 475 465 470 467 478 472 477 463 461 457 439 457 448 471 490 480 475 494 463 446 456 461 465 494 479 463 451 453 444 436 436 449 470 464 471 468 449 467 430 455 452 419 442 460 450 475 464 458 486 494 477 431 455 458 476 477 450 448 500 495 478 485 472 444 462 485 453 465 439 491 485 477 492 479 459 455 473 474 498 493 497 475 503 455 435 428 472 450 450 451 451 460 460 440 444 456 447 443 462 480 482 472 455 477 481 492 490 492 483 447 490 444 444 444 472 464 466 481 451 446 457 462 462 474 475 462 468 426 432 441 450 465 496 497 497 503 486 472 453 488 489 487 480 484 465 478 471 471 447 487 491 478 455 463 449 463 467 487 468 469 461 443 423 421 405 428 453 440 432 443 468 460 455 455 452 458 469 475 450 470 480 441 436 462 464 440 463 488 509 482 476 499 485 473 458 470 452 471 464 470 496 521 473 486 467 445 461 450 436 468 475 451 443 440 429 425 472 487 497 476 446 468 500 479 468 454 458 465 455 467 470 456 467 475 472 472 479 456 449 453 463 501 512 491 492 486 485 480 474 450 440 479 475 451 430 402 462 478 483 481 483 472 462 470 443 440 467 480 499 498 482 442 456 440 443 416 454 483 487 450 461 429 454 449 458 456 466 471 461 463 458 456 457 479 470 498 508 496 494 471 451 451 483 469 443 441 461 479 481 485 473 469 504 503 507 479 471 470 443 471 476 510 510 494 490 480 444 464 470 478 470 468 422 463 484 485 487 487 443 462 478 484 466 443 426 436 436 412 399 470 451 434 434 429 463 467 477 465 449 472 483 465 485 486 495 489 478 480 484 463 478 474 450 460 474 465 495 478 493 468 506 500 485 485 491 468 479 457 461 467 495 504 473 483 495 446 452 447 433 417 436 464 487 479 483 459 439 458 447 442 454 486 456 457 487 496 489 513 459 439 462 452 461 501 486 494 502 519 518 475 475 454 426 457 475 445 440 452 420 415 405 419 424 436 449 463 471 503 484 473 464 482 501 489 459 469 467 449 432 449 452 465 466 457 419 416 442 487 468 466 454 456 485 460 489 477 450 420 429 461 493 472 487 500 477 479 491 457 437 441 454 441 460 443 438 444 478 477 509 492 468 490 484 488 477 461 485 498 517 521 508 483 
vem trace:

stid: 333
spdistance: 809.094
radio trace:
437 449 434 441 423 423 454 469 471 494 469 456 399 390 423 440 438 435 430 455 455 441 465 486 492 460 462 489 491 490 502 463 463 510 474 442 431 442 467 425 404 391 392 423 436 463 447 430 432 445 480 455 437 447 480 493 480 455 433 423 446 469 453 459 453 474 434 397 409 440 479 491 476 422 473 478 415 410 442 441 473 476 462 452 431 454 434 445 441 404 382 386 408 378 395 444 460 464 508 492 482 462 460 445 470 463 445 451 432 430 431 435 444 427 424 402 402 420 461 448 473 480 466 440 435 458 440 446 456 471 452 422 466 449 467 461 433 428 429 433 461 462 444 420 424 421 443 472 461 453 431 419 460 459 494 503 449 457 471 459 449 458 446 419 426 460 450 454 463 460 472 471 475 495 459 446 429 437 435 452 447 468 477 453 417 410 454 454 464 455 417 416 458 477 469 480 483 455 431 449 472 465 465 454 420 400 402 412 448 443 467 468 455 456 396 411 396 432 475 442 449 409 423 472 487 448 472 448 430 396 436 479 458 469 456 455 446 468 473 465 452 469 461 471 485 494 469 446 422 465 482 456 440 416 428 428 416 437 442 442 440 438 443 420 437 438 431 433 479 484 450 441 416 455 408 411 429 436 420 456 472 467 437 402 419 420 425 449 486 475 425 416 434 452 471 467 459 453 451 444 429 404 405 438 447 485 498 455 470 463 472 457 471 447 441 445 451 486 480 477 459 445 456 445 454 475 488 485 468 458 446 414 415 455 451 448 460 487 425 441 441 451 439 453 460 445 471 468 465 449 451 436 463 454 466 465 472 454 386 428 457 468 449 440 475 478 489 461 463 422 437 490 446 412 415 433 470 457 441 456 434 408 410 434 453 466 479 454 417 443 455 490 488 490 461 423 439 421 403 433 438 429 430 440 436 462 438 448 416 435 415 429 433 456 439 427 398 413 431 470 461 410 455 434 416 432 466 440 458 461 433 444 464 436 451 437 443 494 497 465 472 464 463 435 434 455 482 468 430 434 465 466 451 469 473 463 479 459 456 458 433 450 425 437 447 471 441 433 449 452 417 430 452 446 466 482 469 440 424 437 464 436 434 444 457 451 438 433 421 415 464 483 458 420 445 464 473 446 449 474 452 483 466 474 461 450 417 436 434 425 462 473 448 446 443 448 455 482 467 481 465 450 480 460 466 464 449 438 437 452 448 455 456 472 460 456 457 469 459 453 472 490 480 455 480 457 487 468 461 459 417 413 439 467 423 433 429 431 463 463 474 453 470 441 451 434 414 407 413 439 442 460 427 425 435 415 417 444 445 474 465 430 397 419 471 461 485 436 415 449 455 432 467 471 462 460 474 475 437 405 443 444 463 447 447 472 461 477 461 450 438 426 445 424 439 463 466 472 455 454 463 473 478 470 483 471 426 454 435 447 454 440 474 434 442 468 482 497 475 480 478 464 475 469 472 460 459 461 472 456 417 390 387 394 468 471 462 477 473 451 439 449 451 443 465 444 451 444 456 447 432 414 407 439 470 425 457 461 435 437 446 468 459 480 477 479 475 466 438 441 434 404 440 433 434 450 433 427 421 446 439 444 444 437 420 427 438 459 449 453 438 445 472 435 445 454 487 491 463 469 485 445 449 396 392 415 449 451 448 460 466 459 421 466 457 471 472 470 443 429 417 419 414 434 424 412 483 470 441 432 428 397 402 422 421 452 452 454 442 441 410 442 465 474 488 477 454 445 
vem trace:

