SDId: 34529117
energy: 2.17035e+17
zenith: 0.191278
azimuth: 2.82537
GPSSeconc: 1125434587
stid: 342
spdistance: 828.551
radio trace:
463 448 473 450 483 479 467 444 436 437 468 515 522 468 472 494 502 487 490 464 490 536 544 483 489 474 484 485 515 499 488 494 496 482 480 467 471 470 472 460 447 458 441 472 470 467 479 483 490 463 463 475 484 445 478 479 510 499 477 485 489 517 522 512 475 491 497 484 496 477 478 495 502 518 519 516 513 522 510 489 491 467 492 485 513 512 510 532 541 508 467 443 481 462 469 467 444 452 486 494 514 489 497 517 543 532 474 449 476 461 457 501 509 495 466 473 480 485 506 508 505 522 527 482 490 499 507 486 483 462 452 495 479 468 469 495 487 499 446 478 485 472 463 497 470 473 494 512 516 511 489 496 527 513 518 504 488 490 476 441 467 458 473 488 463 459 466 469 478 489 490 502 503 484 512 510 484 537 516 490 507 476 475 499 490 496 481 440 432 473 459 472 483 491 474 481 507 501 491 498 467 494 473 500 500 473 506 496 512 461 459 444 429 433 431 467 423 478 479 468 487 512 497 453 449 469 485 464 455 470 450 445 460 498 518 488 471 491 483 478 488 480 488 482 492 455 431 445 441 432 435 424 413 473 482 451 454 474 484 486 452 454 462 491 484 511 476 471 448 470 441 491 513 506 511 500 494 515 501 491 451 484 470 482 520 498 520 527 527 494 458 504 464 440 468 501 491 500 509 478 488 516 510 484 502 490 487 485 492 491 490 481 493 494 517 509 534 515 503 494 490 435 430 395 464 489 470 493 479 464 458 466 432 454 473 490 462 463 463 462 473 447 459 454 455 459 484 500 460 459 458 482 472 481 478 475 493 455 480 516 495 482 485 464 475 500 513 499 500 487 506 496 467 491 469 491 477 509 501 501 474 484 460 482 498 476 482 487 481 460 497 469 460 425 441 447 453 465 452 463 448 464 493 494 509 505 493 468 495 503 523 514 500 497 490 498 457 449 493 486 497 504 515 494 510 523 512 513 480 497 484 465 486 490 484 501 490 519 474 488 503 480 507 499 481 480 480 496 467 476 510 515 510 490 476 511 514 519 489 481 479 490 507 518 533 490 444 427 415 464 459 475 490 498 510 493 482 479 496 507 491 488 502 484 508 494 494 499 486 515 509 521 498 500 511 507 508 486 469 511 491 515 510 479 493 486 479 493 454 457 469 456 463 459 460 482 480 443 439 451 465 493 484 513 483 480 514 502 493 492 506 499 480 479 463 466 476 460 475 499 487 471 484 498 517 497 503 495 480 507 499 521 500 479 470 464 464 479 496 512 519 530 501 492 498 482 456 481 465 454 484 458 477 483 511 520 495 497 484 494 503 492 478 482 488 494 500 523 515 496 488 533 505 522 536 488 511 503 523 496 513 523 488 476 453 484 471 453 470 498 454 455 493 496 521 524 493 481 488 464 469 485 478 496 496 538 541 516 511 528 535 529 519 513 499 508 505 466 484 496 498 498 493 494 497 490 505 506 484 489 455 421 439 465 459 487 495 490 482 461 469 441 452 482 466 498 500 495 501 483 509 514 480 464 504 480 495 514 549 517 489 493 491 510 524 522 503 461 452 460 488 480 504 491 512 539 533 507 476 474 452 474 503 509 480 492 484 507 484 432 438 491 497 503 504 515 483 500 517 489 486 523 501 478 499 499 513 481 502 523 479 478 477 484 504 505 490 477 506 454 456 442 457 472 471 475 471 492 497 496 493 490 528 507 496 502 493 486 480 484 489 475 480 489 487 480 466 466 
vem trace:

stid: 333
spdistance: 829.267
radio trace:
486 478 479 489 463 451 447 485 493 500 492 482 497 508 495 496 485 482 494 504 503 486 490 479 468 516 491 491 480 508 539 498 480 482 515 483 475 503 470 461 465 462 480 502 524 510 494 484 446 483 481 455 467 488 487 472 450 450 447 471 453 483 491 486 438 457 507 471 485 469 469 465 455 450 444 453 471 487 467 443 471 483 464 473 497 487 493 470 424 435 452 472 473 479 477 484 467 482 479 475 447 426 474 455 424 457 442 492 487 511 499 449 467 448 484 495 483 462 445 468 455 479 516 523 470 464 493 512 477 494 540 541 502 504 489 472 485 493 485 470 488 504 504 482 491 472 438 463 484 488 468 484 482 467 458 459 464 480 508 504 477 471 473 477 524 487 497 517 484 489 456 455 463 470 461 486 502 497 489 440 462 490 465 480 453 473 507 491 480 456 494 480 499 472 478 466 463 478 461 499 522 512 499 507 457 457 523 520 477 457 446 420 461 459 516 525 505 464 469 462 453 449 472 478 476 481 517 524 496 467 493 485 459 466 502 517 483 483 465 472 460 486 501 500 526 485 472 507 514 505 513 501 491 478 483 461 504 520 515 505 487 461 473 491 471 477 478 494 506 508 520 494 455 477 481 489 488 437 469 517 495 487 518 489 499 501 532 558 491 487 516 482 465 468 452 440 471 465 474 482 475 454 469 501 474 469 492 464 439 438 458 445 432 458 465 458 466 466 495 479 485 457 456 485 478 488 511 502 513 525 508 484 469 463 461 505 514 475 443 454 494 514 515 528 492 480 477 481 459 496 472 475 486 465 451 513 510 480 486 509 501 522 509 474 478 489 484 491 486 496 479 504 497 451 485 504 473 463 415 451 480 487 488 471 444 461 480 494 497 478 468 455 443 466 466 458 479 488 483 477 511 496 466 472 477 496 477 468 447 411 475 452 485 521 516 492 482 498 516 537 492 491 476 453 475 476 450 457 452 457 466 462 453 438 442 432 436 466 439 425 465 476 480 503 480 466 445 444 458 491 486 487 468 480 471 451 450 469 451 441 494 515 524 534 525 474 474 461 451 456 408 467 487 456 431 450 445 451 460 470 476 475 478 460 484 455 454 472 494 476 497 499 510 489 451 457 483 475 454 472 482 468 486 462 452 458 449 475 469 468 485 437 441 457 459 430 460 494 468 476 517 504 527 533 534 502 477 500 534 469 432 473 503 516 491 481 425 463 474 505 505 469 463 455 483 507 484 463 466 501 527 473 482 477 491 497 468 471 439 451 485 509 491 461 469 480 461 460 498 501 486 488 499 496 514 491 482 490 526 515 513 495 524 530 518 502 514 510 474 453 436 456 489 496 486 462 479 507 470 491 502 501 473 490 493 489 496 473 431 471 448 454 469 475 474 493 468 487 448 459 485 498 510 524 511 505 460 477 499 471 445 477 511 480 498 479 490 483 521 491 450 452 449 456 496 479 460 449 491 499 472 465 484 504 541 537 498 518 506 502 489 487 465 460 504 534 512 446 451 438 466 441 443 477 492 460 452 450 466 447 446 428 459 448 470 505 486 462 479 514 529 528 526 504 493 470 490 513 516 486 476 481 475 473 497 499 485 524 544 519 491 487 508 509 498 487 492 455 442 438 436 462 462 476 489 502 498 461 480 453 461 444 437 467 454 443 429 436 431 454 470 457 430 489 511 506 467 475 450 504 511 528 519 516 510 494 481 411 426 473 469 469 491 485 474 490 486 486 
vem trace:

stid: 332
spdistance: 925.242
radio trace:
552 537 562 603 583 574 540 521 527 536 529 515 573 610 567 563 545 554 543 514 522 530 544 540 536 538 572 564 589 553 559 536 536 538 577 562 523 490 559 567 591 596 536 581 511 501 527 542 529 554 561 541 570 557 540 535 535 572 613 600 587 571 584 588 578 561 587 583 615 586 578 579 564 524 542 550 555 572 547 529 526 552 561 556 576 575 535 553 558 562 545 517 522 503 542 569 545 552 550 553 559 537 584 543 555 585 560 523 548 544 502 502 485 532 524 549 564 564 548 550 540 553 570 579 566 551 538 553 519 524 553 565 616 599 554 557 521 544 567 542 570 579 607 574 567 571 557 550 544 554 561 547 549 549 555 534 515 548 542 570 519 533 563 575 585 573 582 546 546 566 532 537 530 553 566 577 595 577 566 541 531 520 550 552 554 565 557 590 560 537 542 555 561 561 537 511 531 557 566 514 527 543 556 554 553 574 576 542 529 560 588 579 583 583 547 578 563 548 575 545 526 566 574 575 545 518 509 512 555 575 579 603 631 587 555 558 543 547 551 557 578 573 546 509 525 571 593 593 637 601 586 564 561 569 563 562 548 533 563 561 559 505 532 549 528 514 538 570 578 548 533 548 566 569 572 568 564 588 565 527 543 524 541 545 564 561 579 574 567 518 544 560 563 566 580 579 568 567 586 561 528 558 555 527 527 602 562 558 555 587 576 565 592 595 577 567 550 547 552 568 543 550 563 544 538 541 562 547 549 565 576 529 542 546 545 510 556 547 531 539 527 522 521 535 554 555 561 575 589 577 597 570 565 537 526 557 575 554 567 561 573 564 573 552 545 532 553 573 559 574 558 581 613 604 580 567 543 564 570 557 579 567 567 590 558 567 543 541 566 579 551 557 552 542 528 545 581 596 577 550 507 487 517 519 529 517 496 517 531 522 528 554 516 548 568 574 572 553 549 557 550 572 590 572 553 586 574 530 527 495 488 543 572 546 540 548 552 581 576 557 582 586 577 544 551 509 540 558 565 559 552 579 563 562 537 524 581 595 574 575 523 530 551 555 548 553 565 522 540 599 550 557 578 596 583 581 577 575 570 595 566 522 536 561 579 555 543 549 568 530 534 545 553 566 586 552 556 580 592 577 605 593 632 620 602 581 531 522 540 545 583 587 591 600 565 540 574 581 589 545 538 535 554 546 547 537 536 541 568 545 553 559 566 525 541 557 553 552 568 549 541 578 593 568 561 558 566 563 571 554 560 554 567 572 587 562 568 550 553 530 561 563 521 491 525 551 586 592 562 566 578 579 579 586 565 575 536 565 586 576 570 564 590 598 568 575 559 565 553 588 576 587 589 567 559 562 524 499 522 559 520 546 571 557 543 559 533 541 565 544 580 587 545 561 581 578 560 582 561 586 602 580 553 566 602 576 565 547 575 571 528 546 571 597 589 558 567 580 542 529 540 549 537 590 599 550 539 530 584 578 596 604 570 566 580 563 552 555 549 562 569 561 596 563 589 610 590 575 577 573 593 577 582 586 544 544 554 543 567 556 573 530 543 555 557 544 537 537 514 498 548 579 583 598 550 533 530 533 553 556 575 565 560 567 603 590 573 584 582 575 569 560 539 517 544 554 585 561 558 561 558 560 594 567 574 500 525 508 553 608 587 546 540 534 539 573 562 539 555 577 566 582 582 552 547 555 538 549 571 556 582 554 552 553 544 540 557 536 541 564 559 540 516 525 558 564 552 547 
vem trace:

