SDId: 34760786
energy: 2.08653e+17
zenith: 0.580499
azimuth: 4.17368
GPSSeconc: 1126835295
stid: 341
spdistance: 901.203
radio trace:
497 508 500 503 527 510 501 508 533 558 571 528 532 514 459 462 495 500 530 476 464 507 538 507 523 559 552 502 516 519 483 447 487 476 471 496 548 527 514 505 524 495 506 503 518 511 562 514 486 485 513 536 536 508 528 535 488 515 476 497 494 471 454 504 487 491 510 524 511 510 497 489 498 546 530 552 528 534 519 491 524 541 547 496 483 479 514 527 552 562 524 501 496 496 543 545 555 485 481 474 464 473 494 505 522 541 535 537 516 498 525 537 560 549 526 520 485 530 528 492 470 489 477 499 519 474 495 525 573 561 529 521 529 540 514 508 500 495 525 513 500 517 551 535 517 501 545 486 454 497 506 501 535 570 565 594 558 567 531 506 491 525 549 503 512 490 508 505 497 514 515 515 501 485 517 532 510 502 485 452 472 486 517 513 516 487 483 472 462 470 495 497 489 505 519 478 474 463 489 468 488 472 455 457 489 523 532 517 506 508 536 522 493 479 535 535 544 542 504 494 528 551 502 486 492 498 550 514 496 489 499 469 434 459 454 486 505 535 513 491 480 474 527 522 557 544 541 518 502 509 502 469 489 518 519 513 540 531 569 515 492 525 497 518 478 470 477 528 517 501 520 521 537 554 566 556 544 522 488 520 485 505 509 533 571 547 476 467 493 497 483 502 542 518 506 515 509 510 523 487 499 523 532 534 553 522 510 522 528 534 533 518 503 480 500 512 515 516 491 476 514 479 523 535 512 481 479 476 465 459 510 542 500 510 499 488 500 488 454 462 464 486 490 528 517 500 487 466 479 516 489 500 512 498 459 530 485 493 500 518 501 529 532 519 579 531 517 511 489 497 518 553 525 522 481 465 496 521 558 508 454 487 519 510 541 531 526 544 551 519 501 545 521 487 505 520 498 525 530 503 474 505 518 542 520 529 533 553 527 496 522 518 507 510 499 472 484 505 519 498 506 529 530 544 550 510 537 544 538 524 534 548 504 512 501 532 555 534 521 513 513 472 464 489 477 465 535 499 486 468 439 479 489 494 538 538 538 570 513 491 502 507 515 504 527 550 513 486 465 453 502 544 538 483 496 497 469 479 482 504 488 505 482 503 523 516 543 510 487 483 492 502 517 506 526 521 548 578 561 597 545 517 506 527 549 539 541 548 514 489 453 503 488 505 486 482 511 511 501 482 488 490 469 485 512 528 546 528 504 494 452 460 502 515 499 508 495 485 492 490 522 526 503 511 543 496 477 500 531 549 551 545 559 542 558 535 527 496 495 503 508 516 539 532 504 533 498 490 493 483 502 509 518 552 537 538 539 547 525 517 514 515 517 508 488 475 482 487 505 552 545 483 493 511 523 535 531 514 523 476 458 476 483 490 501 520 552 563 562 567 547 544 507 529 521 530 547 521 527 514 502 499 474 534 562 507 495 497 491 473 467 458 491 523 533 563 572 561 558 529 530 522 551 547 552 547 524 496 511 542 562 546 517 502 524 533 534 483 463 453 448 471 505 510 492 528 539 546 502 486 481 490 475 497 520 518 561 598 592 583 466 420 452 457 498 509 514 486 491 513 525 513 488 502 493 496 511 477 511 524 516 533 541 538 522 533 565 556 542 497 498 518 520 542 536 532 514 501 518 512 529 532 505 484 496 475 512 529 546 524 500 521 524 513 546 543 556 511 481 492 494 484 541 552 520 495 513 531 553 570 593 574 552 553 492 453 429 444 470 483 495 505 532 512 536 547 526 548 
vem trace:

stid: 341
spdistance: 901.203
radio trace:
497 508 500 503 527 510 501 508 533 558 571 528 532 514 459 462 495 500 530 476 464 507 538 507 523 559 552 502 516 519 483 447 487 476 471 496 548 527 514 505 524 495 506 503 518 511 562 514 486 485 513 536 536 508 528 535 488 515 476 497 494 471 454 504 487 491 510 524 511 510 497 489 498 546 530 552 528 534 519 491 524 541 547 496 483 479 514 527 552 562 524 501 496 496 543 545 555 485 481 474 464 473 494 505 522 541 535 537 516 498 525 537 560 549 526 520 485 530 528 492 470 489 477 499 519 474 495 525 573 561 529 521 529 540 514 508 500 495 525 513 500 517 551 535 517 501 545 486 454 497 506 501 535 570 565 594 558 567 531 506 491 525 549 503 512 490 508 505 497 514 515 515 501 485 517 532 510 502 485 452 472 486 517 513 516 487 483 472 462 470 495 497 489 505 519 478 474 463 489 468 488 472 455 457 489 523 532 517 506 508 536 522 493 479 535 535 544 542 504 494 528 551 502 486 492 498 550 514 496 489 499 469 434 459 454 486 505 535 513 491 480 474 527 522 557 544 541 518 502 509 502 469 489 518 519 513 540 531 569 515 492 525 497 518 478 470 477 528 517 501 520 521 537 554 566 556 544 522 488 520 485 505 509 533 571 547 476 467 493 497 483 502 542 518 506 515 509 510 523 487 499 523 532 534 553 522 510 522 528 534 533 518 503 480 500 512 515 516 491 476 514 479 523 535 512 481 479 476 465 459 510 542 500 510 499 488 500 488 454 462 464 486 490 528 517 500 487 466 479 516 489 500 512 498 459 530 485 493 500 518 501 529 532 519 579 531 517 511 489 497 518 553 525 522 481 465 496 521 558 508 454 487 519 510 541 531 526 544 551 519 501 545 521 487 505 520 498 525 530 503 474 505 518 542 520 529 533 553 527 496 522 518 507 510 499 472 484 505 519 498 506 529 530 544 550 510 537 544 538 524 534 548 504 512 501 532 555 534 521 513 513 472 464 489 477 465 535 499 486 468 439 479 489 494 538 538 538 570 513 491 502 507 515 504 527 550 513 486 465 453 502 544 538 483 496 497 469 479 482 504 488 505 482 503 523 516 543 510 487 483 492 502 517 506 526 521 548 578 561 597 545 517 506 527 549 539 541 548 514 489 453 503 488 505 486 482 511 511 501 482 488 490 469 485 512 528 546 528 504 494 452 460 502 515 499 508 495 485 492 490 522 526 503 511 543 496 477 500 531 549 551 545 559 542 558 535 527 496 495 503 508 516 539 532 504 533 498 490 493 483 502 509 518 552 537 538 539 547 525 517 514 515 517 508 488 475 482 487 505 552 545 483 493 511 523 535 531 514 523 476 458 476 483 490 501 520 552 563 562 567 547 544 507 529 521 530 547 521 527 514 502 499 474 534 562 507 495 497 491 473 467 458 491 523 533 563 572 561 558 529 530 522 551 547 552 547 524 496 511 542 562 546 517 502 524 533 534 483 463 453 448 471 505 510 492 528 539 546 502 486 481 490 475 497 520 518 561 598 592 583 466 420 452 457 498 509 514 486 491 513 525 513 488 502 493 496 511 477 511 524 516 533 541 538 522 533 565 556 542 497 498 518 520 542 536 532 514 501 518 512 529 532 505 484 496 475 512 529 546 524 500 521 524 513 546 543 556 511 481 492 494 484 541 552 520 495 513 531 553 570 593 574 552 553 492 453 429 444 470 483 495 505 532 512 536 547 526 548 
vem trace:

