SDId: 34892495
energy: 3.86838e+17
zenith: 0.61559
azimuth: 1.16535
GPSSeconc: 1127668606
stid: 342
spdistance: 743.822
radio trace:
526 531 537 542 536 496 503 511 505 505 504 529 519 518 501 486 487 510 505 495 505 520 507 509 550 528 522 524 532 537 547 539 494 510 502 518 522 493 483 495 486 511 508 497 476 490 504 510 490 459 461 467 478 476 513 515 527 535 515 497 512 540 510 525 527 521 531 505 530 527 519 495 501 493 503 515 533 511 519 531 509 520 549 531 540 522 510 493 495 493 490 497 510 485 492 494 480 500 514 495 527 530 512 477 472 470 493 516 539 565 546 529 519 507 509 511 516 506 501 505 493 476 497 482 480 487 496 524 539 514 514 552 539 532 561 541 492 486 508 482 491 493 502 508 519 516 506 539 529 497 489 514 515 497 501 526 501 491 463 472 473 453 522 526 544 518 515 538 524 489 498 529 521 546 526 482 472 494 530 511 550 554 560 553 554 516 509 509 529 504 541 518 495 478 494 503 469 463 478 473 483 520 491 479 499 482 466 463 480 476 527 520 497 490 484 483 477 481 485 495 477 505 512 464 473 497 510 488 458 472 496 492 507 506 486 494 494 480 489 486 515 528 543 511 492 487 473 494 525 537 528 510 506 499 514 516 525 479 476 486 469 488 489 509 481 481 493 535 549 527 533 526 516 500 462 460 467 463 450 472 504 539 524 516 511 520 511 485 489 498 530 540 515 521 499 512 474 488 517 519 534 529 505 497 487 502 498 504 526 541 530 495 510 488 475 477 504 483 488 539 512 491 497 532 517 512 511 524 515 514 515 544 508 517 502 530 500 482 505 497 520 488 484 501 512 507 511 504 489 502 535 515 455 477 486 497 474 500 510 496 486 503 521 508 508 512 519 495 503 522 470 504 519 529 524 516 513 506 498 484 484 505 506 493 503 482 481 483 501 539 507 510 499 522 495 483 458 480 514 505 508 523 505 504 506 468 460 487 500 461 481 483 506 477 492 491 471 458 481 541 558 571 533 543 505 512 484 496 472 473 514 493 510 515 487 475 519 517 518 493 475 463 457 479 515 511 517 527 520 488 472 495 505 515 503 515 503 495 507 505 503 520 526 514 481 513 514 527 508 493 519 496 492 481 480 498 475 467 461 500 502 508 486 456 432 461 498 515 522 492 502 479 482 438 454 468 489 506 463 469 481 508 493 479 454 495 492 470 483 501 485 467 515 548 508 480 491 470 511 554 540 538 533 492 492 491 515 483 487 505 499 515 505 519 506 496 512 541 499 522 506 534 498 503 518 527 537 508 515 447 432 501 509 528 561 553 531 489 500 505 515 514 495 499 487 508 537 534 526 498 524 504 449 455 480 491 480 502 504 487 486 466 478 499 487 526 532 563 548 543 546 522 514 515 518 508 532 504 503 523 501 467 472 502 476 453 450 495 486 513 494 523 518 532 505 503 531 534 516 489 493 497 478 462 485 493 514 521 495 502 514 504 522 519 495 492 480 491 520 544 531 533 505 496 516 520 525 515 495 505 513 492 480 471 451 488 525 546 550 516 510 475 475 522 531 493 485 487 497 476 494 516 514 518 503 510 511 514 506 507 502 508 489 481 491 489 490 491 493 497 500 511 518 520 519 504 492 488 495 483 481 497 508 560 559 499 497 512 513 485 488 499 477 497 503 526 540 493 498 517 541 517 515 527 521 513 502 496 473 470 482 495 477 508 500 482 488 512 498 505 486 451 470 498 482 492 518 512 530 525 511 515 524 513 518 534 532 562 546 522 515 513 495 515 515 517 529 531 
vem trace:

stid: 341
spdistance: 770.293
radio trace:
538 532 545 552 532 545 552 579 570 569 539 509 493 521 545 588 584 582 613 558 583 534 529 508 508 529 568 568 601 601 583 579 559 579 564 523 520 518 497 528 532 536 521 530 512 512 552 540 577 572 556 577 548 532 523 520 533 522 537 567 554 575 561 528 534 517 546 578 578 523 537 581 540 531 520 561 542 554 568 571 559 566 565 541 549 489 498 496 526 588 582 592 614 647 571 527 557 582 562 547 581 566 534 541 571 562 514 506 503 505 515 538 575 596 595 571 574 534 540 556 553 512 497 524 543 521 545 558 554 549 564 580 551 570 539 548 563 590 571 520 529 555 606 610 570 540 555 559 529 506 535 526 521 549 546 553 533 508 491 482 510 533 542 578 593 575 532 507 541 556 530 525 552 568 594 569 571 573 569 555 539 558 585 590 591 551 573 555 528 505 501 511 557 528 531 569 530 512 553 587 545 566 539 532 526 562 600 612 595 572 584 542 526 522 531 528 532 498 528 557 479 503 537 553 538 505 539 568 548 557 544 542 546 524 540 526 515 518 531 530 546 546 551 523 522 538 553 582 598 600 554 542 499 538 573 566 540 569 516 532 524 493 511 510 538 556 548 594 581 544 552 552 538 536 523 528 534 516 531 527 527 525 528 575 551 530 541 582 530 521 531 530 521 543 558 540 496 467 532 529 571 573 580 540 501 483 492 533 532 535 523 565 528 558 571 561 521 481 503 488 491 495 524 555 553 542 524 524 549 559 574 568 563 553 550 546 573 601 586 585 577 564 553 538 530 547 578 567 542 585 596 572 553 543 543 539 589 592 582 606 626 569 520 556 576 573 584 571 552 537 540 532 548 531 558 579 594 604 587 589 564 532 558 574 580 559 581 562 522 537 556 545 503 537 498 518 542 568 557 558 582 580 585 567 530 530 526 521 555 549 579 540 523 529 497 479 493 485 520 498 505 530 555 539 527 537 532 535 547 524 536 556 562 501 538 550 569 547 522 546 549 552 558 541 532 559 567 537 555 605 600 570 556 556 564 565 542 526 536 522 538 497 527 533 535 556 560 556 537 522 547 567 560 569 551 520 516 504 506 540 559 540 542 585 570 559 548 537 518 522 558 529 502 516 553 540 561 580 589 583 548 560 541 543 548 558 556 571 566 542 559 548 545 520 511 512 556 573 564 595 571 528 542 576 576 570 577 571 573 581 583 540 512 539 536 531 560 553 558 566 557 544 527 545 533 525 506 529 536 553 542 525 498 534 526 515 568 546 533 549 564 550 561 582 567 518 543 522 547 572 536 507 520 530 523 562 577 549 520 559 549 599 572 546 538 565 589 590 597 566 548 576 562 535 562 561 550 552 553 572 573 536 505 500 510 507 502 544 545 555 520 537 582 616 589 588 575 577 560 578 568 563 568 593 566 557 537 516 510 531 544 535 533 538 568 573 548 523 525 559 573 611 571 577 541 540 528 544 472 501 504 536 522 547 538 550 568 579 579 571 553 526 508 503 520 523 508 525 548 524 501 544 575 535 518 541 566 576 542 531 523 508 498 511 521 529 565 542 532 532 516 548 529 541 557 547 561 503 526 535 587 590 528 550 549 552 528 540 532 522 509 551 513 513 544 521 553 545 564 566 577 539 534 517 540 563 564 540 524 524 549 538 555 569 505 523 580 571 566 558 506 508 538 517 481 546 541 526 516 511 483 518 498 524 530 523 489 487 524 529 570 550 544 579 575 543 562 541 
vem trace:

stid: 341
spdistance: 770.293
radio trace:
538 532 545 552 532 545 552 579 570 569 539 509 493 521 545 588 584 582 613 558 583 534 529 508 508 529 568 568 601 601 583 579 559 579 564 523 520 518 497 528 532 536 521 530 512 512 552 540 577 572 556 577 548 532 523 520 533 522 537 567 554 575 561 528 534 517 546 578 578 523 537 581 540 531 520 561 542 554 568 571 559 566 565 541 549 489 498 496 526 588 582 592 614 647 571 527 557 582 562 547 581 566 534 541 571 562 514 506 503 505 515 538 575 596 595 571 574 534 540 556 553 512 497 524 543 521 545 558 554 549 564 580 551 570 539 548 563 590 571 520 529 555 606 610 570 540 555 559 529 506 535 526 521 549 546 553 533 508 491 482 510 533 542 578 593 575 532 507 541 556 530 525 552 568 594 569 571 573 569 555 539 558 585 590 591 551 573 555 528 505 501 511 557 528 531 569 530 512 553 587 545 566 539 532 526 562 600 612 595 572 584 542 526 522 531 528 532 498 528 557 479 503 537 553 538 505 539 568 548 557 544 542 546 524 540 526 515 518 531 530 546 546 551 523 522 538 553 582 598 600 554 542 499 538 573 566 540 569 516 532 524 493 511 510 538 556 548 594 581 544 552 552 538 536 523 528 534 516 531 527 527 525 528 575 551 530 541 582 530 521 531 530 521 543 558 540 496 467 532 529 571 573 580 540 501 483 492 533 532 535 523 565 528 558 571 561 521 481 503 488 491 495 524 555 553 542 524 524 549 559 574 568 563 553 550 546 573 601 586 585 577 564 553 538 530 547 578 567 542 585 596 572 553 543 543 539 589 592 582 606 626 569 520 556 576 573 584 571 552 537 540 532 548 531 558 579 594 604 587 589 564 532 558 574 580 559 581 562 522 537 556 545 503 537 498 518 542 568 557 558 582 580 585 567 530 530 526 521 555 549 579 540 523 529 497 479 493 485 520 498 505 530 555 539 527 537 532 535 547 524 536 556 562 501 538 550 569 547 522 546 549 552 558 541 532 559 567 537 555 605 600 570 556 556 564 565 542 526 536 522 538 497 527 533 535 556 560 556 537 522 547 567 560 569 551 520 516 504 506 540 559 540 542 585 570 559 548 537 518 522 558 529 502 516 553 540 561 580 589 583 548 560 541 543 548 558 556 571 566 542 559 548 545 520 511 512 556 573 564 595 571 528 542 576 576 570 577 571 573 581 583 540 512 539 536 531 560 553 558 566 557 544 527 545 533 525 506 529 536 553 542 525 498 534 526 515 568 546 533 549 564 550 561 582 567 518 543 522 547 572 536 507 520 530 523 562 577 549 520 559 549 599 572 546 538 565 589 590 597 566 548 576 562 535 562 561 550 552 553 572 573 536 505 500 510 507 502 544 545 555 520 537 582 616 589 588 575 577 560 578 568 563 568 593 566 557 537 516 510 531 544 535 533 538 568 573 548 523 525 559 573 611 571 577 541 540 528 544 472 501 504 536 522 547 538 550 568 579 579 571 553 526 508 503 520 523 508 525 548 524 501 544 575 535 518 541 566 576 542 531 523 508 498 511 521 529 565 542 532 532 516 548 529 541 557 547 561 503 526 535 587 590 528 550 549 552 528 540 532 522 509 551 513 513 544 521 553 545 564 566 577 539 534 517 540 563 564 540 524 524 549 538 555 569 505 523 580 571 566 558 506 508 538 517 481 546 541 526 516 511 483 518 498 524 530 523 489 487 524 529 570 550 544 579 575 543 562 541 
vem trace:

stid: 343
spdistance: 911.409
radio trace:
484 488 484 471 474 502 486 503 486 450 465 482 473 496 489 477 477 477 476 468 477 452 467 486 497 480 499 497 470 490 507 508 515 498 487 475 464 494 469 496 500 482 457 461 501 488 473 476 471 495 491 481 486 471 469 478 469 454 447 446 462 459 481 485 518 489 475 493 491 482 488 478 465 487 466 467 475 453 464 476 462 477 488 461 470 500 512 489 467 420 457 472 453 438 434 450 468 480 458 482 498 468 474 496 478 479 469 470 480 483 488 474 473 477 474 492 463 471 468 451 472 488 514 493 477 477 487 463 465 463 462 462 452 457 470 498 516 488 485 484 480 499 482 497 497 451 475 481 457 446 459 479 518 484 458 473 508 483 484 459 476 453 481 485 473 501 509 490 488 503 502 503 495 485 489 483 502 484 483 498 487 491 475 478 490 466 455 469 474 475 467 474 467 445 464 491 458 476 485 477 472 495 492 507 510 481 479 484 501 489 473 498 499 440 464 453 462 462 484 496 515 495 496 479 471 468 471 499 496 478 484 467 486 478 494 510 472 503 500 498 500 474 482 514 479 449 432 457 463 468 502 502 496 486 490 473 486 482 468 455 459 459 480 502 484 469 485 469 462 472 511 525 500 473 469 463 461 486 474 454 462 472 467 493 493 460 486 482 487 471 462 457 472 467 454 472 463 465 491 474 460 468 467 487 477 486 490 439 446 433 444 459 442 446 468 486 469 453 486 470 469 464 473 461 458 458 469 460 471 470 484 475 499 495 481 489 470 478 470 474 471 462 459 465 479 446 435 435 467 481 490 502 474 479 460 484 468 438 424 439 447 413 406 440 460 491 504 496 491 481 485 488 483 502 509 491 463 445 439 444 456 475 479 465 464 484 492 471 458 486 491 493 472 483 450 441 450 456 468 465 456 466 458 472 514 480 471 484 495 474 462 435 459 490 508 500 502 483 481 463 478 504 512 488 466 484 491 439 465 470 465 446 464 435 444 459 477 476 477 464 476 478 462 459 480 460 448 464 465 493 450 466 464 448 466 475 479 499 484 494 462 457 470 477 484 501 471 493 462 467 469 460 491 495 494 500 493 492 479 494 494 506 507 492 472 486 497 488 491 481 464 460 464 482 486 475 481 483 471 467 479 509 473 466 458 456 481 457 486 489 454 439 435 470 453 453 485 487 488 482 489 479 479 487 463 470 470 414 458 490 460 484 472 478 491 473 476 482 483 484 466 451 462 487 466 463 496 492 498 495 503 506 485 474 439 453 466 474 471 432 464 485 452 469 494 492 478 464 464 462 484 472 493 494 505 503 480 451 451 467 471 475 493 474 482 454 482 500 487 507 487 481 501 464 459 469 465 449 456 479 465 453 474 475 459 466 478 469 450 449 462 490 490 476 480 475 480 486 505 511 497 479 499 512 477 459 473 488 469 455 460 475 443 459 458 484 502 501 467 490 470 447 482 501 488 481 488 460 452 462 468 491 490 464 468 496 507 499 493 508 474 466 462 453 459 468 460 420 469 495 484 464 488 478 422 452 479 490 510 507 463 432 426 433 458 451 472 448 447 475 480 465 464 454 473 473 470 468 499 496 486 484 484 473 461 485 507 524 484 476 450 451 498 491 504 488 479 472 481 511 493 486 507 502 489 487 484 453 460 478 475 482 489 496 506 516 494 485 481 481 479 469 493 488 465 450 457 443 422 427 454 467 500 489 454 452 461 460 496 503 477 457 492 493 492 456 445 433 
vem trace:

