SDId: 34508321
energy: 1.28434e+17
zenith: 0.418066
azimuth: 2.17796
GPSSeconc: 1125310111
stid: 332
spdistance: 727.521
radio trace:
477 520 529 518 513 520 515 526 533 524 514 510 552 542 513 536 524 525 577 550 542 553 538 544 555 550 529 506 504 506 506 499 518 500 533 515 490 492 482 518 541 530 510 540 541 557 544 541 517 498 488 496 501 464 487 506 514 506 506 513 540 504 475 498 534 515 516 497 484 538 545 557 538 559 534 524 527 524 538 561 512 506 522 536 512 504 538 506 519 535 551 565 544 503 493 510 515 549 555 527 507 525 525 537 552 536 503 516 526 520 520 546 570 552 559 544 517 518 513 479 496 523 530 525 562 551 526 576 590 560 582 571 519 531 511 477 529 530 535 568 561 542 519 537 532 533 514 511 511 512 538 528 538 546 522 523 538 546 522 520 549 534 536 511 540 551 553 534 558 542 514 499 540 519 498 525 550 557 556 558 559 554 555 541 512 495 485 515 521 521 569 553 514 491 479 482 496 545 562 557 543 519 541 551 548 557 549 565 549 513 508 511 556 561 556 571 560 558 551 526 504 526 535 537 535 553 560 538 534 546 538 533 515 528 539 552 555 555 521 522 518 533 551 539 517 535 479 503 508 523 548 540 576 536 532 529 504 535 562 553 541 568 509 516 524 506 502 499 536 530 523 517 501 484 508 488 522 534 543 555 571 531 487 510 507 482 507 543 526 492 499 534 556 534 547 566 538 507 499 484 505 543 570 558 497 473 497 519 549 536 509 552 582 555 532 550 557 556 556 544 543 528 503 494 515 548 533 507 494 499 539 571 558 504 485 456 486 522 562 555 568 568 531 515 518 495 476 506 516 545 517 514 491 500 520 522 528 505 493 494 526 536 550 528 544 514 505 515 514 536 564 532 512 535 546 527 507 484 477 481 478 537 494 511 557 566 534 519 526 537 551 547 528 535 514 504 483 510 493 508 540 500 501 509 543 538 487 532 522 546 533 547 516 499 504 538 467 489 496 512 492 502 512 527 574 556 584 544 512 519 522 553 542 574 540 543 530 527 557 546 514 519 476 473 490 488 539 534 547 532 522 502 472 494 479 492 515 444 466 478 493 524 519 536 546 487 482 462 497 531 549 563 572 536 547 542 556 571 582 548 529 559 555 526 540 514 477 507 483 510 515 513 505 495 500 498 520 546 554 538 526 491 533 564 547 567 563 537 567 533 541 532 560 546 508 497 497 510 514 516 521 512 495 522 528 541 486 492 544 569 551 539 497 490 507 502 512 543 564 559 569 538 520 537 549 528 523 547 547 557 519 518 538 519 516 548 536 522 542 548 568 538 531 524 558 562 536 534 555 545 566 552 539 549 531 547 530 574 574 541 524 557 542 570 566 539 533 577 565 574 535 532 537 515 535 526 509 528 501 495 504 511 513 544 546 516 508 497 480 496 542 543 558 545 556 521 588 578 571 577 526 544 528 540 540 526 517 534 569 527 560 534 535 505 534 531 549 537 529 548 556 547 546 567 540 553 527 496 516 534 559 521 506 512 523 528 540 549 535 573 552 513 539 542 517 491 509 526 492 495 483 524 484 504 485 536 524 530 568 531 537 515 485 523 539 524 537 562 536 515 486 504 502 500 523 539 571 560 537 544 512 513 520 558 547 549 565 557 554 548 521 511 521 542 523 518 518 531 555 530 541 524 573 604 584 569 545 550 530 546 537 518 529 541 548 579 555 556 542 516 514 545 521 512 519 540 518 532 544 535 569 589 568 549 528 492 513 539 578 574 527 509 524 564 529 540 557 530 
vem trace:

stid: 342
spdistance: 881.001
radio trace:
408 405 417 410 396 419 436 433 411 373 363 404 401 406 407 421 417 407 402 411 401 379 370 378 374 383 369 377 364 389 387 387 377 400 396 397 392 400 410 412 396 381 359 368 376 366 384 387 400 409 427 409 393 387 398 393 365 390 393 410 403 378 379 350 357 330 339 362 391 403 398 396 407 414 427 423 419 416 398 393 376 369 359 381 372 359 370 387 384 407 385 391 381 377 361 352 382 401 427 368 398 385 386 392 404 399 412 407 393 391 393 369 424 413 414 385 370 346 360 361 384 399 403 400 416 442 419 399 380 410 405 379 364 380 402 421 414 410 410 415 413 409 416 405 389 402 376 357 392 396 381 373 379 369 399 396 400 404 419 401 389 389 378 377 376 410 398 397 393 386 407 404 414 405 381 381 392 408 397 387 378 388 371 382 389 393 372 378 387 382 375 402 416 411 451 431 396 406 399 415 385 376 382 361 365 386 428 415 394 357 357 352 385 389 359 401 428 430 409 387 369 383 416 396 408 381 387 354 340 364 377 373 372 419 426 425 407 416 420 399 420 405 374 382 410 372 397 381 384 390 383 410 412 380 346 376 376 370 368 382 394 395 413 392 362 380 379 398 401 380 367 349 345 370 387 401 409 387 398 409 399 427 412 384 381 366 352 377 378 373 400 412 414 395 375 378 410 424 402 381 380 388 369 357 365 381 406 417 410 400 388 398 378 378 391 404 417 420 419 426 403 390 389 369 373 384 382 392 417 419 394 375 370 386 372 392 400 397 391 385 406 399 409 426 419 412 406 392 387 337 330 350 384 377 402 403 398 400 384 368 375 398 392 394 386 385 390 393 369 380 375 368 380 383 399 388 394 402 395 391 377 409 444 450 434 407 376 367 379 392 407 422 422 420 411 380 360 387 403 374 364 383 388 405 396 405 413 404 389 417 424 427 440 414 442 424 382 399 398 366 361 369 367 403 429 427 434 429 414 416 405 418 417 433 412 378 371 366 388 397 397 371 386 411 413 416 405 415 424 410 381 384 400 390 391 404 407 414 422 416 391 374 370 370 373 366 382 408 403 418 396 389 389 421 425 425 408 416 409 403 384 386 370 370 379 379 371 406 397 397 382 393 400 372 401 380 379 405 416 391 425 435 420 406 379 398 397 401 371 375 377 389 371 392 409 421 421 424 380 408 398 379 386 370 353 403 399 371 389 392 406 410 381 379 404 391 407 419 400 346 370 369 375 380 375 386 404 388 364 370 363 369 385 379 378 365 385 383 392 381 399 404 386 377 370 390 399 383 390 399 385 416 410 385 396 404 392 397 406 403 393 393 372 367 355 352 331 343 380 386 398 393 395 403 381 397 409 405 386 380 385 410 402 388 399 398 401 386 372 400 406 402 419 413 414 409 411 385 407 399 392 409 385 359 396 401 409 402 379 392 392 410 419 406 388 358 375 365 358 378 386 393 414 386 398 437 404 420 413 384 403 402 399 407 390 372 339 354 351 376 375 398 406 388 376 398 406 386 413 422 402 380 368 377 380 408 413 414 392 361 343 381 405 396 395 384 394 377 371 370 388 380 401 370 373 392 376 378 382 361 359 354 377 386 386 395 387 393 393 399 409 375 383 387 391 419 424 428 412 410 398 379 417 421 395 383 386 387 392 372 378 386 406 405 416 381 373 370 401 409 392 404 425 427 417 388 363 379 402 388 372 390 392 404 402 395 394 384 364 371 380 395 411 429 416 393 354 385 
vem trace:

stid: 341
spdistance: 894.113
radio trace:
452 433 474 491 503 495 482 478 453 484 522 549 507 506 504 483 502 506 526 506 511 481 522 531 510 506 544 534 514 471 451 459 468 489 517 521 476 476 500 503 505 502 482 513 472 472 478 450 404 447 439 480 453 476 504 493 496 486 486 495 473 442 462 464 485 468 491 485 494 491 498 515 502 484 466 480 443 452 469 496 491 477 482 517 524 500 513 518 501 516 536 502 462 497 505 467 464 503 521 512 514 491 479 477 509 508 509 517 518 507 474 479 492 489 461 474 491 464 485 459 451 497 505 486 515 492 505 511 516 496 500 509 504 503 473 477 482 500 530 505 496 475 495 552 525 535 509 481 475 463 470 468 494 504 492 471 514 512 502 476 469 501 504 490 489 460 453 453 446 488 522 513 487 521 514 535 547 536 508 495 470 476 491 512 514 530 551 550 528 479 473 498 528 534 508 466 449 473 469 458 445 466 511 506 471 490 470 443 454 431 444 437 461 458 455 479 495 486 477 497 517 515 513 516 539 569 529 516 510 499 484 477 518 530 494 469 473 515 491 493 502 430 391 433 467 467 468 494 496 500 500 464 453 439 445 468 503 504 524 505 486 470 473 468 467 508 492 481 470 501 489 495 495 491 488 512 539 517 491 445 455 484 479 480 465 488 497 472 472 479 485 494 511 498 499 499 500 543 515 468 480 496 487 470 451 423 428 471 460 496 484 488 485 474 477 489 500 519 493 505 491 509 511 478 489 526 516 499 490 478 446 455 450 456 449 446 484 491 527 517 471 472 492 532 506 451 438 456 431 463 464 479 462 482 480 479 495 488 492 519 518 515 486 492 474 478 486 513 491 486 478 481 484 529 500 508 514 517 505 476 468 444 460 477 478 473 471 530 547 530 550 575 542 546 515 497 482 476 477 471 493 495 488 506 512 512 488 510 507 485 487 499 479 481 478 474 477 478 481 470 485 502 489 524 509 471 474 429 458 494 549 582 543 537 516 491 465 502 540 486 473 514 529 505 517 520 514 502 511 518 503 455 455 493 518 512 501 521 490 435 496 551 530 530 506 486 493 464 492 504 440 471 476 466 437 460 481 493 476 475 475 447 420 424 474 489 505 512 486 464 477 479 499 489 456 445 444 472 480 499 467 489 478 492 498 520 519 513 480 495 511 481 459 456 431 442 475 503 541 505 508 490 486 478 439 446 494 513 515 519 517 481 498 491 492 494 464 476 522 527 514 469 476 490 491 490 479 490 471 476 469 464 438 433 485 503 470 464 458 460 455 444 438 449 493 486 512 512 526 505 509 502 471 493 503 481 488 461 449 481 489 490 501 466 451 450 461 468 462 455 460 446 460 502 466 452 467 494 517 489 499 493 465 457 462 474 511 532 557 541 504 523 494 483 523 528 506 476 483 529 525 502 506 529 532 520 517 456 475 454 441 472 469 459 477 487 470 453 463 502 487 487 504 480 452 466 468 477 494 491 450 482 499 520 510 536 526 496 477 496 471 449 454 438 415 479 513 523 522 498 452 436 441 499 489 493 497 472 431 441 444 473 491 506 465 508 494 503 517 506 499 497 501 459 481 499 500 522 472 505 533 536 534 507 481 463 496 484 510 495 478 447 474 528 502 501 452 442 449 470 494 472 470 425 462 446 491 467 477 486 449 481 484 468 482 482 478 478 466 450 467 510 548 526 507 507 484 475 485 461 509 501 475 467 506 491 485 477 480 459 482 564 526 507 508 515 532 505 
vem trace:

stid: 341
spdistance: 894.113
radio trace:
452 433 474 491 503 495 482 478 453 484 522 549 507 506 504 483 502 506 526 506 511 481 522 531 510 506 544 534 514 471 451 459 468 489 517 521 476 476 500 503 505 502 482 513 472 472 478 450 404 447 439 480 453 476 504 493 496 486 486 495 473 442 462 464 485 468 491 485 494 491 498 515 502 484 466 480 443 452 469 496 491 477 482 517 524 500 513 518 501 516 536 502 462 497 505 467 464 503 521 512 514 491 479 477 509 508 509 517 518 507 474 479 492 489 461 474 491 464 485 459 451 497 505 486 515 492 505 511 516 496 500 509 504 503 473 477 482 500 530 505 496 475 495 552 525 535 509 481 475 463 470 468 494 504 492 471 514 512 502 476 469 501 504 490 489 460 453 453 446 488 522 513 487 521 514 535 547 536 508 495 470 476 491 512 514 530 551 550 528 479 473 498 528 534 508 466 449 473 469 458 445 466 511 506 471 490 470 443 454 431 444 437 461 458 455 479 495 486 477 497 517 515 513 516 539 569 529 516 510 499 484 477 518 530 494 469 473 515 491 493 502 430 391 433 467 467 468 494 496 500 500 464 453 439 445 468 503 504 524 505 486 470 473 468 467 508 492 481 470 501 489 495 495 491 488 512 539 517 491 445 455 484 479 480 465 488 497 472 472 479 485 494 511 498 499 499 500 543 515 468 480 496 487 470 451 423 428 471 460 496 484 488 485 474 477 489 500 519 493 505 491 509 511 478 489 526 516 499 490 478 446 455 450 456 449 446 484 491 527 517 471 472 492 532 506 451 438 456 431 463 464 479 462 482 480 479 495 488 492 519 518 515 486 492 474 478 486 513 491 486 478 481 484 529 500 508 514 517 505 476 468 444 460 477 478 473 471 530 547 530 550 575 542 546 515 497 482 476 477 471 493 495 488 506 512 512 488 510 507 485 487 499 479 481 478 474 477 478 481 470 485 502 489 524 509 471 474 429 458 494 549 582 543 537 516 491 465 502 540 486 473 514 529 505 517 520 514 502 511 518 503 455 455 493 518 512 501 521 490 435 496 551 530 530 506 486 493 464 492 504 440 471 476 466 437 460 481 493 476 475 475 447 420 424 474 489 505 512 486 464 477 479 499 489 456 445 444 472 480 499 467 489 478 492 498 520 519 513 480 495 511 481 459 456 431 442 475 503 541 505 508 490 486 478 439 446 494 513 515 519 517 481 498 491 492 494 464 476 522 527 514 469 476 490 491 490 479 490 471 476 469 464 438 433 485 503 470 464 458 460 455 444 438 449 493 486 512 512 526 505 509 502 471 493 503 481 488 461 449 481 489 490 501 466 451 450 461 468 462 455 460 446 460 502 466 452 467 494 517 489 499 493 465 457 462 474 511 532 557 541 504 523 494 483 523 528 506 476 483 529 525 502 506 529 532 520 517 456 475 454 441 472 469 459 477 487 470 453 463 502 487 487 504 480 452 466 468 477 494 491 450 482 499 520 510 536 526 496 477 496 471 449 454 438 415 479 513 523 522 498 452 436 441 499 489 493 497 472 431 441 444 473 491 506 465 508 494 503 517 506 499 497 501 459 481 499 500 522 472 505 533 536 534 507 481 463 496 484 510 495 478 447 474 528 502 501 452 442 449 470 494 472 470 425 462 446 491 467 477 486 449 481 484 468 482 482 478 478 466 450 467 510 548 526 507 507 484 475 485 461 509 501 475 467 506 491 485 477 480 459 482 564 526 507 508 515 532 505 
vem trace:

