SDId: 34702174
energy: 3.56168e+18
zenith: 1.10416
azimuth: 6.2498
GPSSeconc: 1126502768
stid: 419
spdistance: 533.798
radio trace:
472 433 457 439 448 454 455 456 514 473 502 468 468 442 464 430 451 476 487 465 463 433 438 431 436 425 438 470 462 421 395 425 461 455 432 462 454 426 437 440 429 477 476 449 453 441 453 458 445 452 423 439 448 466 464 475 452 456 456 445 424 431 454 436 428 423 455 454 432 426 411 454 485 513 454 477 468 445 492 511 480 460 462 431 482 444 496 497 473 513 457 459 505 493 446 406 418 411 445 491 484 442 464 476 472 469 476 440 418 450 465 450 489 476 492 475 487 489 471 480 476 481 470 421 447 432 465 467 480 446 425 420 437 461 501 513 490 456 448 445 448 442 467 444 415 403 412 452 435 459 428 449 455 435 429 427 449 470 435 434 411 411 487 470 483 445 462 470 486 422 445 466 467 416 435 475 467 463 421 406 437 441 415 410 445 429 425 434 424 436 428 418 453 473 449 477 484 498 487 454 427 444 456 461 456 479 504 460 465 463 501 487 492 490 425 474 496 459 443 479 470 488 483 472 449 431 442 447 451 456 440 405 435 403 461 463 452 468 503 532 491 474 453 422 442 417 424 457 489 490 480 485 536 496 456 459 483 482 469 463 451 445 475 484 448 438 442 433 453 490 459 455 446 378 410 435 440 434 467 467 442 446 491 482 499 495 432 440 427 429 482 499 477 431 417 443 418 459 462 476 508 541 519 480 447 494 472 476 522 484 415 436 446 452 416 438 478 473 463 460 451 456 432 439 479 484 503 491 498 484 442 420 467 444 460 448 452 448 426 433 488 482 478 495 412 447 445 473 514 493 479 461 449 458 476 474 498 490 507 471 462 467 505 479 467 480 466 448 436 445 432 447 480 475 458 432 456 428 433 451 459 466 474 439 466 467 492 485 523 494 452 426 455 492 501 475 449 451 444 474 429 440 459 445 422 477 493 495 432 410 419 414 427 411 428 479 508 495 442 440 507 501 490 485 447 427 448 454 424 438 470 453 440 439 436 446 423 412 473 459 469 517 496 469 460 490 477 492 459 401 410 410 387 473 456 459 483 496 454 396 460 440 478 464 468 463 463 480 509 499 513 529 486 452 426 433 396 452 465 470 503 469 478 474 480 496 464 475 440 428 443 457 464 497 462 492 464 434 458 436 478 473 488 475 426 472 445 465 477 469 470 468 439 466 434 447 491 490 493 474 496 534 516 446 423 469 472 446 452 450 457 454 453 455 419 413 470 480 437 433 448 423 413 474 482 499 495 474 478 436 429 453 437 447 467 486 492 496 479 482 466 423 420 440 429 428 457 493 478 445 440 429 442 481 500 457 479 488 469 463 507 476 425 427 422 415 417 432 427 484 494 504 444 493 492 491 479 465 483 489 511 544 549 498 458 470 457 457 477 481 459 427 430 468 504 462 455 452 485 509 487 480 405 422 464 473 493 476 488 514 488 501 505 474 433 446 487 473 480 508 507 531 529 490 485 540 522 529 504 467 461 409 465 486 446 428 429 469 492 447 478 444 430 483 442 463 472 454 476 430 465 469 463 475 479 489 519 494 467 473 457 450 467 495 426 434 486 505 501 470 431 463 481 519 534 469 484 447 437 443 468 486 474 484 459 451 478 498 496 447 401 389 428 431 448 467 442 452 472 481 466 447 463 483 467 458 432 472 455 459 511 493 489 448 481 456 407 448 472 508 466 411 366 410 379 395 475 495 386 461 483 471 501 498 519 475 449 478 521 516 506 509 470 455 428 426 449 455 
vem trace:

stid: 343
spdistance: 919.805
radio trace:
475 473 458 462 462 421 426 419 437 454 460 433 416 426 445 459 446 438 428 440 469 457 450 463 423 404 436 433 444 454 469 467 449 449 450 433 460 446 451 439 440 459 420 433 419 430 399 417 419 461 453 455 439 451 450 469 466 455 438 441 438 455 427 429 434 431 446 427 429 436 419 434 436 449 422 424 429 469 430 431 467 483 498 475 479 485 472 478 489 475 448 434 425 423 427 406 424 435 466 463 450 488 455 465 455 448 456 425 412 425 454 451 453 450 453 469 470 468 461 474 440 462 441 456 484 457 455 438 443 422 424 437 429 453 462 438 445 447 453 438 474 473 450 426 475 470 451 427 451 456 464 463 465 477 449 470 478 481 441 442 450 462 456 431 479 506 501 478 451 449 438 420 431 440 431 444 453 444 419 456 442 430 429 440 464 437 410 428 435 467 481 454 473 458 469 470 472 453 477 462 427 447 445 462 476 461 453 435 403 422 445 438 456 475 448 479 455 482 459 469 477 474 460 463 446 449 479 452 462 445 456 465 466 433 471 482 418 383 389 418 427 413 427 441 456 423 408 449 476 467 440 453 469 485 465 454 489 493 480 474 452 463 463 440 410 429 431 446 435 423 434 423 435 425 444 470 464 469 464 458 449 429 456 431 434 411 433 447 398 407 421 454 436 443 459 480 492 480 453 452 457 447 432 418 425 442 448 431 432 426 414 462 466 479 475 446 470 464 463 438 417 454 506 480 480 456 450 459 459 463 430 465 451 438 439 446 428 421 433 437 426 427 443 450 424 423 426 459 448 465 456 458 479 441 407 447 458 437 413 458 432 468 471 464 458 441 447 429 398 414 443 425 451 439 431 450 440 462 431 441 445 436 449 451 456 434 445 449 426 440 466 467 445 446 443 458 433 440 455 455 433 458 470 459 465 446 419 412 411 445 457 448 441 432 418 456 463 451 469 475 455 460 426 424 466 475 443 454 427 448 430 443 452 433 450 438 448 460 462 446 430 453 463 449 472 449 439 473 453 465 447 472 463 426 435 485 460 447 451 452 447 420 448 433 461 434 454 450 484 490 477 466 464 495 444 436 455 481 458 436 427 427 431 464 448 477 495 468 432 444 453 431 444 410 416 448 485 477 467 467 484 449 406 407 431 465 472 444 439 466 471 472 451 466 444 418 414 448 462 478 458 446 440 446 428 432 425 460 451 460 472 472 468 428 413 410 411 406 431 400 440 456 432 428 448 462 456 463 484 470 461 455 470 465 447 478 443 411 428 415 418 443 442 465 462 457 463 473 446 447 423 462 471 469 450 439 449 426 440 477 456 439 426 432 447 475 486 461 486 460 450 431 452 472 487 498 491 474 468 455 449 430 437 456 450 455 433 437 450 437 447 457 423 454 474 432 444 460 487 487 468 447 463 428 431 442 482 459 440 439 443 436 446 473 493 492 475 449 422 407 437 429 412 449 450 448 442 433 408 417 423 429 439 446 471 479 507 483 459 464 451 416 440 445 454 460 476 489 472 469 479 488 468 446 453 453 472 466 459 460 433 434 417 438 434 465 472 461 434 450 419 437 466 439 418 408 400 451 445 452 417 422 441 471 464 460 447 452 446 443 432 457 461 445 481 451 433 407 433 478 491 468 442 466 444 428 402 415 412 451 456 441 426 420 428 452 466 481 465 460 442 464 472 457 443 475 472 454 430 421 424 440 444 450 469 476 447 467 498 458 438 456 454 477 454 441 440 429 
vem trace:

