SDId: 34552159
energy: 1.81495e+18
zenith: 0.547041
azimuth: 3.71822
GPSSeconc: 1125570249
stid: 332
spdistance: 288.375
radio trace:
522 532 509 503 487 536 545 524 545 563 529 517 524 541 510 522 499 513 499 498 498 483 497 493 509 499 518 491 521 509 517 508 523 533 504 514 548 532 519 505 503 485 466 488 494 502 533 540 518 508 498 537 522 547 531 522 529 546 544 554 544 528 523 504 500 480 519 521 519 524 523 525 556 542 492 510 528 516 497 515 522 513 561 555 561 529 525 529 549 549 554 538 543 547 565 533 560 564 536 515 522 504 535 550 549 518 504 502 493 471 493 535 587 573 555 512 468 521 560 520 497 477 529 537 544 539 554 554 543 540 542 539 531 541 558 548 551 519 494 517 571 539 535 539 531 498 521 554 530 553 505 515 498 505 520 515 531 513 492 492 467 501 540 525 542 504 479 477 518 561 541 525 558 562 555 519 511 506 503 489 494 546 542 559 559 538 523 535 549 521 501 520 508 510 518 554 559 542 547 551 546 540 537 538 521 508 512 535 545 541 533 493 539 545 554 548 517 521 507 516 529 518 511 510 547 540 508 498 478 514 519 516 537 519 495 509 499 501 554 561 543 516 551 551 550 530 525 545 555 559 543 521 530 529 519 513 532 527 489 476 488 484 513 536 538 548 523 505 535 530 556 547 529 560 545 483 471 522 528 526 529 511 507 502 506 522 510 520 553 548 553 585 537 543 540 552 558 550 527 531 540 542 547 566 514 524 526 550 540 521 514 479 503 486 470 524 544 527 538 568 553 537 514 528 544 540 560 576 554 512 533 527 509 514 505 493 525 530 540 567 587 551 573 548 499 478 506 555 546 505 520 504 504 513 527 511 526 484 529 509 483 508 521 534 538 498 518 578 552 532 512 526 556 587 544 536 524 534 496 498 519 555 581 533 550 550 553 527 528 514 518 494 487 486 519 499 501 500 490 511 513 557 549 513 563 565 535 535 513 526 532 538 538 537 512 552 569 535 525 519 561 534 515 505 490 529 533 538 523 523 513 513 523 510 505 513 486 515 507 516 510 516 482 511 526 536 546 540 527 557 551 505 522 536 516 524 534 539 567 545 506 505 543 585 566 521 524 537 515 530 539 516 503 532 548 524 510 510 532 534 526 526 531 517 494 489 530 560 521 501 523 535 543 533 536 531 538 522 528 521 557 548 567 558 536 542 512 502 521 515 563 580 570 557 532 545 522 503 550 557 553 526 562 548 542 521 515 527 545 508 530 537 557 554 556 532 545 526 537 532 524 516 522 512 543 574 565 564 551 558 527 516 512 533 526 492 508 516 523 533 522 526 493 511 518 509 544 510 491 547 528 533 503 530 527 544 529 504 503 522 531 529 479 498 486 498 490 512 555 574 570 572 542 548 526 509 517 533 513 509 507 489 474 508 556 556 521 508 507 516 550 550 513 462 469 486 504 540 543 540 525 505 518 517 498 516 543 542 517 544 551 565 547 502 490 531 546 536 515 514 484 487 519 503 487 498 490 502 518 526 539 523 531 530 521 506 539 515 495 492 499 469 492 509 527 493 517 533 542 572 553 542 538 528 543 553 537 553 535 540 558 570 548 538 498 486 477 483 491 486 487 501 522 540 535 549 525 518 540 560 544 532 543 526 554 540 526 492 487 474 495 530 546 547 536 504 495 515 527 535 547 539 514 506 543 532 500 493 488 534 542 555 534 551 529 548 559 557 568 560 504 521 547 541 509 503 517 536 512 482 467 498 519 513 504 537 535 538 554 562 574 533 531 560 575 527 555 587 
vem trace:

stid: 333
spdistance: 1599.72
radio trace:
426 392 369 398 430 397 392 406 386 405 394 381 395 398 443 448 411 400 428 421 445 430 409 421 425 431 449 449 427 440 448 426 441 445 439 413 401 389 415 410 428 449 424 426 402 431 476 471 434 425 443 420 454 482 467 448 453 429 430 428 414 405 386 417 441 422 422 466 458 444 453 487 493 462 465 493 506 466 457 429 430 449 456 467 430 430 440 475 465 428 435 430 446 429 430 419 432 436 422 427 420 435 437 441 436 450 443 398 367 387 398 377 397 425 439 451 412 426 445 463 445 440 409 417 403 426 440 434 423 431 439 449 429 439 398 431 428 430 391 394 395 396 421 424 417 446 432 423 383 384 399 397 422 424 425 430 424 412 422 416 383 421 456 437 419 404 402 397 401 395 392 433 406 412 421 416 435 414 405 395 434 437 457 445 443 450 424 444 450 456 435 442 404 438 412 415 399 412 431 422 425 436 459 461 474 471 415 428 429 424 415 426 429 453 465 453 446 463 430 428 429 450 440 415 394 421 455 442 434 445 439 462 461 422 417 458 436 418 399 425 396 388 391 394 420 455 472 460 430 458 425 410 435 447 438 421 451 460 424 428 399 409 410 411 401 409 404 403 450 466 455 429 437 448 445 475 456 424 391 393 399 417 409 406 422 418 409 431 427 413 424 422 405 419 442 453 457 477 410 446 425 395 403 418 424 439 460 447 455 452 388 368 382 405 424 416 407 431 428 440 378 410 436 424 440 384 408 408 405 395 422 432 428 419 410 407 450 441 426 429 429 414 431 446 407 388 406 432 429 418 365 377 399 383 392 413 418 421 389 392 397 399 423 446 440 386 399 414 417 392 403 419 433 430 402 406 398 419 437 439 437 437 426 427 430 395 411 391 377 387 359 389 432 476 452 442 407 453 415 390 422 445 456 434 399 411 431 444 449 444 420 394 418 440 416 407 438 422 448 429 418 423 376 380 411 380 435 437 413 431 418 407 409 388 385 416 436 443 426 409 383 377 405 448 431 422 451 460 454 456 445 437 431 404 414 440 447 439 442 447 407 402 432 405 395 455 480 444 438 463 459 408 415 419 438 412 407 444 452 436 455 454 465 444 419 406 407 374 425 448 434 412 386 392 423 454 469 477 482 444 456 460 461 448 431 423 420 379 387 425 454 469 445 448 440 427 433 434 429 425 420 427 456 483 484 472 471 435 452 422 416 450 430 446 469 431 401 388 407 400 372 412 403 417 413 422 404 377 413 445 432 427 411 428 453 442 466 447 416 421 422 420 392 431 453 495 433 400 420 450 409 422 434 462 466 445 423 438 431 413 388 394 394 389 425 419 414 405 427 412 390 407 390 407 428 405 396 411 421 453 455 467 448 427 466 454 432 394 422 422 421 439 419 429 424 395 401 410 426 421 392 385 409 407 419 411 421 419 427 421 431 389 388 378 399 411 430 421 393 418 409 387 417 419 447 464 454 456 464 455 452 444 466 432 427 407 404 395 401 439 436 459 463 457 432 422 466 465 432 416 443 450 444 455 425 451 416 419 439 441 436 441 469 439 374 376 408 438 466 422 428 438 426 395 400 429 430 440 464 443 444 428 421 407 414 416 434 438 434 440 426 396 372 428 416 437 429 420 408 432 444 430 443 437 416 408 415 418 401 390 399 426 393 401 430 429 423 402 415 418 405 390 430 414 430 443 453 466 410 389 404 407 430 424 396 400 429 461 468 472 441 437 417 403 430 383 403 417 
vem trace:

stid: 342
spdistance: 1575.82
radio trace:
402 404 417 428 404 386 387 407 393 398 434 411 399 426 422 407 414 413 382 369 391 410 427 417 426 424 394 389 394 414 427 419 420 396 411 407 421 420 411 417 419 469 465 437 409 382 401 416 428 413 422 437 417 413 418 404 428 449 461 439 405 426 427 394 396 374 361 391 411 399 398 408 412 419 437 424 413 390 394 396 381 371 367 365 402 412 404 391 374 392 395 413 408 383 393 435 430 426 413 407 408 420 407 378 361 357 396 407 403 389 390 386 420 396 392 360 424 412 400 407 407 436 464 413 410 412 426 411 448 431 440 416 419 409 425 449 432 383 408 413 422 436 461 450 424 440 411 425 413 391 403 417 412 417 413 404 407 390 386 424 432 414 420 411 416 385 385 402 411 399 416 435 428 429 391 381 407 390 418 403 408 419 405 397 419 404 410 429 421 416 417 448 435 438 441 433 416 399 402 413 448 466 451 431 409 373 358 400 400 407 408 422 415 405 384 407 420 416 382 411 424 386 368 394 395 399 418 398 399 396 409 400 408 423 429 398 412 397 419 417 411 390 398 392 379 378 405 398 424 390 398 384 389 434 450 433 416 394 400 409 413 429 420 435 430 445 417 421 427 421 378 382 403 412 406 403 414 395 387 372 380 371 378 387 405 392 384 418 403 375 385 411 384 378 406 390 362 376 364 373 386 408 413 414 422 408 398 399 421 416 423 428 403 381 400 414 418 415 423 407 404 384 386 389 397 406 415 430 447 429 432 430 383 383 385 377 380 399 400 437 429 396 414 413 394 408 416 403 403 404 437 418 403 407 385 393 401 415 391 395 403 396 388 415 398 394 391 422 421 407 420 398 402 394 451 452 423 416 400 398 400 388 383 374 399 410 424 434 442 442 439 425 422 413 400 403 373 360 390 396 389 411 411 408 416 388 408 425 408 386 373 392 408 420 412 425 417 413 432 421 403 415 375 372 357 366 375 413 412 433 453 437 440 402 377 374 376 384 410 420 416 429 446 434 437 434 423 428 409 403 416 432 434 402 397 420 409 381 370 375 397 435 439 426 416 422 426 440 431 402 393 422 428 430 428 409 419 435 406 422 413 417 406 418 402 411 407 393 386 405 422 413 426 435 418 413 390 362 381 404 429 472 433 405 396 356 384 411 417 397 402 380 390 411 410 425 433 403 380 388 373 388 370 383 382 408 406 390 405 383 389 378 392 404 427 437 428 382 366 375 374 392 411 370 405 441 422 411 400 411 394 399 434 409 403 416 403 417 395 381 394 384 411 408 396 410 418 428 414 398 409 418 437 436 435 403 398 417 427 430 426 422 399 393 422 430 433 422 397 431 457 460 422 442 425 428 403 400 420 436 413 381 397 413 405 418 400 405 410 417 411 425 443 438 420 384 381 395 410 429 443 398 393 357 369 402 437 427 422 411 410 428 422 415 420 428 412 412 417 427 422 441 430 411 383 398 392 395 412 415 400 401 405 386 380 411 434 404 386 393 411 414 428 433 444 446 439 437 405 413 409 421 419 394 404 402 408 400 416 423 442 421 416 399 388 394 387 409 403 419 439 419 395 411 430 397 388 400 388 372 420 427 403 388 415 414 425 421 404 405 416 425 432 454 424 408 399 389 399 402 396 381 383 387 398 412 414 431 438 460 447 438 418 414 377 393 390 384 408 404 400 408 409 419 421 428 436 424 457 410 397 402 401 378 377 410 424 452 463 439 378 418 400 403 403 413 417 418 
vem trace:

