SDId: 34698067
energy: 6.94224e+17
zenith: 0.617059
azimuth: 3.20543
GPSSeconc: 1126487485
stid: 341
spdistance: 3607.48
radio trace:
515 521 475 490 497 472 478 483 514 508 480 469 462 461 455 478 528 554 541 524 523 510 508 489 489 509 475 467 493 541 553 530 522 488 486 511 510 533 541 538 528 527 527 531 527 470 461 459 472 461 490 466 450 467 470 476 470 480 516 538 530 533 530 535 537 522 504 476 471 451 491 509 520 501 520 483 521 530 525 539 537 510 516 511 525 514 550 531 549 506 497 514 498 490 475 477 460 467 488 472 521 550 551 497 505 544 559 547 526 501 519 474 469 492 500 502 520 507 475 491 516 475 485 500 473 504 503 488 520 486 489 466 512 524 530 489 500 453 451 469 479 459 472 517 510 507 530 522 513 532 513 475 493 494 457 463 506 493 484 494 476 467 449 440 467 472 468 459 465 493 509 536 509 478 510 542 524 478 476 465 446 463 450 483 510 494 471 467 484 490 473 506 501 479 486 504 516 537 513 503 483 508 509 494 518 488 477 513 542 536 519 508 522 540 508 495 518 482 472 475 485 478 485 516 514 509 513 480 515 574 542 569 567 515 493 486 522 494 501 506 516 477 490 499 490 485 484 496 507 515 536 515 488 529 491 499 505 513 479 457 455 458 466 534 573 559 526 498 519 515 543 580 541 544 512 493 503 468 476 495 494 522 464 461 481 487 504 480 473 506 489 490 444 461 464 460 445 447 487 549 509 486 494 476 463 503 521 524 503 477 489 499 492 479 510 514 515 481 489 499 490 473 474 482 534 517 503 533 545 552 540 537 518 513 512 508 483 505 512 487 545 525 507 488 458 454 475 490 537 510 492 476 473 515 506 480 480 486 532 514 500 482 471 487 495 457 476 461 468 520 500 493 475 506 519 562 544 529 462 498 539 520 509 513 502 500 502 499 510 526 506 502 495 478 493 515 529 523 508 545 533 568 551 524 518 487 468 461 500 535 514 485 513 541 479 487 502 484 508 506 453 510 518 516 534 539 504 481 475 488 457 450 480 508 463 457 481 451 445 490 498 540 549 525 536 520 520 516 526 500 497 533 499 504 515 551 493 466 426 426 474 472 500 485 484 492 488 509 489 486 501 523 493 447 454 478 506 487 526 528 511 471 489 462 455 434 475 495 495 504 484 441 486 524 512 513 499 495 531 506 513 525 524 511 479 454 463 503 505 523 539 489 470 488 507 504 503 492 485 520 499 533 531 505 495 531 537 512 528 526 506 449 419 424 501 539 518 506 481 515 503 517 536 537 514 515 497 493 508 496 518 510 476 465 474 484 542 533 512 514 490 485 505 518 481 481 491 485 477 510 531 536 524 513 537 561 572 502 488 489 534 519 497 468 522 526 516 528 499 506 473 484 498 496 509 519 502 474 466 474 431 468 489 482 473 474 454 476 520 542 526 518 492 484 474 488 475 504 507 516 462 466 460 495 483 485 474 481 469 489 479 507 516 484 476 489 467 494 474 513 549 529 553 541 504 479 488 510 494 493 519 528 510 528 545 531 549 530 493 494 488 503 514 545 541 502 462 492 485 471 485 483 492 496 511 466 488 511 485 480 483 528 544 540 474 470 523 503 501 497 491 484 457 494 497 525 549 476 486 530 549 509 480 517 508 485 476 486 496 499 497 478 482 507 507 502 508 498 484 502 547 579 565 528 504 470 464 479 510 519 521 513 481 450 452 482 484 494 475 475 500 535 523 524 466 476 485 467 459 467 453 507 522 511 503 511 514 526 506 473 516 512 515 525 528 528 511 566 
vem trace:

stid: 341
spdistance: 3607.48
radio trace:
515 521 475 490 497 472 478 483 514 508 480 469 462 461 455 478 528 554 541 524 523 510 508 489 489 509 475 467 493 541 553 530 522 488 486 511 510 533 541 538 528 527 527 531 527 470 461 459 472 461 490 466 450 467 470 476 470 480 516 538 530 533 530 535 537 522 504 476 471 451 491 509 520 501 520 483 521 530 525 539 537 510 516 511 525 514 550 531 549 506 497 514 498 490 475 477 460 467 488 472 521 550 551 497 505 544 559 547 526 501 519 474 469 492 500 502 520 507 475 491 516 475 485 500 473 504 503 488 520 486 489 466 512 524 530 489 500 453 451 469 479 459 472 517 510 507 530 522 513 532 513 475 493 494 457 463 506 493 484 494 476 467 449 440 467 472 468 459 465 493 509 536 509 478 510 542 524 478 476 465 446 463 450 483 510 494 471 467 484 490 473 506 501 479 486 504 516 537 513 503 483 508 509 494 518 488 477 513 542 536 519 508 522 540 508 495 518 482 472 475 485 478 485 516 514 509 513 480 515 574 542 569 567 515 493 486 522 494 501 506 516 477 490 499 490 485 484 496 507 515 536 515 488 529 491 499 505 513 479 457 455 458 466 534 573 559 526 498 519 515 543 580 541 544 512 493 503 468 476 495 494 522 464 461 481 487 504 480 473 506 489 490 444 461 464 460 445 447 487 549 509 486 494 476 463 503 521 524 503 477 489 499 492 479 510 514 515 481 489 499 490 473 474 482 534 517 503 533 545 552 540 537 518 513 512 508 483 505 512 487 545 525 507 488 458 454 475 490 537 510 492 476 473 515 506 480 480 486 532 514 500 482 471 487 495 457 476 461 468 520 500 493 475 506 519 562 544 529 462 498 539 520 509 513 502 500 502 499 510 526 506 502 495 478 493 515 529 523 508 545 533 568 551 524 518 487 468 461 500 535 514 485 513 541 479 487 502 484 508 506 453 510 518 516 534 539 504 481 475 488 457 450 480 508 463 457 481 451 445 490 498 540 549 525 536 520 520 516 526 500 497 533 499 504 515 551 493 466 426 426 474 472 500 485 484 492 488 509 489 486 501 523 493 447 454 478 506 487 526 528 511 471 489 462 455 434 475 495 495 504 484 441 486 524 512 513 499 495 531 506 513 525 524 511 479 454 463 503 505 523 539 489 470 488 507 504 503 492 485 520 499 533 531 505 495 531 537 512 528 526 506 449 419 424 501 539 518 506 481 515 503 517 536 537 514 515 497 493 508 496 518 510 476 465 474 484 542 533 512 514 490 485 505 518 481 481 491 485 477 510 531 536 524 513 537 561 572 502 488 489 534 519 497 468 522 526 516 528 499 506 473 484 498 496 509 519 502 474 466 474 431 468 489 482 473 474 454 476 520 542 526 518 492 484 474 488 475 504 507 516 462 466 460 495 483 485 474 481 469 489 479 507 516 484 476 489 467 494 474 513 549 529 553 541 504 479 488 510 494 493 519 528 510 528 545 531 549 530 493 494 488 503 514 545 541 502 462 492 485 471 485 483 492 496 511 466 488 511 485 480 483 528 544 540 474 470 523 503 501 497 491 484 457 494 497 525 549 476 486 530 549 509 480 517 508 485 476 486 496 499 497 478 482 507 507 502 508 498 484 502 547 579 565 528 504 470 464 479 510 519 521 513 481 450 452 482 484 494 475 475 500 535 523 524 466 476 485 467 459 467 453 507 522 511 503 511 514 526 506 473 516 512 515 525 528 528 511 566 
vem trace:

