SDId: 34542717
energy: 1.00817e+18
zenith: 0.431026
azimuth: 4.60392
GPSSeconc: 1125507279
stid: 341
spdistance: 683.442
radio trace:
496 524 533 504 516 534 577 564 559 545 549 570 527 475 470 497 558 530 553 571 528 523 529 537 551 569 545 538 536 542 568 547 500 532 556 568 528 560 564 551 541 498 507 514 562 524 559 579 591 584 574 592 569 516 497 536 521 499 522 563 604 591 566 580 609 575 517 521 554 551 535 544 558 551 566 588 590 567 555 535 554 557 538 534 587 537 541 558 551 562 559 547 561 503 529 540 530 536 527 529 547 543 541 526 539 552 591 568 545 551 543 533 520 527 544 520 486 554 589 572 559 539 494 495 488 501 509 500 508 563 557 496 521 547 542 532 584 563 540 538 509 536 524 531 537 526 553 553 581 592 586 523 509 558 570 584 585 570 571 537 522 533 540 553 514 560 569 600 589 545 541 554 566 576 541 563 577 598 600 550 571 580 550 541 530 539 544 541 512 504 497 516 509 519 530 501 533 543 583 565 577 589 551 550 517 537 532 500 483 521 536 540 557 579 543 522 569 551 553 544 523 548 554 558 513 517 521 510 499 566 561 563 583 554 495 523 570 568 547 524 560 518 518 506 536 538 542 574 570 546 552 571 542 485 480 530 522 512 495 508 549 589 592 572 544 554 506 517 503 500 507 505 519 535 513 529 559 560 552 537 499 485 482 498 508 550 538 525 549 570 579 617 611 575 569 560 554 545 497 522 565 521 517 572 536 528 508 516 526 520 524 542 558 578 604 595 569 567 582 582 535 573 594 560 558 550 544 511 530 551 559 538 521 516 534 551 594 580 594 613 616 571 547 502 482 528 545 524 495 487 507 511 509 489 500 516 498 512 527 521 532 537 524 526 549 531 503 536 514 525 586 587 564 563 531 577 559 552 527 506 547 562 560 597 547 504 520 539 597 600 552 514 519 597 595 587 588 534 497 508 495 545 537 527 543 554 518 515 525 525 503 505 530 519 527 516 512 537 512 502 520 562 572 573 600 566 562 520 522 537 539 526 550 526 547 547 514 499 510 526 522 503 486 516 517 477 492 509 516 531 525 526 518 504 494 529 515 536 537 545 540 560 550 547 532 542 573 581 609 577 567 577 594 568 552 548 558 582 556 541 572 588 578 563 573 566 583 570 551 533 518 543 558 547 575 590 564 554 544 523 546 536 543 522 511 530 539 564 550 558 559 560 553 560 548 515 519 551 554 520 517 535 601 556 531 592 554 538 543 576 569 573 588 525 542 502 509 523 552 593 600 600 605 566 576 521 538 556 590 563 533 555 549 579 537 528 521 537 534 500 494 527 536 538 502 530 553 543 516 489 488 527 541 544 569 595 594 550 545 516 533 558 478 482 534 556 556 559 571 590 567 530 516 500 535 548 560 559 609 580 524 515 501 570 551 533 547 528 495 518 558 539 556 540 552 551 552 547 557 545 532 533 536 558 557 534 523 481 503 496 481 551 526 558 557 540 541 533 527 541 600 577 525 523 512 488 535 529 543 525 496 538 530 541 564 613 585 549 527 527 547 537 519 547 577 573 520 535 574 572 532 510 534 568 584 575 541 548 570 560 527 542 535 552 541 548 563 569 566 532 523 526 532 543 549 577 560 558 512 547 564 537 559 556 534 536 546 563 586 571 548 538 505 528 520 511 537 589 560 549 544 520 494 520 560 566 534 503 469 499 485 476 521 518 512 500 529 564 523 530 519 537 517 524 560 557 533 552 544 549 571 543 533 528 525 511 501 526 548 565 575 570 510 539 558 512 507 568 
vem trace:

stid: 341
spdistance: 683.442
radio trace:
496 524 533 504 516 534 577 564 559 545 549 570 527 475 470 497 558 530 553 571 528 523 529 537 551 569 545 538 536 542 568 547 500 532 556 568 528 560 564 551 541 498 507 514 562 524 559 579 591 584 574 592 569 516 497 536 521 499 522 563 604 591 566 580 609 575 517 521 554 551 535 544 558 551 566 588 590 567 555 535 554 557 538 534 587 537 541 558 551 562 559 547 561 503 529 540 530 536 527 529 547 543 541 526 539 552 591 568 545 551 543 533 520 527 544 520 486 554 589 572 559 539 494 495 488 501 509 500 508 563 557 496 521 547 542 532 584 563 540 538 509 536 524 531 537 526 553 553 581 592 586 523 509 558 570 584 585 570 571 537 522 533 540 553 514 560 569 600 589 545 541 554 566 576 541 563 577 598 600 550 571 580 550 541 530 539 544 541 512 504 497 516 509 519 530 501 533 543 583 565 577 589 551 550 517 537 532 500 483 521 536 540 557 579 543 522 569 551 553 544 523 548 554 558 513 517 521 510 499 566 561 563 583 554 495 523 570 568 547 524 560 518 518 506 536 538 542 574 570 546 552 571 542 485 480 530 522 512 495 508 549 589 592 572 544 554 506 517 503 500 507 505 519 535 513 529 559 560 552 537 499 485 482 498 508 550 538 525 549 570 579 617 611 575 569 560 554 545 497 522 565 521 517 572 536 528 508 516 526 520 524 542 558 578 604 595 569 567 582 582 535 573 594 560 558 550 544 511 530 551 559 538 521 516 534 551 594 580 594 613 616 571 547 502 482 528 545 524 495 487 507 511 509 489 500 516 498 512 527 521 532 537 524 526 549 531 503 536 514 525 586 587 564 563 531 577 559 552 527 506 547 562 560 597 547 504 520 539 597 600 552 514 519 597 595 587 588 534 497 508 495 545 537 527 543 554 518 515 525 525 503 505 530 519 527 516 512 537 512 502 520 562 572 573 600 566 562 520 522 537 539 526 550 526 547 547 514 499 510 526 522 503 486 516 517 477 492 509 516 531 525 526 518 504 494 529 515 536 537 545 540 560 550 547 532 542 573 581 609 577 567 577 594 568 552 548 558 582 556 541 572 588 578 563 573 566 583 570 551 533 518 543 558 547 575 590 564 554 544 523 546 536 543 522 511 530 539 564 550 558 559 560 553 560 548 515 519 551 554 520 517 535 601 556 531 592 554 538 543 576 569 573 588 525 542 502 509 523 552 593 600 600 605 566 576 521 538 556 590 563 533 555 549 579 537 528 521 537 534 500 494 527 536 538 502 530 553 543 516 489 488 527 541 544 569 595 594 550 545 516 533 558 478 482 534 556 556 559 571 590 567 530 516 500 535 548 560 559 609 580 524 515 501 570 551 533 547 528 495 518 558 539 556 540 552 551 552 547 557 545 532 533 536 558 557 534 523 481 503 496 481 551 526 558 557 540 541 533 527 541 600 577 525 523 512 488 535 529 543 525 496 538 530 541 564 613 585 549 527 527 547 537 519 547 577 573 520 535 574 572 532 510 534 568 584 575 541 548 570 560 527 542 535 552 541 548 563 569 566 532 523 526 532 543 549 577 560 558 512 547 564 537 559 556 534 536 546 563 586 571 548 538 505 528 520 511 537 589 560 549 544 520 494 520 560 566 534 503 469 499 485 476 521 518 512 500 529 564 523 530 519 537 517 524 560 557 533 552 544 549 571 543 533 528 525 511 501 526 548 565 575 570 510 539 558 512 507 568 
vem trace:

stid: 343
spdistance: 725.002
radio trace:
509 494 462 471 492 483 477 452 487 486 440 439 422 448 466 457 461 453 447 466 489 461 459 459 478 448 411 446 456 469 444 420 432 457 471 453 474 467 487 499 481 478 458 470 472 485 427 446 431 450 464 462 456 424 457 475 433 457 449 450 450 449 451 421 452 493 482 437 440 444 458 485 480 453 478 469 479 473 490 482 477 438 425 439 481 467 451 469 444 454 471 443 443 437 447 462 459 462 481 477 494 498 487 468 456 479 498 492 503 489 460 466 483 512 495 463 470 424 454 458 465 450 453 457 458 476 482 443 443 458 422 417 417 432 442 478 489 478 465 460 473 475 481 474 486 502 489 466 454 486 428 413 439 454 440 471 450 454 430 427 437 460 441 469 480 451 478 468 495 470 470 454 441 455 439 487 484 480 463 469 471 456 520 501 477 473 447 419 423 457 486 468 478 463 467 472 480 479 474 480 492 507 491 471 460 486 472 457 451 436 468 452 478 504 499 478 472 479 479 485 498 476 465 473 474 474 454 451 451 459 470 489 463 462 466 463 458 450 474 467 449 452 463 451 451 455 452 483 500 521 479 469 465 474 480 469 456 424 436 462 473 486 481 465 451 444 466 486 459 466 479 484 465 461 466 462 448 450 467 478 454 459 479 439 410 431 425 451 462 466 433 436 440 431 422 437 460 454 456 488 490 490 490 485 500 448 442 451 452 460 464 466 465 475 461 466 467 453 420 427 453 470 464 480 468 472 467 456 454 451 498 498 474 440 471 507 503 483 443 450 445 478 453 455 439 425 445 472 472 461 457 437 429 441 454 475 504 482 483 464 461 421 437 436 443 435 414 431 443 458 442 447 470 471 490 477 504 483 495 492 488 462 449 434 444 416 425 450 451 445 434 418 448 456 442 449 464 457 469 461 441 446 456 461 426 409 437 431 448 458 465 463 495 491 479 501 463 444 463 462 479 485 498 472 495 467 464 445 448 462 432 424 436 458 483 481 484 478 476 465 453 462 491 487 454 465 494 469 444 448 450 457 472 491 478 483 483 464 456 456 457 472 470 462 458 468 479 486 491 485 475 461 482 484 484 445 467 450 442 456 428 462 473 472 474 450 451 460 496 464 471 460 439 451 425 435 453 465 473 474 479 496 478 475 463 472 498 488 459 438 434 419 451 456 458 476 437 412 381 406 423 437 456 454 456 462 454 482 485 505 511 485 461 459 487 462 484 444 446 444 445 433 422 426 417 461 465 466 480 470 491 503 511 463 470 465 435 473 473 464 482 481 445 468 470 478 470 473 470 429 438 449 467 470 465 460 474 453 473 476 458 476 455 480 470 444 465 447 438 423 415 447 448 462 451 451 422 453 469 470 460 485 485 473 478 483 482 474 492 478 491 463 460 449 445 461 476 459 437 445 458 493 482 524 503 496 479 480 460 436 458 467 461 456 445 447 457 466 434 456 455 481 488 442 431 439 451 497 471 458 464 457 434 466 464 466 457 479 475 457 480 482 479 471 458 487 474 481 468 472 458 472 476 458 445 419 414 467 479 479 471 485 463 461 443 468 465 464 463 465 457 466 449 474 459 455 459 449 473 442 468 472 468 464 462 476 443 439 442 446 481 495 499 465 449 434 449 479 460 477 458 468 480 480 498 484 492 457 447 464 472 436 440 433 440 434 440 435 454 459 463 491 484 487 457 460 453 459 442 463 454 467 495 495 489 475 479 467 458 437 470 470 490 488 476 471 473 462 
vem trace:

