SDId: 34896137
energy: 9.72745e+17
zenith: 0.193952
azimuth: 0.691134
GPSSeconc: 1127690738
stid: 332
spdistance: 859.773
radio trace:
493 511 500 500 494 516 522 554 511 507 524 503 534 542 560 530 530 519 532 533 523 553 546 539 550 527 516 527 547 515 500 500 519 549 566 522 522 538 571 559 537 534 541 567 551 535 551 577 540 534 539 535 570 547 519 524 551 553 561 529 564 605 586 549 577 604 611 592 572 526 533 535 549 536 534 517 521 548 569 588 570 528 509 527 506 515 536 534 549 578 546 511 538 541 495 545 567 559 537 517 520 520 544 563 568 591 548 541 595 594 554 533 541 557 551 530 540 522 546 569 537 535 559 520 512 484 507 515 528 536 531 552 576 578 577 572 532 558 589 563 584 554 543 517 521 553 574 541 532 527 519 545 563 571 584 562 576 576 553 563 551 544 574 563 578 555 530 531 527 539 496 531 551 590 584 542 569 566 537 552 545 545 526 527 521 526 553 577 560 522 517 530 515 518 519 521 557 561 539 544 567 542 508 540 561 532 524 531 524 526 510 541 543 565 545 562 543 554 548 521 494 506 489 485 473 491 498 552 567 554 530 515 531 519 536 541 545 536 549 568 593 585 564 524 521 568 557 541 531 541 596 584 550 551 528 553 552 550 540 538 544 573 582 573 573 548 545 557 572 545 530 529 521 537 527 562 591 578 517 522 555 562 575 557 575 560 558 560 556 544 532 545 559 556 590 592 549 528 513 543 545 534 516 544 547 551 546 510 555 557 552 531 547 568 572 577 577 556 530 516 511 506 510 545 550 499 518 534 555 527 530 522 531 541 549 585 577 557 568 570 540 535 541 537 543 568 535 552 542 545 527 532 547 550 553 560 569 580 562 546 558 557 572 577 560 538 554 557 554 559 539 566 550 557 550 522 569 572 555 583 553 517 510 500 509 543 532 561 552 542 570 538 533 539 541 507 519 542 559 566 530 543 546 552 557 539 527 527 522 507 518 516 533 526 543 535 557 561 597 587 591 570 553 566 547 562 538 539 510 520 501 501 512 545 564 531 562 544 530 528 554 559 571 541 542 519 526 545 514 518 515 519 540 562 577 554 545 561 564 539 506 545 556 556 549 526 524 555 552 574 560 506 506 489 530 539 541 520 541 535 535 560 539 568 547 530 538 522 540 559 583 544 527 534 476 495 551 531 548 553 561 541 556 548 554 542 580 580 585 539 551 548 539 564 549 548 550 543 533 525 526 535 535 556 555 561 557 568 559 524 537 524 520 498 507 558 569 584 576 548 562 562 552 518 508 537 566 539 569 583 561 527 535 539 523 519 546 569 566 577 574 570 562 535 558 560 553 554 518 543 541 546 543 518 539 536 528 554 527 548 506 490 517 544 544 550 535 542 578 550 578 556 557 525 518 538 533 535 525 527 550 558 549 555 564 576 551 539 552 547 557 600 608 581 583 566 560 545 547 521 542 549 534 515 514 501 492 472 520 528 523 531 539 572 552 564 586 559 571 520 525 514 545 559 577 533 543 552 586 543 529 528 541 503 526 567 576 567 566 573 545 527 540 564 569 588 566 585 602 577 553 530 513 539 526 554 562 540 536 554 538 542 505 523 554 569 551 538 546 566 603 555 539 556 568 533 543 541 527 561 555 560 578 563 570 565 527 537 540 542 562 551 534 515 518 531 539 536 524 532 517 555 561 576 563 535 517 529 568 572 557 562 537 558 541 551 562 575 585 580 573 522 544 506 498 532 554 524 513 535 554 550 592 585 539 517 530 554 511 545 522 528 514 491 506 520 520 511 
vem trace:

stid: 343
spdistance: 3409.14
radio trace:
475 517 500 477 500 498 468 478 463 462 474 464 464 464 472 471 489 486 489 422 453 475 459 446 459 487 475 460 444 468 480 499 495 478 465 454 485 472 464 487 472 479 458 463 478 508 484 493 474 469 514 512 490 476 455 445 468 489 504 491 483 423 418 442 468 480 488 484 476 471 466 494 483 482 457 455 455 465 496 460 445 449 480 470 466 472 455 456 471 454 449 466 479 479 482 468 473 465 473 472 495 489 503 477 463 470 469 484 497 490 445 451 447 470 476 451 471 485 490 487 486 475 451 412 414 439 472 481 475 473 484 485 485 476 440 440 456 481 475 464 453 460 464 456 465 458 430 439 452 492 509 478 473 503 509 520 495 480 494 466 446 471 456 473 473 450 446 428 420 400 421 445 444 452 475 476 483 466 450 473 469 452 451 459 476 467 471 459 451 473 471 487 486 461 462 477 432 462 478 476 451 471 450 479 496 454 438 457 489 474 455 468 471 495 482 475 481 483 463 480 491 486 453 470 476 455 434 439 442 433 453 466 456 474 472 466 453 453 450 441 421 458 467 481 457 432 442 450 462 472 465 460 450 461 477 486 493 505 496 469 458 451 451 484 498 471 466 458 453 433 455 488 480 476 469 459 467 454 465 476 498 488 456 453 440 452 419 443 444 428 449 464 452 466 488 482 491 460 479 476 439 440 449 489 500 514 512 474 441 460 468 469 491 511 470 433 454 463 460 456 460 437 433 459 443 446 460 467 469 448 476 474 480 472 450 454 454 443 465 470 462 468 466 484 504 522 503 468 428 414 447 471 468 505 487 506 499 466 478 472 473 463 478 463 487 504 482 458 451 465 477 482 468 470 476 455 467 465 441 441 438 451 467 494 478 501 485 472 489 497 473 479 489 449 446 462 470 471 472 476 460 439 439 452 447 490 484 490 498 487 469 471 451 452 458 468 489 495 485 476 452 447 451 479 507 489 480 457 456 459 470 478 447 428 451 468 490 464 487 500 486 479 492 495 487 481 477 465 483 486 483 494 494 449 472 490 476 474 432 465 476 437 465 493 465 494 488 499 479 470 468 443 450 458 482 493 484 486 482 462 483 485 474 441 452 467 457 451 458 484 492 481 498 469 459 464 454 458 451 465 441 441 475 448 431 422 442 452 486 481 511 489 490 466 457 460 480 480 485 462 416 450 450 462 446 476 480 491 466 429 440 412 450 478 492 507 468 442 470 496 506 516 498 511 494 454 466 472 469 458 453 430 456 488 497 487 507 452 469 498 483 483 493 448 450 470 488 490 466 474 471 461 452 452 465 483 467 475 473 493 498 474 480 461 462 481 483 484 487 465 447 474 493 506 513 518 488 481 460 461 463 487 476 483 438 437 476 462 448 445 453 471 455 483 492 489 498 473 495 480 460 451 444 451 469 439 472 482 466 472 460 454 465 467 460 478 508 503 483 482 478 486 509 514 491 502 480 514 516 458 469 466 462 471 469 482 450 483 496 445 451 460 483 493 467 456 422 436 466 464 465 467 477 466 464 455 447 464 488 470 463 455 470 465 469 484 480 464 437 445 461 450 476 486 473 471 447 446 453 445 473 470 462 466 458 461 455 455 472 469 464 446 450 470 479 485 486 497 490 485 478 460 472 481 486 487 458 459 454 450 452 486 444 461 447 470 459 458 473 469 468 474 481 503 474 459 446 431 454 455 438 434 425 442 452 440 461 466 483 477 482 483 476 473 463 471 459 454 
vem trace:

