SDId: 34713410
energy: 9.75155e+17
zenith: 0.508936
azimuth: 2.09332
GPSSeconc: 1126564742
stid: 332
spdistance: 328.735
radio trace:
596 546 554 528 498 537 542 486 518 532 548 534 535 524 539 514 518 549 588 578 550 504 531 552 511 525 553 544 527 518 535 588 611 576 569 575 533 540 543 545 535 544 540 487 494 505 520 564 573 560 552 582 580 569 552 516 529 504 511 516 540 540 552 535 558 560 527 522 536 544 532 570 570 532 527 518 524 493 524 505 525 546 557 562 582 545 547 567 530 546 535 564 527 511 546 559 519 542 546 547 541 574 561 551 517 528 532 497 554 541 547 521 504 544 557 531 520 536 529 560 579 536 550 542 528 517 540 529 526 525 521 499 507 523 509 505 542 538 527 535 537 559 550 543 553 557 532 558 567 559 592 553 540 519 546 522 548 528 536 555 544 549 546 532 547 548 546 546 527 563 535 541 496 529 597 572 559 568 579 533 532 567 597 575 563 548 538 567 560 551 558 548 562 553 538 538 562 545 551 535 558 552 526 558 590 572 537 535 529 517 519 508 529 561 540 528 528 522 511 520 533 527 565 558 562 568 593 579 550 540 556 575 528 527 551 542 541 536 533 547 556 558 558 531 516 531 551 557 564 536 496 472 514 520 539 552 544 570 569 583 594 566 541 489 529 528 543 535 504 533 535 529 531 537 561 590 592 568 541 542 540 550 539 583 555 540 534 542 573 557 568 528 500 530 547 546 521 524 520 536 528 542 542 530 545 564 536 554 571 541 551 547 533 518 536 565 540 522 547 535 550 554 573 583 560 533 538 553 519 525 564 575 546 567 566 558 547 549 560 547 531 547 566 559 580 568 574 548 537 543 539 521 498 517 520 513 562 505 498 494 516 532 534 570 564 555 528 565 577 533 506 532 538 519 519 514 542 533 528 494 500 535 530 540 532 516 518 553 557 552 532 557 536 533 551 544 551 575 574 575 556 568 566 539 520 490 515 510 533 547 555 561 548 541 541 556 559 514 541 534 553 551 525 538 564 573 551 554 542 557 555 566 574 568 549 578 590 577 563 561 566 543 514 519 530 550 552 546 542 520 505 536 552 550 561 570 540 516 533 586 574 548 542 509 526 541 561 574 539 519 525 571 571 557 536 545 517 508 527 543 548 546 554 571 602 579 561 555 551 542 533 527 538 555 560 539 517 512 533 559 547 530 508 549 551 511 529 548 560 547 544 543 525 538 554 548 544 537 542 526 495 515 553 558 525 525 568 562 520 511 562 539 566 585 554 536 563 547 552 552 560 549 540 539 547 562 588 584 549 535 535 537 564 567 579 582 579 553 534 545 526 514 560 590 555 523 538 528 548 527 528 550 559 532 507 538 576 573 576 543 554 508 477 515 556 543 536 551 522 490 475 486 575 577 552 544 540 509 498 527 577 575 544 521 522 555 578 569 539 524 528 515 539 559 545 531 557 566 550 564 538 561 560 553 535 528 505 539 523 526 536 555 558 535 541 522 537 552 583 580 596 534 546 521 499 518 538 540 553 559 559 534 543 585 560 555 561 569 577 554 575 566 555 539 532 542 504 521 503 527 524 549 544 548 563 573 550 542 517 505 498 537 549 564 507 516 514 545 524 552 535 526 522 539 535 531 534 503 520 543 553 543 535 505 509 527 520 530 538 556 554 523 498 550 552 556 528 520 523 546 560 546 551 554 586 547 537 515 512 510 519 524 548 559 561 532 522 550 577 560 551 557 558 540 541 518 562 557 497 504 518 486 513 527 527 530 577 555 550 524 538 535 523 498 488 542 522 500 
vem trace:

stid: 333
spdistance: 1317.72
radio trace:
415 377 407 433 436 433 434 463 485 473 474 478 458 437 414 413 456 437 431 408 399 384 413 395 399 429 470 440 445 457 458 449 446 471 489 473 477 414 425 421 448 452 468 457 462 437 438 443 473 492 454 448 427 423 422 416 444 457 435 416 418 454 470 451 421 457 452 443 406 385 389 427 443 432 405 416 444 448 438 470 456 470 447 422 431 465 434 427 405 414 442 411 427 403 427 432 414 423 425 445 456 489 447 436 486 473 491 499 496 467 448 437 445 435 426 466 445 437 418 417 416 414 426 457 451 468 468 464 420 466 449 466 453 462 462 454 431 432 471 456 432 429 437 415 429 442 435 437 446 450 462 454 446 411 402 427 436 426 463 434 466 447 405 406 397 405 429 430 442 472 484 476 451 466 464 462 453 462 469 449 464 463 467 466 466 484 433 408 424 457 442 453 441 439 473 475 463 471 451 455 435 445 445 456 465 452 471 466 470 489 481 458 474 485 494 444 420 441 438 404 434 436 442 455 462 446 428 449 435 436 470 481 481 452 468 475 434 416 454 446 435 418 421 450 462 436 436 431 419 420 448 452 466 401 430 437 442 448 434 452 478 472 460 455 464 425 393 436 471 487 476 470 439 439 459 467 480 471 433 409 444 448 427 428 451 465 415 377 398 444 438 410 409 409 424 427 448 491 459 468 432 455 432 448 423 393 381 418 435 428 408 446 418 423 461 482 473 464 473 474 420 435 444 409 454 427 446 446 425 443 441 412 450 427 435 432 425 421 443 446 419 411 454 424 451 469 443 457 480 463 449 448 443 430 452 464 480 462 445 410 432 466 446 455 438 464 436 436 465 472 494 495 465 450 466 479 467 457 447 442 440 378 383 403 410 435 456 458 435 386 433 428 467 479 475 461 461 450 455 448 432 454 451 461 445 481 488 466 438 427 455 461 458 465 485 481 471 462 446 436 447 455 472 447 448 457 461 452 441 447 479 475 429 410 432 440 444 430 449 458 436 472 435 391 399 419 429 451 464 449 439 443 443 443 425 445 434 424 411 414 395 418 458 440 420 427 456 459 469 472 441 443 448 423 445 464 436 413 398 426 432 420 413 409 417 420 391 420 430 442 457 447 433 439 453 448 423 439 427 430 435 447 415 418 442 418 420 392 412 447 452 435 413 449 409 367 358 372 406 444 437 471 441 459 416 419 454 432 411 445 464 469 465 471 436 462 456 435 425 468 462 446 447 481 465 456 451 415 406 443 449 445 430 422 449 456 414 413 401 395 422 434 427 425 424 443 455 443 455 435 456 448 416 471 465 481 454 463 419 415 433 418 415 389 392 425 435 439 428 431 433 417 403 403 429 448 461 475 474 464 482 469 469 462 464 466 464 448 426 429 431 468 453 428 460 472 475 478 456 461 439 442 452 456 439 456 451 448 415 396 440 463 469 436 425 438 433 463 457 451 462 427 471 465 443 445 446 460 420 406 446 455 431 425 470 491 470 440 466 495 455 459 408 429 447 448 441 432 457 471 442 450 441 441 454 451 405 380 374 395 437 451 420 441 454 470 457 441 439 447 406 444 438 438 458 460 419 420 444 430 417 443 429 407 427 432 466 464 473 463 434 413 410 393 423 437 474 477 418 383 440 419 406 425 409 434 459 482 416 423 430 402 436 452 422 412 424 424 427 437 454 434 435 434 465 437 436 460 423 404 457 481 468 450 442 473 465 484 462 458 445 434 462 464 478 472 468 469 
vem trace:

