SDId: 34652502
energy: 6.91676e+17
zenith: 0.583876
azimuth: 3.40052
GPSSeconc: 1126247046
stid: 342
spdistance: 630.419
radio trace:
407 425 421 436 428 394 376 404 413 403 396 401 424 420 429 416 404 425 438 420 404 394 429 388 389 374 402 406 407 430 383 412 412 407 424 416 371 378 409 407 394 389 386 407 416 428 397 373 369 382 412 381 358 377 399 411 433 430 430 399 403 408 417 407 432 446 432 426 424 414 406 409 377 375 393 436 409 410 422 438 404 431 445 421 410 422 438 415 397 387 400 413 417 416 428 433 433 422 404 412 395 385 405 425 431 426 404 390 381 375 390 381 385 403 400 400 394 413 407 435 413 412 422 436 448 406 401 403 397 411 405 379 399 405 419 414 409 390 400 422 416 438 423 407 389 384 387 421 403 386 392 423 419 404 419 427 423 435 425 409 413 381 411 442 435 427 438 438 409 415 441 402 386 390 407 392 413 429 417 380 400 401 427 398 391 402 413 422 388 386 377 377 367 370 373 372 398 419 420 406 383 417 410 415 420 386 406 405 412 413 404 420 418 418 384 374 419 429 438 433 448 436 419 436 428 431 451 434 412 395 410 393 410 443 411 371 386 388 402 406 394 420 395 371 379 383 384 355 376 401 438 447 464 433 428 451 456 444 414 409 404 401 417 417 404 382 393 394 400 400 390 389 393 401 410 411 412 407 411 414 414 414 398 401 391 389 368 406 417 398 420 410 398 410 425 396 408 438 419 390 412 395 391 410 421 367 375 373 416 392 395 395 386 396 388 384 381 417 405 378 395 415 443 428 412 409 409 416 397 398 403 414 385 382 356 382 386 378 392 432 431 424 433 397 396 397 379 380 409 397 384 376 400 393 385 378 378 411 405 391 399 402 399 429 401 415 401 405 416 420 420 408 421 399 406 390 400 386 362 367 381 401 393 404 401 397 385 401 404 409 412 428 444 455 431 465 424 425 447 433 428 412 409 405 399 412 418 424 403 411 415 406 412 397 396 416 408 386 364 366 410 422 426 427 432 440 426 386 409 414 417 423 403 414 385 387 438 433 423 401 435 424 438 427 415 428 429 425 426 422 418 378 381 397 405 386 396 401 427 437 414 419 420 421 415 445 408 383 382 396 408 369 359 401 412 382 377 397 405 407 424 403 406 378 417 405 392 399 408 391 386 398 394 418 427 425 388 398 430 421 409 376 409 398 369 389 379 391 398 389 407 443 414 435 417 416 417 398 392 380 405 402 398 409 386 373 396 370 385 424 416 421 403 439 444 438 418 412 395 404 383 410 385 393 405 398 395 403 412 424 436 466 451 407 398 421 428 421 419 419 422 408 406 413 398 391 397 418 395 409 419 395 388 391 384 387 399 434 436 433 432 446 427 452 438 419 400 410 401 417 421 425 413 429 431 414 399 410 402 404 402 414 393 390 384 400 393 420 400 393 408 418 397 396 388 419 418 418 420 441 416 394 411 407 399 412 405 397 417 438 429 427 403 397 401 408 421 405 431 424 407 414 398 383 385 390 404 417 412 414 413 430 420 390 400 377 393 415 380 378 397 416 427 429 399 395 426 447 425 443 393 393 402 424 415 405 403 395 370 387 400 408 404 418 432 428 420 408 406 408 410 423 416 418 420 432 433 408 426 420 438 431 425 398 424 404 390 376 406 411 383 386 407 403 411 417 402 426 447 441 440 423 405 425 410 384 391 396 428 431 426 399 386 369 384 397 376 372 396 406 404 404 395 435 443 455 433 401 411 428 425 446 446 431 403 389 380 412 431 427 392 374 407 381 369 415 432 398 
vem trace:

stid: 419
spdistance: 804.341
radio trace:
420 420 463 492 482 441 443 454 459 476 498 456 401 404 454 470 472 469 479 478 505 517 510 488 499 471 451 447 476 440 483 477 439 452 455 460 448 405 391 428 461 486 503 458 455 486 417 430 411 405 444 466 466 452 433 433 466 452 451 435 452 468 469 454 441 448 468 442 420 426 493 497 440 391 392 438 465 491 436 428 437 462 475 452 470 519 478 460 471 477 447 449 434 424 460 440 494 494 476 455 468 484 453 482 491 481 431 432 445 440 486 464 458 472 485 458 426 414 435 431 430 430 438 413 446 446 474 474 475 428 425 428 487 459 443 469 448 463 477 451 434 509 465 434 438 437 451 487 491 469 435 401 413 465 463 443 445 479 474 510 499 461 440 447 467 476 448 459 405 423 433 458 411 462 423 428 429 439 453 420 435 418 386 367 396 402 415 367 405 441 459 438 376 414 434 492 437 459 448 419 427 414 466 458 450 488 495 437 476 461 438 451 402 426 452 413 423 403 393 459 430 424 426 414 413 442 439 461 487 420 426 445 471 448 446 428 498 522 509 491 470 465 462 417 415 439 463 436 411 432 438 455 464 474 440 416 470 453 482 476 492 486 469 454 428 409 422 422 444 447 434 436 461 494 464 468 444 418 430 455 483 504 483 527 478 458 461 445 421 456 477 486 443 438 412 453 448 418 445 412 408 442 479 417 428 435 470 495 469 503 458 461 457 428 433 441 406 442 441 447 457 444 443 467 495 445 455 464 479 439 444 477 451 456 478 476 513 528 479 465 467 476 462 450 478 487 487 444 486 480 463 416 438 442 446 465 465 457 412 465 469 465 485 485 482 438 425 470 468 459 444 453 453 440 436 469 469 482 470 455 429 442 477 422 382 409 405 424 444 473 494 488 492 469 467 427 444 440 457 468 490 468 457 444 447 466 458 427 435 425 427 430 420 447 457 476 475 513 511 477 477 507 473 463 461 459 480 510 535 509 468 471 469 451 455 470 470 482 461 450 431 434 417 413 427 407 418 468 451 455 448 505 469 443 427 431 461 444 439 464 464 485 469 395 403 439 407 444 477 488 505 506 504 464 462 439 453 435 494 439 417 463 485 479 444 476 469 462 454 488 468 494 489 476 502 469 432 492 486 471 493 457 462 450 429 413 391 399 390 443 455 449 424 385 432 469 434 461 469 457 424 396 438 441 453 442 458 437 465 478 468 408 440 459 484 466 460 500 497 460 469 522 529 491 510 394 404 382 399 445 479 446 445 468 456 462 478 527 519 510 500 452 435 452 471 486 460 454 423 405 440 471 449 443 429 482 508 455 446 456 447 460 449 483 462 449 444 447 492 475 499 482 417 442 446 464 445 496 495 486 463 424 403 415 485 470 449 426 416 414 410 405 394 445 453 489 479 458 426 411 436 451 472 485 463 447 482 465 454 434 435 476 490 475 439 456 460 437 461 464 488 462 425 439 477 426 427 421 428 453 450 442 444 495 498 446 443 424 403 385 374 421 445 452 431 445 462 409 397 400 429 441 453 457 464 442 458 438 451 410 419 429 471 476 462 434 408 424 456 424 440 475 478 449 449 410 429 455 457 467 471 484 453 441 433 448 440 454 476 481 438 431 474 477 448 393 384 432 445 446 481 473 479 470 438 445 440 436 456 478 463 425 438 427 408 440 449 465 500 519 500 519 471 403 434 436 433 477 482 460 395 418 464 474 471 477 476 478 451 474 494 484 408 412 409 403 426 420 
vem trace:

