SDId: 34894662
energy: 1.01098e+17
zenith: 0.136701
azimuth: 3.91336
GPSSeconc: 1127681806
stid: 342
spdistance: 774.234
radio trace:
549 517 531 538 530 521 489 491 526 549 550 545 522 518 509 505 482 505 532 492 487 495 494 486 532 548 541 508 531 525 474 473 479 538 520 481 529 523 487 487 487 507 522 515 471 480 479 484 486 492 484 499 527 538 526 517 493 481 474 492 479 499 468 467 476 476 478 506 508 512 544 534 544 506 475 485 502 502 528 519 522 516 490 531 521 500 513 523 524 466 494 554 570 573 546 555 544 518 510 490 467 448 475 498 519 518 509 527 538 535 526 491 510 501 524 525 529 511 526 487 490 498 497 525 523 485 497 472 497 499 460 465 473 505 492 485 502 502 496 486 502 528 516 541 535 525 516 494 475 493 494 479 467 502 532 524 481 512 496 498 500 487 523 512 505 518 542 528 500 509 509 474 485 495 486 457 491 482 481 477 472 492 507 491 491 508 507 552 551 511 519 503 512 512 498 499 492 496 507 473 525 485 496 502 492 487 498 515 515 526 537 512 533 540 525 514 521 471 440 466 483 483 498 536 523 528 558 556 531 485 500 487 526 546 522 527 528 506 523 500 532 521 521 494 519 531 491 502 500 504 511 513 514 539 538 514 492 506 514 494 501 500 533 522 487 478 487 513 510 476 518 527 520 524 495 520 503 498 500 465 506 527 537 559 529 509 496 516 533 516 520 511 500 507 518 539 508 511 526 521 538 518 507 490 517 528 520 487 479 475 483 497 523 511 497 495 505 519 491 510 527 499 499 476 486 517 518 481 446 472 453 482 484 485 485 489 492 483 505 514 515 517 497 531 520 505 490 501 517 498 521 529 548 548 536 551 526 471 483 486 483 479 498 504 513 526 517 518 511 500 520 528 524 461 491 495 493 519 514 525 536 519 510 509 525 534 508 519 515 520 506 511 552 555 542 549 536 504 485 499 498 507 510 522 514 511 504 490 514 534 524 540 540 500 501 503 515 494 499 482 482 487 500 510 496 505 509 541 555 548 535 526 482 463 453 488 510 540 549 518 513 482 502 529 526 522 533 500 471 489 486 484 510 524 515 488 489 498 493 507 520 518 524 508 517 512 492 471 489 526 477 501 498 488 509 523 527 527 507 470 469 475 496 508 493 503 489 487 509 514 523 514 490 482 479 475 497 485 476 467 498 503 503 515 518 529 523 545 544 510 496 465 483 474 481 518 532 534 532 513 526 514 538 508 506 514 513 534 525 488 454 482 512 484 479 501 528 526 500 493 508 505 471 486 499 463 459 456 493 492 488 465 509 526 545 527 493 483 477 495 529 549 549 520 514 531 571 533 501 522 522 484 506 491 497 495 505 483 496 503 497 511 484 482 483 503 496 496 488 493 500 484 511 505 499 503 509 480 469 485 513 528 525 508 514 511 503 526 541 501 469 497 487 510 536 515 491 456 470 515 537 574 543 523 523 488 504 512 491 495 497 526 523 503 486 511 493 503 499 484 486 523 500 477 493 511 540 498 505 531 522 517 521 510 507 500 495 479 482 520 477 481 488 510 541 515 498 503 490 453 479 498 521 499 541 514 504 535 540 550 555 547 525 503 482 505 505 492 509 512 503 546 535 530 542 507 479 439 453 500 525 503 515 496 522 503 485 469 526 529 518 548 511 509 517 513 539 568 524 518 517 501 487 494 468 499 510 496 486 506 523 546 521 514 502 480 460 489 516 533 538 525 491 513 503 518 497 520 500 497 500 498 498 514 507 486 484 497 535 547 508 509 503 502 545 525 529 557 
vem trace:

stid: 419
spdistance: 777.793
radio trace:
522 477 464 509 516 509 475 507 493 511 508 532 545 540 533 550 538 557 513 483 509 526 524 547 511 539 557 529 533 537 510 506 516 518 517 510 474 494 521 559 542 502 493 525 520 523 490 505 528 544 551 575 540 509 481 478 471 513 520 521 516 495 447 460 523 526 481 502 494 493 515 525 477 516 498 494 496 482 510 548 500 499 502 512 513 527 493 499 464 486 505 519 496 535 556 509 469 510 547 530 525 501 516 548 582 531 515 507 490 460 496 546 551 501 478 523 513 524 526 527 480 499 514 506 483 494 487 456 472 460 450 461 487 498 512 517 498 509 536 519 537 558 536 506 494 519 540 548 509 452 483 528 551 553 520 509 501 549 594 595 560 565 521 484 488 469 477 498 528 518 497 540 565 558 574 542 540 525 555 513 470 437 393 421 470 492 491 474 499 545 525 517 538 533 564 526 532 541 499 497 509 522 504 507 541 529 535 528 507 513 495 507 487 506 528 512 552 545 519 516 496 480 520 556 518 463 454 492 516 521 525 532 517 534 520 509 527 512 536 542 534 514 544 512 484 497 519 525 516 520 542 519 496 489 495 550 539 520 529 541 560 572 535 528 503 504 522 520 482 551 588 513 488 432 458 464 507 519 515 467 488 511 476 490 516 504 476 486 514 515 484 507 516 509 523 472 457 457 465 494 488 501 498 496 468 471 476 498 519 546 493 481 499 457 488 450 459 485 504 503 467 474 503 532 504 511 516 518 488 466 504 492 530 531 510 524 509 544 517 521 510 504 523 498 467 522 510 491 492 501 482 505 502 506 494 520 558 548 530 527 517 507 523 517 518 531 504 503 503 475 474 448 455 492 519 512 498 498 458 483 540 543 539 553 529 552 562 546 534 534 553 544 527 537 482 474 528 514 534 479 490 511 484 508 459 446 472 492 474 514 540 551 523 504 496 531 548 528 518 517 531 505 505 530 508 540 549 545 520 552 527 537 554 529 531 493 509 526 504 507 523 537 485 498 506 496 523 510 494 466 486 438 470 478 511 473 471 484 459 487 510 523 476 477 513 500 491 509 515 516 528 499 466 448 457 506 506 535 523 522 497 485 497 531 552 533 521 533 555 579 590 580 522 494 536 502 479 489 504 492 483 494 516 537 561 527 531 537 517 512 518 484 477 494 490 458 437 476 491 512 550 527 539 480 492 481 433 428 455 463 489 505 452 465 475 495 518 529 532 522 528 490 478 500 512 541 492 502 470 471 456 492 522 533 513 505 518 512 472 461 475 477 512 530 521 513 482 531 539 534 509 511 555 541 570 559 482 488 507 473 476 474 491 498 516 467 476 538 531 546 506 498 489 485 511 525 489 556 520 496 498 487 504 471 498 484 510 507 526 504 526 496 484 473 544 542 529 519 525 517 500 511 544 529 533 546 546 559 552 518 527 518 505 499 506 471 493 490 530 515 522 532 518 519 515 537 550 551 563 564 542 511 500 475 447 477 508 469 407 476 515 514 513 520 534 528 498 515 522 518 493 482 472 514 526 545 505 492 487 542 504 496 536 544 493 505 536 555 531 482 464 493 499 520 539 538 528 517 492 486 522 502 492 514 526 533 502 512 494 482 525 543 479 438 479 500 549 573 549 508 478 485 515 502 516 498 495 542 498 536 482 508 508 505 496 478 496 477 493 476 510 524 533 483 445 445 479 485 515 519 507 492 512 532 538 533 473 528 542 516 544 505 532 498 476 489 494 488 
vem trace:

stid: 343
spdistance: 1081.01
radio trace:
461 468 458 458 466 464 491 464 454 464 495 487 507 500 468 496 475 425 421 425 440 452 454 425 419 450 450 435 439 471 495 488 483 468 466 448 437 467 478 467 469 429 442 432 434 444 441 438 412 457 459 481 459 464 475 501 509 479 451 454 451 475 477 425 460 490 472 478 496 463 439 464 478 484 478 504 508 497 476 519 499 471 473 472 476 471 491 505 505 491 492 488 459 480 481 486 486 500 498 445 440 479 479 478 470 449 476 495 493 470 406 412 417 451 433 456 493 481 499 496 490 480 489 451 430 440 472 492 484 470 467 470 467 449 454 466 464 450 458 496 480 493 510 501 476 479 463 476 495 494 494 488 499 457 480 455 487 488 482 493 455 461 453 483 488 471 459 498 473 471 473 496 502 478 446 446 444 456 477 467 412 445 474 477 457 449 478 500 516 468 473 468 489 447 464 491 483 486 456 446 479 508 491 477 498 502 499 484 483 461 471 474 485 498 499 507 490 498 464 452 454 462 464 461 477 465 439 436 458 468 471 485 455 442 462 458 509 509 504 490 484 490 475 467 467 471 486 473 499 486 490 495 468 465 473 492 491 469 489 488 464 458 465 464 465 453 496 483 476 451 446 464 439 467 469 471 477 467 459 490 478 474 481 469 448 472 473 500 449 451 438 453 452 431 437 457 486 452 444 455 471 467 442 461 467 459 490 477 458 450 435 440 449 450 478 498 474 485 497 482 450 407 449 470 482 439 458 436 439 415 435 457 464 470 490 477 486 448 447 454 455 448 454 466 458 447 456 441 462 436 433 477 508 513 488 497 486 479 487 496 480 448 456 432 434 457 476 492 468 506 500 493 468 446 466 483 476 471 498 494 470 470 446 425 446 457 469 487 473 497 499 490 464 464 478 494 461 406 463 498 503 490 518 483 488 511 503 467 436 437 460 453 463 489 467 433 459 488 500 508 487 475 457 449 459 464 439 433 463 489 500 488 497 487 452 429 441 485 496 519 465 443 467 452 464 459 482 458 455 476 449 478 438 480 497 472 460 461 474 489 491 465 471 487 471 462 464 468 489 471 457 446 458 468 488 489 491 500 510 501 499 508 473 473 495 501 491 483 484 494 458 491 487 486 474 448 451 475 470 473 467 462 474 490 467 501 505 506 487 475 483 477 468 447 449 459 481 511 508 500 462 455 460 484 487 468 494 469 456 474 459 429 447 463 468 488 503 492 480 457 450 467 477 445 440 461 471 478 459 460 461 474 471 467 481 478 481 451 461 464 478 460 469 480 491 489 466 473 485 431 460 450 478 487 495 466 460 477 455 462 489 497 462 456 456 437 438 436 406 433 456 473 471 451 465 499 492 487 480 482 499 492 487 470 492 488 476 464 468 473 487 501 486 473 480 499 489 466 479 478 480 486 469 485 488 483 509 507 479 480 473 457 471 498 474 490 495 483 469 478 468 486 487 498 489 494 490 507 483 447 464 469 470 456 463 468 451 459 466 459 458 471 455 488 478 480 466 482 469 465 469 463 464 472 459 461 458 476 501 485 482 493 478 484 476 448 478 436 450 471 490 488 455 453 467 463 459 452 463 468 463 451 453 478 494 488 506 502 517 479 463 483 509 473 433 442 467 442 423 443 476 479 471 476 494 474 468 480 489 501 499 493 494 479 461 484 502 482 483 489 481 482 464 447 436 448 460 483 462 467 432 447 491 500 505 480 479 486 471 460 466 455 439 449 443 489 516 487 
vem trace:

