SDId: 34542535
energy: 2.63246e+17
zenith: 0.687943
azimuth: 0.629787
GPSSeconc: 1125505998
stid: 343
spdistance: 750.856
radio trace:
476 467 478 467 457 476 478 475 473 477 460 457 466 478 444 461 475 476 479 487 484 490 450 450 463 491 497 471 458 457 466 462 476 479 485 467 490 487 485 491 513 481 478 481 490 509 491 484 468 468 438 444 443 451 444 434 449 462 484 485 506 495 479 470 476 457 452 451 458 482 496 465 464 480 463 468 476 471 461 472 459 461 465 445 415 430 461 486 469 473 460 438 427 451 487 470 474 470 490 460 461 472 464 472 439 476 467 482 487 473 483 490 489 468 460 475 485 492 503 486 511 480 464 457 457 483 472 490 488 464 502 512 479 485 478 475 479 463 472 475 480 470 458 479 486 485 459 460 462 468 450 410 453 468 441 449 455 449 470 438 462 493 474 474 468 499 475 482 509 509 466 473 473 490 462 437 442 465 494 513 501 493 483 472 457 466 451 459 447 474 454 464 481 474 491 460 454 471 471 477 465 477 466 464 469 478 480 485 512 506 495 497 496 478 464 479 481 463 461 465 445 452 475 470 443 444 436 442 456 459 468 481 486 504 529 497 469 454 446 460 463 471 451 464 469 459 466 479 483 479 472 497 466 463 483 467 481 467 474 466 506 510 490 468 460 456 448 468 451 469 469 430 425 461 495 496 485 463 468 476 463 486 476 474 453 454 474 472 476 476 489 497 472 460 476 469 476 460 454 461 458 454 448 484 508 477 498 485 484 513 503 470 450 475 464 458 510 482 437 444 465 504 508 489 448 456 441 468 451 454 430 430 460 469 460 459 453 497 469 446 426 424 463 473 479 489 500 519 517 509 493 475 474 449 494 490 459 463 484 483 473 468 474 449 469 462 471 477 492 498 491 456 445 458 430 464 494 464 461 437 434 474 479 480 487 458 475 464 463 468 472 477 498 513 472 483 464 448 452 472 463 494 483 488 473 482 470 484 464 464 463 464 455 471 465 460 455 478 443 437 468 490 460 479 472 442 441 472 481 470 468 480 487 482 473 481 509 503 486 495 485 495 481 459 505 501 480 490 471 468 463 436 422 419 424 452 452 446 474 491 448 476 491 472 447 461 471 483 493 499 493 483 468 476 458 454 485 463 459 464 504 500 502 468 473 438 438 480 476 438 458 474 476 481 457 463 463 491 475 478 467 484 480 482 453 456 470 483 488 473 480 478 496 504 494 495 477 483 482 478 485 472 500 511 457 443 468 470 470 437 464 478 475 466 462 465 485 447 442 466 474 488 474 451 476 482 491 475 471 448 427 440 447 474 466 471 487 495 492 477 481 464 470 457 445 441 456 459 468 467 493 479 496 496 457 483 483 492 460 431 441 452 482 476 454 490 507 480 490 483 460 461 470 446 457 468 474 454 450 464 477 484 459 464 465 473 484 468 440 447 464 442 445 430 432 458 456 463 439 442 461 475 496 472 480 478 486 527 499 478 451 443 441 472 475 464 456 448 463 463 477 457 456 475 491 473 480 478 491 462 459 453 470 457 447 456 464 418 452 486 477 456 450 437 448 447 479 486 494 468 463 463 460 471 485 457 462 470 453 448 432 450 470 484 480 499 497 499 502 512 507 517 476 438 431 437 466 466 478 468 493 498 491 475 470 439 421 423 452 454 422 469 483 508 488 475 493 490 475 466 456 449 457 476 476 460 471 453 447 466 447 474 483 487 498 486 474 467 490 502 486 467 475 509 500 473 468 500 492 480 461 468 477 469 478 438 426 439 465 453 457 461 456 463 444 454 462 464 
vem trace:

stid: 342
spdistance: 753.531
radio trace:
453 444 446 522 547 522 460 429 453 480 507 500 509 511 506 483 496 497 466 453 480 484 514 530 533 493 455 471 496 499 503 485 466 453 470 477 471 498 476 481 486 474 455 458 458 461 481 497 459 471 491 480 463 480 495 490 475 471 482 450 460 460 493 461 466 499 485 500 545 503 491 487 492 495 474 510 513 517 493 450 470 487 504 497 496 503 504 492 485 489 482 494 495 511 505 491 484 469 482 457 483 482 471 447 479 517 495 443 495 478 486 492 509 521 505 471 507 485 497 488 476 458 461 487 527 510 480 472 481 493 510 517 507 488 477 510 497 498 512 502 474 474 456 462 497 495 493 476 517 543 520 460 465 485 495 480 479 502 502 490 512 523 510 502 529 505 487 514 505 514 468 463 443 474 486 487 487 519 496 472 464 464 455 446 455 469 459 458 460 481 465 488 480 504 490 477 515 552 518 520 497 468 461 494 506 494 492 535 508 463 439 452 449 456 433 429 424 408 441 476 474 478 474 458 494 471 459 473 477 482 514 524 500 479 504 519 541 520 496 506 478 524 544 520 512 507 538 515 474 464 466 467 454 483 519 532 495 500 438 447 445 455 437 463 498 503 501 549 525 465 472 517 483 472 535 536 525 520 489 463 459 464 440 458 474 486 493 488 501 495 498 521 565 503 499 483 513 501 493 501 511 520 488 489 463 450 432 469 495 495 493 491 493 496 491 501 533 521 521 507 505 500 512 508 527 529 499 467 494 497 490 476 479 491 489 482 505 477 465 434 465 491 472 483 478 472 449 474 467 484 507 521 515 479 444 466 472 463 493 465 463 457 493 510 491 501 463 460 501 505 496 484 481 445 448 464 472 454 430 445 481 512 517 485 464 475 466 455 483 485 467 478 464 487 514 497 481 476 460 439 465 466 491 470 462 482 502 486 466 428 460 464 493 501 493 515 530 489 524 475 484 482 473 457 448 466 466 435 469 509 500 480 494 501 500 485 471 473 479 487 450 456 477 484 507 504 460 456 506 469 498 513 496 489 513 502 483 462 465 452 519 510 463 479 528 529 513 469 487 490 481 480 475 485 486 498 506 477 469 485 493 482 492 500 474 436 450 455 458 485 491 526 524 529 492 493 482 453 475 523 526 461 488 503 505 510 506 478 465 460 440 446 445 460 454 425 459 436 447 451 445 471 471 491 464 431 444 487 493 500 495 529 474 472 475 470 459 451 481 457 434 451 477 446 479 494 482 496 500 502 490 493 476 482 455 517 487 485 488 475 508 501 460 454 472 504 498 533 501 501 512 524 519 490 526 529 534 537 490 473 505 496 461 489 448 443 461 472 486 544 510 505 522 486 503 505 491 513 480 478 490 488 492 493 493 511 518 462 450 454 477 460 441 470 468 470 488 474 451 475 474 455 420 455 463 490 484 500 498 528 492 487 481 484 453 456 481 458 495 509 464 442 456 459 476 468 478 472 480 435 471 479 493 489 492 506 530 527 538 490 466 456 467 484 475 465 460 476 470 502 523 521 499 514 502 495 477 457 437 482 481 471 469 473 477 457 494 502 523 491 474 438 472 491 514 486 474 491 499 445 454 472 469 456 461 450 499 505 484 506 505 462 475 464 505 522 539 493 501 482 490 479 487 496 503 486 492 522 485 478 483 532 538 508 482 521 511 501 514 463 489 508 509 502 500 474 500 491 503 469 474 483 485 497 474 476 467 500 476 465 485 500 480 462 457 444 460 460 
vem trace:

stid: 419
spdistance: 955.057
radio trace:
533 519 511 519 499 510 536 513 496 509 516 488 505 524 482 478 528 500 515 507 517 487 480 508 481 507 500 509 474 489 460 481 472 486 438 455 516 514 529 505 513 516 476 467 475 481 443 460 486 489 515 557 545 547 509 505 514 519 494 515 508 512 503 523 520 512 520 476 470 490 508 512 526 524 477 450 513 541 534 533 499 509 541 522 512 531 541 522 501 509 522 508 518 503 506 508 554 506 437 497 545 495 453 474 460 508 519 534 480 503 554 568 523 544 517 509 498 449 468 456 482 479 490 501 522 546 583 602 560 553 511 553 527 514 493 485 468 472 446 485 507 500 479 480 527 527 509 505 525 520 497 511 528 482 492 491 460 442 460 481 517 509 518 503 505 499 462 488 487 483 489 490 529 515 467 470 466 515 534 510 507 473 413 456 487 512 552 551 497 489 516 520 504 493 511 531 494 489 476 460 471 479 529 499 534 538 516 553 544 496 534 549 549 488 516 516 525 523 533 525 533 515 488 508 505 500 511 479 484 464 480 426 477 498 504 533 524 514 531 489 482 517 466 492 492 520 487 466 488 503 544 543 544 556 510 532 532 556 509 507 454 474 488 509 516 499 479 486 520 545 509 539 532 513 552 539 535 510 465 457 466 410 443 508 518 505 481 462 508 517 560 571 556 448 487 511 502 486 464 504 501 486 505 508 483 453 488 493 541 531 498 523 460 468 453 481 496 470 457 464 467 525 549 510 513 516 457 488 517 541 524 523 493 439 455 508 534 521 556 533 485 488 542 494 501 474 480 502 464 482 485 517 533 538 488 508 508 480 469 486 496 492 520 489 478 519 513 535 531 541 546 565 556 496 535 471 478 500 503 492 467 471 499 483 472 454 447 503 474 489 490 509 470 502 535 542 525 505 507 518 509 507 514 516 467 514 527 533 572 542 494 459 474 521 527 538 546 567 510 498 502 470 470 441 505 535 495 470 525 509 474 516 499 499 516 527 480 453 475 481 455 480 492 497 525 498 447 468 470 487 486 534 545 538 496 521 551 523 466 481 505 523 505 528 466 469 509 523 527 512 514 505 493 497 511 509 523 499 492 483 499 459 476 441 466 482 529 534 564 559 529 458 432 458 493 490 505 508 559 535 529 478 463 462 485 537 555 544 562 532 467 463 461 458 511 497 465 509 546 548 516 507 529 516 525 532 501 475 498 515 510 483 476 460 440 474 466 446 479 532 530 501 504 519 539 491 456 496 488 478 525 542 502 462 444 485 515 519 505 518 498 516 548 541 542 524 522 512 508 511 523 484 485 513 512 498 495 517 516 484 515 540 520 542 516 458 486 485 512 528 548 506 512 534 539 492 499 491 455 508 456 494 505 474 476 456 448 489 517 457 453 447 482 501 519 534 505 509 462 493 506 512 517 530 491 487 467 494 565 559 494 475 523 507 522 513 525 521 523 550 534 493 489 519 517 502 504 476 452 418 502 498 499 547 537 529 480 520 536 538 522 473 482 495 477 460 480 503 463 486 494 485 526 517 532 536 538 519 529 547 529 487 439 472 476 522 562 552 528 488 528 523 536 548 522 513 446 445 472 472 505 487 493 470 500 463 488 456 452 431 450 460 504 511 563 549 486 464 509 450 470 533 559 514 494 459 475 478 463 459 468 517 491 505 518 507 513 498 497 510 514 517 514 495 493 477 467 503 513 517 519 497 475 469 455 457 499 465 449 470 451 491 483 425 481 512 479 482 
vem trace:

