SDId: 34636407
energy: 2.07204e+17
zenith: 0.572551
azimuth: 4.68301
GPSSeconc: 1126163716
stid: 343
spdistance: 503.489
radio trace:
442 465 436 444 466 438 431 416 452 461 454 427 458 479 455 439 415 442 438 464 443 444 466 443 455 438 457 449 431 411 447 464 466 445 452 443 435 444 442 450 445 445 461 457 474 441 435 447 489 482 438 453 469 475 478 486 455 435 447 447 408 439 436 432 414 399 439 423 450 423 382 392 397 448 459 448 440 438 441 469 454 415 460 456 477 448 449 456 435 443 468 461 459 436 430 448 432 436 459 436 404 389 425 456 425 390 395 410 397 401 423 419 435 455 459 444 442 462 423 438 460 445 438 441 401 424 458 474 469 438 431 450 422 433 462 463 416 415 422 446 449 451 447 435 448 429 449 464 434 437 447 452 433 456 471 463 457 432 407 394 442 409 397 407 404 424 433 417 444 446 422 432 450 442 428 476 469 477 439 435 446 435 415 417 424 478 493 450 435 456 451 448 450 444 442 459 462 472 453 480 438 462 450 438 431 440 410 420 398 430 445 463 446 448 457 435 463 441 434 453 455 455 438 420 440 440 445 440 471 451 460 463 455 449 467 481 460 444 407 416 421 433 418 407 392 392 389 381 383 417 429 433 436 445 436 427 459 440 432 436 428 435 451 447 476 446 445 422 436 429 436 443 425 426 459 443 437 439 453 472 459 466 495 485 470 452 451 421 406 435 457 459 424 415 464 448 421 437 451 455 438 465 461 445 458 479 419 440 458 476 450 421 400 401 423 426 429 438 458 464 441 448 446 459 463 477 440 445 420 464 445 444 411 420 452 425 465 453 422 392 412 484 476 467 439 460 461 458 433 422 439 434 431 464 440 479 461 441 445 433 402 423 428 423 434 396 392 414 448 460 462 444 431 398 408 449 463 471 456 453 480 478 441 424 434 447 439 451 520 472 440 458 464 452 446 467 475 448 479 477 480 428 449 427 422 407 405 412 450 445 442 428 434 448 455 456 449 492 479 461 433 428 435 442 457 449 435 440 458 461 444 471 436 417 461 456 444 432 415 450 438 414 426 437 439 444 475 466 432 418 417 408 411 463 451 462 488 482 448 430 454 436 450 471 475 433 433 434 445 462 435 430 426 416 431 451 451 455 439 465 463 461 455 432 433 420 410 408 403 443 462 448 423 417 429 422 441 447 458 426 417 444 437 467 481 443 468 436 432 440 464 431 439 446 471 425 423 461 459 423 441 436 446 453 427 434 462 447 439 446 431 456 439 424 452 465 435 458 449 435 465 459 444 407 430 420 435 432 461 426 409 460 482 432 396 431 429 437 452 467 490 475 462 451 424 422 442 467 441 413 427 438 443 436 434 456 462 453 477 486 499 440 431 432 448 443 468 463 441 439 417 446 429 425 433 441 431 474 478 470 439 424 419 419 418 422 437 424 413 416 427 437 444 471 467 412 421 465 431 447 437 441 417 438 431 431 423 418 410 435 430 453 470 445 429 433 444 429 462 439 423 472 471 463 437 457 445 449 474 457 453 453 444 432 391 417 423 434 433 433 422 433 424 431 429 434 451 451 435 444 467 472 477 428 424 466 466 422 420 416 425 430 429 423 440 425 424 422 431 431 470 457 451 438 445 462 441 442 428 423 407 397 420 411 405 397 415 433 429 439 473 451 442 437 454 440 433 460 456 439 480 449 421 416 413 417 419 408 399 427 450 473 475 486 452 443 468 438 417 433 451 488 480 461 441 465 436 428 427 402 379 394 403 455 443 432 426 429 435 442 460 454 427 425 443 461 420 430 
vem trace:

stid: 341
spdistance: 1290.08
radio trace:
511 511 531 518 494 495 468 462 482 528 545 518 503 471 475 444 472 516 489 499 517 486 479 444 423 445 434 447 471 476 488 484 480 471 451 501 493 472 454 439 479 510 469 438 454 431 401 444 432 441 470 509 508 508 510 500 454 456 453 483 463 467 466 439 448 458 453 473 521 498 530 519 507 497 469 449 488 487 461 461 457 468 500 545 505 463 460 482 505 478 469 460 489 479 477 466 476 496 481 465 461 491 488 485 500 511 509 487 480 484 471 472 463 452 475 493 489 486 495 483 465 495 485 460 439 452 504 456 444 492 513 504 525 510 485 495 471 450 464 460 458 475 479 479 477 465 451 445 414 459 455 454 464 485 497 462 457 460 487 489 507 508 488 470 511 521 494 483 533 493 468 467 498 480 449 457 485 474 460 492 521 522 519 497 531 499 464 484 463 460 479 491 500 515 510 492 504 498 511 508 520 517 466 498 465 485 475 489 496 523 515 483 430 442 447 496 482 498 487 485 466 492 518 528 538 516 493 478 495 478 449 469 445 502 506 498 516 490 492 462 482 475 482 497 511 498 496 494 487 450 478 469 494 498 464 447 434 449 467 450 445 460 461 447 501 512 486 469 465 473 460 438 477 508 486 474 445 505 488 507 459 528 534 537 549 534 561 502 495 500 493 482 451 442 456 468 445 438 456 496 506 479 487 508 521 510 511 495 497 479 502 497 472 495 530 512 530 494 465 465 460 491 481 477 471 519 498 495 478 444 451 484 460 456 495 500 497 492 458 434 464 431 464 504 487 467 480 453 527 503 498 481 442 461 483 520 472 476 471 490 495 497 469 486 494 480 480 461 468 458 495 495 471 501 526 532 515 470 447 458 483 486 523 515 491 486 465 473 473 483 531 531 527 537 518 559 509 505 541 536 530 533 508 505 496 479 503 473 456 456 482 451 464 496 511 477 478 466 465 521 535 546 510 514 514 455 451 462 469 441 451 487 485 477 508 506 502 495 466 448 420 446 475 474 497 479 450 436 474 449 410 416 453 466 459 455 507 500 503 516 485 482 497 483 501 507 534 516 483 506 518 472 485 521 520 481 478 459 493 483 496 461 501 534 472 502 534 498 479 481 502 494 498 483 492 450 440 449 490 526 531 507 485 474 475 498 519 478 465 498 500 481 506 478 532 534 487 460 467 490 524 523 457 459 482 514 525 497 468 461 460 492 495 484 517 496 492 512 513 495 486 495 514 492 506 525 491 522 524 505 483 460 500 507 501 524 517 514 531 527 490 475 470 453 468 461 442 486 521 529 504 461 501 511 488 472 447 426 439 486 477 506 517 478 486 478 478 497 477 487 490 459 452 494 478 493 510 506 498 491 505 457 450 480 467 454 476 480 464 436 456 455 500 489 489 467 471 494 514 536 522 519 498 444 448 465 540 548 509 501 497 500 518 489 450 482 497 526 534 498 448 469 545 508 475 500 494 475 479 488 486 485 482 482 471 476 476 445 465 462 449 467 509 503 496 508 503 472 470 474 474 473 475 473 508 483 492 522 497 521 487 462 430 420 443 478 446 490 484 473 466 446 443 467 428 444 493 472 468 481 503 504 540 545 523 506 502 507 501 508 523 532 540 534 516 443 443 494 473 456 455 439 465 450 475 512 507 464 446 435 452 458 485 496 488 516 525 501 506 538 560 533 542 504 490 503 521 516 496 503 476 481 449 509 494 478 494 506 461 463 466 491 479 489 517 509 488 490 
vem trace:

stid: 341
spdistance: 1290.08
radio trace:
511 511 531 518 494 495 468 462 482 528 545 518 503 471 475 444 472 516 489 499 517 486 479 444 423 445 434 447 471 476 488 484 480 471 451 501 493 472 454 439 479 510 469 438 454 431 401 444 432 441 470 509 508 508 510 500 454 456 453 483 463 467 466 439 448 458 453 473 521 498 530 519 507 497 469 449 488 487 461 461 457 468 500 545 505 463 460 482 505 478 469 460 489 479 477 466 476 496 481 465 461 491 488 485 500 511 509 487 480 484 471 472 463 452 475 493 489 486 495 483 465 495 485 460 439 452 504 456 444 492 513 504 525 510 485 495 471 450 464 460 458 475 479 479 477 465 451 445 414 459 455 454 464 485 497 462 457 460 487 489 507 508 488 470 511 521 494 483 533 493 468 467 498 480 449 457 485 474 460 492 521 522 519 497 531 499 464 484 463 460 479 491 500 515 510 492 504 498 511 508 520 517 466 498 465 485 475 489 496 523 515 483 430 442 447 496 482 498 487 485 466 492 518 528 538 516 493 478 495 478 449 469 445 502 506 498 516 490 492 462 482 475 482 497 511 498 496 494 487 450 478 469 494 498 464 447 434 449 467 450 445 460 461 447 501 512 486 469 465 473 460 438 477 508 486 474 445 505 488 507 459 528 534 537 549 534 561 502 495 500 493 482 451 442 456 468 445 438 456 496 506 479 487 508 521 510 511 495 497 479 502 497 472 495 530 512 530 494 465 465 460 491 481 477 471 519 498 495 478 444 451 484 460 456 495 500 497 492 458 434 464 431 464 504 487 467 480 453 527 503 498 481 442 461 483 520 472 476 471 490 495 497 469 486 494 480 480 461 468 458 495 495 471 501 526 532 515 470 447 458 483 486 523 515 491 486 465 473 473 483 531 531 527 537 518 559 509 505 541 536 530 533 508 505 496 479 503 473 456 456 482 451 464 496 511 477 478 466 465 521 535 546 510 514 514 455 451 462 469 441 451 487 485 477 508 506 502 495 466 448 420 446 475 474 497 479 450 436 474 449 410 416 453 466 459 455 507 500 503 516 485 482 497 483 501 507 534 516 483 506 518 472 485 521 520 481 478 459 493 483 496 461 501 534 472 502 534 498 479 481 502 494 498 483 492 450 440 449 490 526 531 507 485 474 475 498 519 478 465 498 500 481 506 478 532 534 487 460 467 490 524 523 457 459 482 514 525 497 468 461 460 492 495 484 517 496 492 512 513 495 486 495 514 492 506 525 491 522 524 505 483 460 500 507 501 524 517 514 531 527 490 475 470 453 468 461 442 486 521 529 504 461 501 511 488 472 447 426 439 486 477 506 517 478 486 478 478 497 477 487 490 459 452 494 478 493 510 506 498 491 505 457 450 480 467 454 476 480 464 436 456 455 500 489 489 467 471 494 514 536 522 519 498 444 448 465 540 548 509 501 497 500 518 489 450 482 497 526 534 498 448 469 545 508 475 500 494 475 479 488 486 485 482 482 471 476 476 445 465 462 449 467 509 503 496 508 503 472 470 474 474 473 475 473 508 483 492 522 497 521 487 462 430 420 443 478 446 490 484 473 466 446 443 467 428 444 493 472 468 481 503 504 540 545 523 506 502 507 501 508 523 532 540 534 516 443 443 494 473 456 455 439 465 450 475 512 507 464 446 435 452 458 485 496 488 516 525 501 506 538 560 533 542 504 490 503 521 516 496 503 476 481 449 509 494 478 494 506 461 463 466 491 479 489 517 509 488 490 
vem trace:

