SDId: 34791688
energy: 4.14083e+17
zenith: 0.406764
azimuth: 0.141676
GPSSeconc: 1127029006
stid: 342
spdistance: 880.754
radio trace:
440 425 423 413 413 424 422 428 438 429 419 450 466 447 437 448 475 452 460 465 443 450 448 479 464 461 440 435 436 427 448 430 434 426 387 435 444 430 428 485 487 444 439 446 479 449 429 445 448 437 438 456 444 442 444 436 447 451 445 460 426 433 438 440 468 472 446 471 447 434 419 443 415 425 438 448 442 450 415 404 413 412 394 434 444 457 461 446 396 388 394 427 453 423 402 423 442 415 436 423 422 418 443 432 447 440 447 447 447 412 404 394 407 422 452 403 424 437 427 400 405 409 400 415 415 414 419 429 429 428 439 453 434 420 427 446 464 426 400 411 433 448 434 448 456 422 427 450 443 443 466 427 396 394 422 439 449 438 425 418 419 459 434 414 422 422 438 416 414 431 422 437 436 438 420 413 410 422 429 402 428 437 423 437 436 459 464 466 453 434 436 406 411 422 414 411 427 426 445 452 454 431 422 417 427 442 404 414 437 458 462 458 438 441 478 437 454 410 423 428 428 425 439 413 408 415 431 415 413 413 426 442 416 420 411 413 422 439 443 429 426 422 445 456 429 428 441 451 450 424 412 428 442 428 401 390 397 412 412 419 472 474 428 441 476 459 435 427 411 421 402 432 458 413 431 461 440 435 462 434 414 403 412 411 409 422 426 445 417 438 425 430 463 456 447 450 425 435 447 444 388 426 433 440 410 397 448 474 464 450 407 416 412 449 466 449 409 433 442 430 429 443 437 399 371 390 446 433 454 464 460 480 466 442 453 454 452 454 465 473 458 432 461 464 425 432 413 437 447 450 412 414 442 433 422 421 439 436 421 391 400 406 361 397 411 360 407 419 439 433 442 435 416 396 424 430 440 442 423 437 454 471 458 436 440 424 423 418 431 459 418 409 420 410 460 471 452 436 445 421 418 428 453 454 448 457 433 439 425 414 386 385 393 402 428 447 440 446 425 424 426 427 417 422 435 401 448 443 428 412 390 395 409 407 440 446 452 473 467 448 447 432 416 423 402 410 413 466 449 428 418 420 420 394 420 428 421 431 430 421 399 426 406 416 422 417 466 456 441 408 397 385 414 430 440 430 397 412 399 419 434 460 444 463 439 427 429 424 413 409 420 418 440 428 456 454 436 433 444 444 453 468 453 462 432 420 410 428 432 442 450 443 445 447 416 394 410 449 433 397 417 425 402 419 430 401 384 419 420 444 460 457 434 422 392 405 426 446 458 434 449 432 420 432 425 443 443 469 436 418 425 410 404 413 425 419 413 441 459 442 428 443 453 456 445 422 431 432 434 440 432 449 452 436 444 451 413 405 430 451 443 434 427 426 448 414 425 430 428 435 460 462 461 467 474 445 405 439 457 440 420 424 417 414 400 406 456 435 452 452 425 429 444 446 440 443 410 429 416 418 401 404 422 421 420 437 402 409 407 421 420 458 450 429 436 465 461 465 432 437 440 446 447 442 415 388 413 436 454 432 436 434 457 444 449 419 410 424 403 440 406 416 438 420 403 412 405 444 442 426 417 404 382 399 419 415 424 435 452 444 412 406 426 423 442 461 433 434 427 376 389 452 476 470 452 460 471 458 456 447 445 419 410 426 451 438 450 426 463 447 440 439 422 434 429 444 453 425 443 441 425 391 407 426 435 437 411 413 425 454 461 453 451 443 436 432 381 401 422 413 411 427 402 377 390 414 415 407 418 422 429 459 450 429 417 426 431 432 411 412 420 436 397 402 407 406 411 398 
vem trace:

stid: 333
spdistance: 892.153
radio trace:
434 435 449 448 411 418 406 414 444 426 429 458 433 412 424 437 430 459 442 478 485 449 429 428 438 407 409 417 456 449 438 424 402 405 401 413 429 405 422 426 437 422 437 437 467 426 426 427 450 457 427 438 459 471 483 476 457 428 408 384 400 421 453 471 421 397 402 434 441 439 400 380 384 412 440 406 368 329 381 443 466 468 442 419 415 425 465 459 419 418 430 429 398 427 429 457 410 411 466 457 473 455 439 406 425 409 436 456 439 404 378 433 445 455 426 407 436 435 434 406 425 415 447 435 420 421 439 449 434 437 444 418 436 406 422 405 428 483 428 424 408 422 384 440 417 431 454 443 446 432 427 440 434 426 442 422 415 375 402 407 434 445 453 491 450 422 444 463 466 463 460 453 450 414 439 433 422 414 393 417 392 386 431 445 462 484 445 434 440 464 479 471 427 438 439 390 411 407 415 407 411 433 409 428 423 445 430 440 466 482 460 437 430 425 418 432 437 417 434 429 430 429 410 420 429 434 420 422 420 404 410 409 417 426 437 476 439 426 418 447 469 467 467 462 459 451 450 466 457 434 421 421 424 450 421 409 452 466 439 427 444 421 421 410 414 421 433 402 410 448 456 449 421 447 440 409 432 439 425 437 407 429 452 477 439 449 431 419 400 425 416 434 449 445 454 461 444 435 427 408 421 442 433 443 447 437 419 436 424 447 484 493 451 431 425 428 436 443 446 442 428 434 467 431 425 453 496 467 445 438 424 396 385 451 427 421 456 453 432 457 442 436 438 440 426 426 396 396 404 402 412 421 465 451 443 438 442 449 442 448 463 437 447 433 421 430 412 428 447 482 498 495 475 474 449 457 441 410 405 400 376 405 423 407 402 438 435 437 398 385 359 381 422 448 444 420 461 445 426 419 427 436 458 452 438 426 435 447 418 436 410 438 426 436 439 415 397 401 432 407 432 441 422 475 421 421 387 410 408 412 445 456 442 421 412 404 429 408 393 392 415 430 439 421 403 398 421 424 440 430 454 441 440 485 478 469 438 404 435 420 440 420 441 423 435 420 460 453 457 452 480 466 421 414 452 432 454 457 424 391 426 414 412 428 415 407 425 447 442 442 467 420 431 466 459 471 436 426 451 454 427 413 422 403 389 422 452 442 442 428 424 438 425 399 429 422 438 441 431 443 458 450 415 443 443 438 442 434 443 462 439 376 395 397 399 438 395 430 440 436 432 441 433 448 404 428 459 456 432 408 427 428 420 415 425 447 455 436 454 451 438 442 464 468 451 424 470 468 458 447 465 442 395 423 428 423 473 459 410 396 394 416 438 438 439 473 436 413 405 452 390 420 413 436 447 502 479 482 421 427 463 471 461 437 428 418 444 440 385 392 383 372 386 416 448 439 413 426 442 410 411 433 416 429 420 471 479 480 432 426 430 419 423 423 429 408 411 392 400 395 427 435 401 424 434 446 463 469 482 433 414 418 390 392 421 415 452 464 421 412 434 423 451 441 428 390 384 412 398 420 403 347 398 435 402 423 385 369 414 423 433 426 425 412 435 452 448 463 460 432 433 412 398 366 353 390 362 395 405 398 389 408 430 427 419 459 449 431 416 429 416 416 451 417 426 435 419 429 426 429 459 465 440 457 459 417 420 436 436 454 437 439 432 437 495 495 456 446 465 423 434 432 447 423 426 429 420 419 421 424 439 389 437 445 449 464 464 455 438 441 435 452 441 388 376 424 437 432 
vem trace:

