SDId: 34607100
energy: 2.4637e+17
zenith: 0.46161
azimuth: 5.28173
GPSSeconc: 1126021146
stid: 342
spdistance: 693.183
radio trace:
479 495 494 456 441 441 459 439 459 486 482 477 463 484 452 426 469 482 454 468 459 486 502 491 470 465 461 484 474 468 461 444 440 436 453 498 447 473 476 475 469 435 442 449 433 449 484 484 494 478 448 432 432 450 455 479 449 439 440 413 424 431 451 470 471 475 482 491 455 443 451 445 497 475 472 465 451 453 483 483 483 501 503 504 500 472 465 467 479 492 465 460 475 451 451 453 464 463 450 432 438 463 484 466 483 473 490 486 462 452 434 445 480 460 459 458 473 482 462 494 459 442 452 458 473 496 497 477 473 513 508 493 477 470 456 458 456 445 457 463 470 483 459 482 494 483 482 497 493 503 485 493 456 488 490 478 471 494 460 469 484 472 461 495 482 480 481 471 444 423 437 481 439 488 470 477 481 479 460 468 481 483 476 470 458 495 491 482 484 465 465 439 437 489 494 480 484 486 463 457 450 462 447 415 426 458 465 448 444 441 420 449 446 458 463 451 489 468 450 437 468 486 461 466 474 480 463 461 459 424 438 431 438 452 489 467 473 461 476 465 484 489 470 472 454 464 491 500 492 480 495 473 472 460 461 454 483 487 464 442 452 452 486 458 453 433 463 501 475 470 463 486 484 462 465 469 455 430 442 440 426 421 423 474 485 504 497 449 428 434 440 479 474 469 472 481 481 472 463 473 457 456 461 466 455 464 483 507 508 473 468 483 452 478 488 470 475 467 469 437 419 418 444 458 455 461 464 512 495 504 480 493 450 472 476 470 463 507 489 478 481 487 500 463 471 464 446 436 454 497 459 483 486 482 489 458 440 454 432 413 439 455 443 485 497 484 471 459 469 458 446 447 477 487 470 481 493 488 491 459 475 475 481 500 495 474 477 435 429 445 455 450 460 511 526 513 499 452 469 480 466 441 478 460 483 488 449 444 460 484 479 488 442 442 471 480 487 474 491 529 497 470 470 469 457 456 461 477 478 482 450 445 459 445 460 467 456 497 514 499 499 466 468 469 471 472 476 505 490 465 435 441 456 458 449 427 487 486 486 488 487 500 499 493 463 483 498 492 475 467 459 469 456 460 449 480 494 506 471 495 454 447 469 477 475 467 438 459 469 484 447 463 471 426 445 472 469 469 494 509 513 482 450 456 459 456 447 431 409 448 444 419 461 494 498 481 469 481 474 463 450 465 480 478 475 454 436 446 474 492 474 462 430 441 451 470 462 446 464 472 505 474 474 462 461 478 467 463 448 437 430 438 458 469 438 429 436 443 469 484 529 508 478 471 456 472 469 464 436 450 462 457 465 447 457 466 471 456 453 444 443 457 466 472 456 429 392 437 433 446 459 475 481 467 478 476 470 427 426 445 455 470 494 505 469 485 477 461 487 521 495 500 512 517 516 454 437 447 462 465 469 501 489 519 512 498 495 501 465 457 472 492 467 483 498 482 466 495 498 460 462 475 467 456 443 450 444 441 464 470 471 432 409 461 467 467 483 488 474 464 485 478 463 453 468 503 504 487 488 484 462 454 453 479 490 511 485 481 467 467 477 479 457 462 452 474 469 475 466 456 475 476 506 485 474 483 448 439 446 445 470 501 473 481 482 458 452 484 476 465 456 457 485 493 459 467 449 460 453 452 485 467 464 451 421 492 487 438 447 443 477 482 451 455 463 457 479 460 462 472 449 446 455 450 463 477 474 461 448 462 464 464 473 486 461 486 504 505 465 433 439 425 433 466 503 520 493 522 
vem trace:

stid: 343
spdistance: 892.693
radio trace:
471 462 434 420 420 428 433 456 475 456 470 485 476 455 483 457 440 447 438 448 464 476 474 481 473 461 478 487 479 501 478 461 445 441 432 469 465 484 462 474 455 451 458 452 461 429 412 414 446 465 454 439 438 444 460 460 469 443 429 423 454 434 442 431 439 428 444 435 463 490 500 463 444 467 486 514 510 490 472 450 462 459 459 455 448 444 451 466 450 443 467 461 464 451 437 460 424 438 453 471 460 467 440 441 447 482 479 470 458 463 459 455 453 477 488 493 490 467 437 443 453 458 463 444 458 453 460 456 467 494 472 466 436 423 427 459 450 440 447 462 480 488 480 483 466 456 470 454 433 417 428 424 413 437 443 435 445 499 502 460 477 478 443 455 463 447 423 459 471 441 469 455 450 463 476 505 448 451 473 444 417 442 445 458 456 452 463 491 467 470 452 474 459 456 456 445 442 445 464 467 437 458 450 449 456 469 426 425 441 417 463 472 472 476 473 498 458 446 448 469 474 489 476 471 453 410 406 414 443 445 447 487 477 455 458 468 488 458 457 469 467 453 462 503 483 454 445 462 454 438 441 453 457 479 484 473 447 462 453 432 441 470 447 448 447 463 459 441 436 469 464 445 416 440 459 475 480 473 477 484 464 461 465 463 457 443 455 448 456 457 487 463 452 478 481 459 467 471 468 486 480 471 426 412 419 447 480 454 468 464 457 407 417 436 456 438 472 458 460 452 457 456 442 422 454 457 451 446 426 448 441 424 436 463 479 491 487 461 453 439 419 463 467 466 454 466 441 477 485 497 466 431 459 438 489 486 489 465 451 432 449 456 476 450 474 468 447 437 452 459 467 471 478 467 461 437 471 476 450 485 470 447 435 444 470 461 475 492 473 472 446 463 462 473 451 422 426 451 463 451 485 487 468 469 490 488 464 472 496 472 467 425 403 402 428 450 465 467 436 421 424 393 414 440 452 444 457 409 445 444 438 419 433 462 467 456 450 460 476 461 487 488 471 473 499 456 428 439 453 463 433 440 446 445 468 474 464 426 436 432 457 468 472 455 464 464 446 446 432 458 435 415 465 470 459 465 465 437 440 455 443 410 394 422 456 465 427 437 450 449 440 444 462 437 447 440 464 458 462 472 433 444 472 474 477 511 479 447 432 470 462 473 449 467 444 450 455 463 495 468 461 453 465 481 494 453 439 453 437 437 428 393 408 431 448 442 458 451 475 446 456 467 465 468 452 457 449 441 453 454 462 458 463 463 465 468 485 480 463 456 456 453 448 436 443 441 448 461 478 472 485 474 453 451 465 449 457 473 474 466 478 458 466 487 503 472 489 448 465 471 444 476 485 441 432 445 443 460 482 473 473 444 449 455 498 479 452 425 432 438 436 444 412 440 440 460 466 471 469 462 464 460 459 418 458 452 469 466 465 475 472 485 461 462 462 441 475 458 475 445 420 421 420 421 436 422 427 461 450 447 439 453 478 467 448 453 451 474 476 467 437 439 445 440 480 471 455 479 495 473 446 456 479 497 485 484 490 498 440 425 456 453 453 427 446 458 465 472 496 495 466 471 446 426 452 473 465 461 472 426 480 450 430 428 433 431 467 498 481 484 473 489 478 453 433 456 449 460 477 467 424 458 468 448 442 439 449 433 470 458 450 491 486 458 443 446 455 482 464 447 401 431 445 468 446 456 451 458 459 445 433 414 406 414 472 478 491 463 452 455 456 466 462 466 466 438 430 427 
vem trace:

stid: 419
spdistance: 895.988
radio trace:
555 562 505 454 446 472 496 521 495 474 504 508 485 510 487 505 517 499 509 535 514 478 474 482 468 461 467 469 498 493 467 496 499 481 515 499 515 496 522 497 493 503 509 495 479 523 525 533 492 465 461 425 463 440 467 470 452 515 519 483 482 513 526 556 476 506 508 490 476 479 474 490 500 513 525 530 539 515 481 473 456 497 528 512 499 495 526 515 536 560 566 527 548 551 539 537 538 559 565 544 522 499 496 510 510 548 530 561 530 505 527 556 497 498 457 466 467 469 497 502 501 524 529 489 471 471 494 543 535 493 504 505 568 520 533 505 438 464 504 509 491 485 494 460 465 443 465 441 462 464 477 497 455 507 481 462 456 479 478 489 524 507 483 502 486 443 456 521 515 546 563 564 523 501 462 419 477 473 456 502 482 492 470 486 483 506 508 495 528 547 478 497 507 524 499 499 516 492 453 449 471 485 530 538 477 486 470 494 524 500 516 514 503 461 455 491 532 538 525 533 516 512 504 491 503 535 524 481 472 518 534 509 487 505 507 476 468 502 518 525 559 529 522 514 480 461 514 512 523 492 508 488 501 471 466 472 477 494 503 540 511 528 527 486 485 493 469 457 453 445 456 442 468 479 513 485 454 495 528 527 520 492 447 450 446 472 523 508 488 462 419 476 516 493 457 426 403 461 477 490 458 486 492 515 510 518 504 522 509 480 524 504 513 494 497 510 511 514 487 487 477 483 502 486 437 483 517 468 480 509 511 504 509 517 495 496 504 488 484 477 492 552 530 534 542 536 532 549 504 454 467 517 498 504 495 486 491 461 469 488 486 466 486 513 477 470 461 460 462 442 487 494 517 537 447 455 481 470 505 510 511 511 488 469 482 485 452 466 471 463 473 476 456 458 487 469 478 496 469 489 475 481 498 474 457 487 513 526 481 464 483 508 484 463 488 506 482 466 468 456 486 507 462 478 434 429 421 468 476 487 493 511 542 528 528 512 529 541 537 512 447 477 502 488 521 489 476 502 539 494 510 511 490 475 479 507 507 500 537 472 484 511 481 458 434 452 462 505 477 489 513 569 531 505 475 445 499 532 503 496 500 497 523 506 479 467 513 475 474 510 508 540 540 511 476 498 518 518 488 484 470 473 477 503 526 501 503 542 555 535 533 545 557 573 551 540 509 496 522 508 525 506 480 492 422 462 468 528 480 476 485 492 488 492 508 538 511 500 466 498 472 481 492 477 465 498 507 502 462 471 486 483 510 552 551 474 410 447 495 427 483 452 506 545 499 498 529 507 468 482 475 500 541 519 497 476 513 472 458 493 467 488 463 462 465 504 489 556 557 533 500 538 506 449 471 478 457 466 454 412 485 458 445 433 518 522 508 484 499 505 504 539 471 457 441 470 511 498 448 469 495 483 497 510 520 537 501 526 511 470 468 454 490 487 470 475 464 462 500 496 505 471 485 505 527 539 535 538 539 521 517 519 551 523 489 503 520 519 501 528 476 439 456 487 459 434 438 454 477 492 513 475 456 514 547 563 523 512 473 502 463 462 456 475 468 508 499 527 542 548 520 524 535 498 455 490 496 514 544 522 488 482 487 486 449 512 520 534 507 479 533 505 506 492 535 526 536 549 524 524 502 511 538 478 481 517 523 516 496 528 483 456 476 473 473 513 474 483 500 494 500 509 513 505 507 516 499 496 516 490 531 523 514 519 500 488 510 501 529 514 515 512 486 490 487 520 505 507 
vem trace:

