SDId: 34797788
energy: 3.0003e+17
zenith: 0.687133
azimuth: 0.601544
GPSSeconc: 1127068575
stid: 341
spdistance: 339.662
radio trace:
538 536 508 508 512 526 537 548 538 501 503 517 517 498 541 526 519 535 536 531 508 521 478 474 519 507 529 539 571 537 523 526 542 536 488 481 497 512 501 531 518 541 555 552 567 565 539 532 522 538 562 574 556 550 512 491 509 508 509 506 528 502 525 509 498 490 537 557 541 550 564 564 538 539 541 548 539 524 527 508 522 509 513 537 556 517 502 529 552 516 541 537 520 516 521 543 551 557 546 529 570 580 558 529 548 542 531 557 564 547 529 499 497 541 532 481 495 504 489 493 505 533 570 626 604 604 618 552 520 489 499 536 555 560 564 521 535 571 554 554 523 537 548 514 526 539 573 604 565 545 523 526 511 521 516 487 501 446 465 484 542 551 510 549 554 549 543 530 548 563 572 560 577 595 571 583 584 529 514 545 552 545 578 567 538 522 483 514 520 523 533 533 530 563 575 563 538 540 531 547 531 534 545 560 527 532 520 528 565 568 528 545 548 540 541 502 522 558 561 513 517 510 512 538 522 527 544 585 539 517 538 548 560 541 531 554 536 525 488 525 575 578 547 534 540 557 592 557 552 555 560 564 586 572 532 532 558 536 523 541 529 529 512 521 542 570 548 574 547 506 480 530 516 519 550 541 506 526 544 514 511 488 530 548 514 527 509 516 525 505 519 512 539 520 551 593 575 549 538 514 455 441 468 499 497 516 530 512 515 520 540 518 493 497 535 537 541 521 500 496 492 507 509 505 544 537 547 534 563 569 555 544 540 537 522 520 536 539 543 539 515 499 517 529 562 549 527 540 523 521 516 497 511 531 539 562 546 585 571 563 557 587 541 497 518 545 550 579 527 549 545 559 555 569 598 554 525 555 552 545 529 517 519 498 492 526 518 521 516 509 512 541 527 557 537 544 551 511 530 536 545 543 583 560 536 528 524 516 542 566 530 509 525 515 539 541 524 522 513 512 493 516 518 531 543 560 571 553 563 528 526 572 573 537 503 473 478 510 543 563 513 523 516 500 531 495 485 475 480 528 508 508 511 508 527 560 551 519 514 519 517 518 520 527 513 508 484 470 461 518 521 503 492 514 515 545 571 531 479 479 501 535 562 569 549 523 534 494 485 462 468 516 488 503 509 521 553 528 520 524 507 525 548 546 558 506 497 509 519 549 528 512 539 512 507 536 546 541 533 514 529 536 542 549 557 520 545 563 560 527 531 538 574 550 548 541 546 537 515 524 517 516 548 568 570 516 514 535 554 537 501 533 531 525 560 557 537 518 498 494 492 491 499 509 504 520 514 530 571 538 514 516 520 543 521 498 534 507 543 556 579 557 530 515 527 534 517 498 531 542 567 552 553 540 521 529 501 500 533 556 566 552 499 502 496 510 535 539 507 477 488 521 520 525 537 527 519 512 557 554 576 528 501 487 495 496 466 455 482 523 512 569 575 607 586 581 562 564 520 515 530 494 509 516 522 521 540 519 512 516 543 527 526 529 500 506 519 533 494 513 511 538 546 553 517 472 466 481 496 529 539 550 545 556 559 517 533 547 511 520 487 502 510 472 511 496 509 527 541 498 477 503 486 484 459 454 500 530 537 518 522 531 501 524 548 563 557 553 535 523 515 545 550 517 545 532 571 570 536 535 511 527 568 586 552 544 528 533 488 503 499 542 517 532 534 522 502 530 502 510 503 516 537 517 530 543 557 541 499 452 506 553 548 555 534 515 534 521 502 510 545 550 576 559 530 547 538 549 
vem trace:

stid: 341
spdistance: 339.662
radio trace:
538 536 508 508 512 526 537 548 538 501 503 517 517 498 541 526 519 535 536 531 508 521 478 474 519 507 529 539 571 537 523 526 542 536 488 481 497 512 501 531 518 541 555 552 567 565 539 532 522 538 562 574 556 550 512 491 509 508 509 506 528 502 525 509 498 490 537 557 541 550 564 564 538 539 541 548 539 524 527 508 522 509 513 537 556 517 502 529 552 516 541 537 520 516 521 543 551 557 546 529 570 580 558 529 548 542 531 557 564 547 529 499 497 541 532 481 495 504 489 493 505 533 570 626 604 604 618 552 520 489 499 536 555 560 564 521 535 571 554 554 523 537 548 514 526 539 573 604 565 545 523 526 511 521 516 487 501 446 465 484 542 551 510 549 554 549 543 530 548 563 572 560 577 595 571 583 584 529 514 545 552 545 578 567 538 522 483 514 520 523 533 533 530 563 575 563 538 540 531 547 531 534 545 560 527 532 520 528 565 568 528 545 548 540 541 502 522 558 561 513 517 510 512 538 522 527 544 585 539 517 538 548 560 541 531 554 536 525 488 525 575 578 547 534 540 557 592 557 552 555 560 564 586 572 532 532 558 536 523 541 529 529 512 521 542 570 548 574 547 506 480 530 516 519 550 541 506 526 544 514 511 488 530 548 514 527 509 516 525 505 519 512 539 520 551 593 575 549 538 514 455 441 468 499 497 516 530 512 515 520 540 518 493 497 535 537 541 521 500 496 492 507 509 505 544 537 547 534 563 569 555 544 540 537 522 520 536 539 543 539 515 499 517 529 562 549 527 540 523 521 516 497 511 531 539 562 546 585 571 563 557 587 541 497 518 545 550 579 527 549 545 559 555 569 598 554 525 555 552 545 529 517 519 498 492 526 518 521 516 509 512 541 527 557 537 544 551 511 530 536 545 543 583 560 536 528 524 516 542 566 530 509 525 515 539 541 524 522 513 512 493 516 518 531 543 560 571 553 563 528 526 572 573 537 503 473 478 510 543 563 513 523 516 500 531 495 485 475 480 528 508 508 511 508 527 560 551 519 514 519 517 518 520 527 513 508 484 470 461 518 521 503 492 514 515 545 571 531 479 479 501 535 562 569 549 523 534 494 485 462 468 516 488 503 509 521 553 528 520 524 507 525 548 546 558 506 497 509 519 549 528 512 539 512 507 536 546 541 533 514 529 536 542 549 557 520 545 563 560 527 531 538 574 550 548 541 546 537 515 524 517 516 548 568 570 516 514 535 554 537 501 533 531 525 560 557 537 518 498 494 492 491 499 509 504 520 514 530 571 538 514 516 520 543 521 498 534 507 543 556 579 557 530 515 527 534 517 498 531 542 567 552 553 540 521 529 501 500 533 556 566 552 499 502 496 510 535 539 507 477 488 521 520 525 537 527 519 512 557 554 576 528 501 487 495 496 466 455 482 523 512 569 575 607 586 581 562 564 520 515 530 494 509 516 522 521 540 519 512 516 543 527 526 529 500 506 519 533 494 513 511 538 546 553 517 472 466 481 496 529 539 550 545 556 559 517 533 547 511 520 487 502 510 472 511 496 509 527 541 498 477 503 486 484 459 454 500 530 537 518 522 531 501 524 548 563 557 553 535 523 515 545 550 517 545 532 571 570 536 535 511 527 568 586 552 544 528 533 488 503 499 542 517 532 534 522 502 530 502 510 503 516 537 517 530 543 557 541 499 452 506 553 548 555 534 515 534 521 502 510 545 550 576 559 530 547 538 549 
vem trace:

stid: 419
spdistance: 2353.82
radio trace:
445 430 459 512 462 464 491 516 496 454 460 488 487 484 479 519 531 521 515 518 533 505 486 447 475 463 427 447 458 449 460 514 519 510 492 462 491 489 501 469 453 461 483 465 517 554 495 515 517 507 513 530 468 465 470 460 474 488 468 446 446 452 453 480 500 435 470 490 494 531 511 507 493 472 474 488 481 493 484 456 482 496 455 466 471 499 486 468 422 423 422 450 459 464 520 517 510 472 499 523 492 433 452 503 497 522 498 508 492 462 475 524 486 495 486 478 495 486 522 510 510 444 455 480 465 454 422 446 493 506 447 457 467 495 478 468 480 498 487 491 522 503 477 507 477 446 458 489 499 505 515 500 488 460 510 490 485 532 532 529 498 471 483 484 483 518 554 540 530 527 477 514 536 518 521 480 477 515 515 534 530 507 525 513 525 521 471 492 487 474 441 460 482 482 511 532 508 488 496 492 484 493 503 458 440 443 440 479 474 498 505 490 504 524 525 536 550 568 514 513 503 552 544 564 554 502 522 501 471 472 436 476 499 498 512 514 519 465 469 445 480 467 455 431 460 496 505 503 481 480 515 508 496 477 511 564 534 476 476 462 467 429 445 432 496 454 483 514 522 511 477 486 462 449 524 472 480 485 526 482 486 487 516 495 483 451 482 494 485 502 545 508 453 440 447 470 417 440 405 456 470 456 486 499 524 549 536 556 542 475 462 487 509 497 463 486 495 490 481 488 461 403 449 444 513 509 512 481 518 520 497 505 482 468 459 447 493 502 456 446 466 476 393 445 452 462 479 472 464 455 489 503 513 499 499 487 404 405 455 461 474 488 525 484 453 480 510 475 473 505 550 563 553 513 518 521 468 500 451 476 496 485 444 470 477 515 503 501 492 469 449 508 554 558 502 509 480 483 494 491 439 476 443 483 517 525 523 512 486 466 431 495 528 517 502 460 466 437 498 532 523 497 447 459 462 469 479 438 431 434 420 402 429 494 465 422 422 445 452 480 523 531 472 472 498 507 509 509 525 462 491 507 480 481 503 506 537 496 498 513 511 496 494 500 482 448 474 492 469 491 498 457 455 478 486 463 441 490 502 542 516 500 494 472 446 511 495 476 502 490 483 469 491 501 527 498 506 508 509 510 522 507 516 488 465 440 456 484 465 458 464 492 523 540 510 476 486 500 498 524 496 535 531 553 496 462 500 524 485 449 484 524 508 543 542 515 523 515 475 433 480 475 448 463 515 498 484 489 481 488 495 533 514 536 536 524 497 494 494 485 485 487 487 462 472 489 462 402 428 444 493 481 456 451 456 518 493 486 512 468 463 461 458 482 481 511 463 439 484 506 531 564 566 536 525 505 484 499 504 499 487 479 505 499 454 485 507 424 383 426 399 430 468 490 477 428 406 450 515 489 478 470 484 524 507 471 466 465 460 465 534 525 514 513 501 447 448 439 438 461 446 443 440 430 480 516 483 516 495 496 524 514 481 482 417 446 464 455 499 499 495 498 474 453 486 500 482 459 463 487 477 508 495 529 519 478 484 525 507 482 473 514 514 511 485 469 460 481 460 424 460 458 475 521 542 549 540 528 516 482 454 456 489 456 465 452 476 496 526 502 501 457 484 468 505 544 472 468 444 430 454 509 521 524 484 498 522 509 484 458 492 506 500 485 464 483 490 445 482 519 533 517 534 526 527 524 493 512 500 459 395 444 484 494 502 465 501 513 498 485 500 494 491 479 484 491 479 467 
vem trace:

