SDId: 34512787
energy: 3.35457e+17
zenith: 0.675268
azimuth: 1.34226
GPSSeconc: 1125340640
stid: 342
spdistance: 939.81
radio trace:
477 492 511 497 496 497 537 541 541 522 506 474 515 533 517 541 552 536 525 519 524 529 513 522 496 499 514 518 538 553 567 532 511 502 507 517 528 549 542 522 529 508 510 512 490 502 491 513 532 536 514 518 483 483 513 509 519 517 494 519 525 516 521 478 474 471 500 500 463 495 506 517 476 496 488 502 516 535 527 521 528 515 517 494 519 523 514 514 535 536 513 496 500 523 504 507 505 484 508 500 497 517 534 521 515 528 523 518 475 483 519 534 537 508 463 477 480 508 515 511 499 495 491 479 489 494 460 485 502 544 539 534 519 494 513 549 499 516 500 491 503 500 550 555 537 508 513 514 504 479 501 507 474 502 497 493 484 476 530 530 506 502 501 519 496 519 524 520 518 510 517 523 516 512 497 514 505 466 468 478 518 501 475 497 508 483 499 485 524 526 513 540 548 500 519 503 485 516 504 529 538 533 567 550 520 529 536 506 480 501 474 482 531 519 532 523 511 521 525 516 516 506 505 512 517 487 478 472 453 468 506 557 564 519 503 529 524 507 516 537 549 560 536 542 518 515 522 514 507 511 494 536 528 486 472 484 517 517 490 490 496 515 509 523 488 468 468 484 512 485 477 507 523 498 510 551 524 519 513 508 530 542 519 495 489 505 498 506 510 505 506 525 546 539 507 468 525 519 522 512 517 506 508 508 511 502 490 480 461 482 497 472 489 490 486 487 493 476 483 518 565 554 550 564 516 515 510 530 554 535 544 514 539 535 521 492 491 489 501 545 521 502 507 510 508 487 481 491 497 532 531 529 535 531 536 515 485 473 503 500 499 527 531 533 526 492 473 460 492 519 526 521 510 504 488 499 506 510 517 523 537 515 492 507 535 529 520 500 486 491 489 510 567 556 531 508 506 518 510 484 469 501 515 529 523 504 507 541 503 486 521 526 512 515 499 516 565 576 542 536 531 523 501 471 500 505 514 504 522 523 517 497 489 457 487 502 462 466 483 460 506 510 515 542 521 475 458 474 502 485 473 478 460 483 483 504 493 494 486 477 497 492 469 505 476 480 529 541 562 553 508 506 507 499 498 496 495 487 504 493 497 495 506 517 517 499 492 516 511 486 496 507 524 481 483 491 544 522 514 523 484 465 486 515 507 514 523 511 545 551 521 510 490 505 495 498 485 486 467 464 500 509 503 492 508 485 491 500 497 502 513 507 499 496 471 478 479 517 543 525 526 499 510 511 537 539 484 485 473 522 555 558 542 523 525 555 533 502 486 489 532 513 517 512 519 536 498 508 483 485 502 500 462 438 465 527 529 487 507 485 517 511 521 501 503 513 504 500 514 530 519 504 467 454 476 503 484 463 472 509 498 504 513 489 513 519 499 524 521 536 511 524 536 487 507 534 548 547 540 518 519 515 520 499 510 521 514 487 474 546 543 534 547 527 511 485 491 460 464 492 497 471 475 489 491 495 510 490 511 497 528 522 536 532 513 482 507 529 538 517 540 524 508 538 499 470 488 495 522 509 472 496 495 499 489 524 519 527 549 508 484 502 516 521 531 509 534 534 504 506 488 495 509 537 524 496 487 468 467 434 467 490 490 489 505 532 512 539 518 495 472 467 498 479 513 474 496 508 484 466 493 497 515 542 558 542 512 520 511 507 462 489 478 472 518 498 502 484 459 508 509 515 519 537 511 533 514 499 523 512 515 524 540 562 536 516 519 539 556 550 543 518 513 540 555 495 499 504 
vem trace:

stid: 419
spdistance: 939.999
radio trace:
536 565 559 566 548 498 500 516 487 500 481 491 451 468 519 527 536 519 524 545 574 520 541 550 579 566 565 550 532 503 494 473 452 465 498 519 493 502 521 501 498 492 482 516 574 551 532 552 534 529 543 521 527 545 532 501 517 525 527 531 541 544 517 527 518 505 444 454 441 516 519 499 539 526 517 490 488 511 515 530 509 543 512 488 499 505 501 517 498 533 476 463 500 484 494 475 517 500 508 496 515 534 533 512 510 506 503 425 448 488 477 492 542 506 508 508 533 537 527 536 528 521 543 519 551 546 530 516 482 516 528 487 497 512 518 537 518 524 534 547 512 534 566 531 489 489 534 512 519 509 543 528 539 527 515 526 483 509 573 519 502 518 519 530 493 472 508 520 533 521 496 482 459 494 491 531 496 457 461 484 494 533 552 520 483 546 537 522 479 499 525 541 503 515 524 542 542 486 525 530 480 471 512 535 490 510 493 513 506 481 500 505 481 499 534 502 484 471 450 474 505 484 517 504 523 547 499 479 490 533 525 529 503 527 500 518 479 487 496 474 520 503 507 500 523 533 554 508 489 528 535 467 446 438 445 484 463 468 482 491 513 493 488 457 456 468 488 498 497 474 485 510 538 529 523 536 469 486 482 502 494 499 501 512 519 489 470 475 503 525 508 508 510 430 428 452 460 465 470 501 535 549 531 510 504 541 529 497 466 492 517 504 526 539 561 570 546 529 534 468 462 491 509 522 483 498 505 538 539 504 528 538 577 535 553 540 493 488 510 505 480 521 529 523 550 566 577 539 499 513 499 471 484 499 516 517 514 489 523 463 510 550 525 530 550 550 535 513 494 524 486 512 510 511 491 452 494 506 525 509 492 512 501 494 478 479 499 487 521 469 471 452 448 472 500 503 539 554 553 543 545 492 470 485 476 489 503 471 435 496 515 515 493 503 505 538 494 526 524 534 568 580 492 473 506 542 519 521 539 529 513 477 466 505 467 457 485 519 524 498 507 465 522 479 479 492 486 488 502 523 534 533 521 548 551 531 514 525 537 492 496 494 528 529 493 577 575 580 541 526 543 524 487 510 520 519 522 532 479 493 482 530 505 483 485 498 502 473 491 523 486 506 523 469 486 512 501 539 509 490 469 505 500 512 481 480 479 479 491 443 473 515 482 507 525 516 484 482 506 499 505 511 490 512 500 505 493 537 544 572 546 516 481 498 466 465 497 541 567 538 518 503 507 519 460 436 462 487 517 547 554 516 516 523 537 539 548 505 531 525 475 451 503 458 437 475 499 547 534 514 530 495 482 489 494 494 506 490 463 500 484 510 482 499 475 477 520 536 528 511 459 486 498 499 500 471 489 472 513 546 492 489 500 495 470 484 509 552 531 521 490 483 449 492 495 512 548 534 455 502 531 513 549 521 507 491 470 423 496 525 535 533 521 543 510 516 548 567 508 484 548 486 498 490 497 495 481 519 518 536 551 550 514 539 545 551 516 503 500 522 466 445 483 513 531 522 504 527 526 501 488 511 496 500 530 486 500 511 529 512 531 514 511 479 470 453 501 534 536 500 518 516 550 519 512 514 523 522 509 553 523 499 492 487 488 465 503 517 538 569 564 509 531 543 518 550 535 519 536 528 518 520 515 531 501 443 436 475 468 517 514 477 506 534 533 474 491 509 540 571 547 522 467 447 514 541 564 552 544 535 513 529 523 534 544 550 522 473 487 507 507 451 431 462 467 506 510 512 
vem trace:

