SDId: 34721556
energy: 7.88849e+17
zenith: 0.589461
azimuth: 2.29707
GPSSeconc: 1126602442
stid: 419
spdistance: 710.021
radio trace:
455 476 481 446 438 408 386 412 464 431 432 452 454 473 498 486 518 495 443 468 513 473 456 435 383 418 444 445 424 433 401 439 413 407 428 447 486 430 396 412 421 423 483 481 478 473 451 445 452 414 438 449 432 431 454 509 513 482 455 456 453 430 407 420 471 481 484 421 436 419 456 408 420 444 449 449 460 423 464 441 460 479 485 461 478 463 484 484 424 417 408 405 434 450 517 502 473 439 420 399 441 454 456 454 460 447 439 430 435 475 497 488 444 466 438 460 470 457 441 447 474 440 455 423 463 455 484 488 444 398 438 468 466 450 465 465 462 435 453 474 433 429 441 484 511 475 464 424 437 423 399 435 437 436 416 427 437 450 468 450 451 474 474 473 454 420 450 457 486 484 418 432 443 470 482 483 436 424 511 456 439 462 466 460 425 422 413 429 392 389 399 435 460 474 460 425 441 435 418 397 424 452 446 439 458 468 430 433 452 465 477 478 463 446 422 422 437 404 446 417 400 380 384 391 406 416 423 471 452 410 393 415 440 417 423 385 379 414 430 464 455 394 410 436 433 398 450 449 453 439 443 473 452 436 493 492 486 510 518 490 497 506 465 420 422 457 475 478 433 462 487 455 421 386 395 377 376 406 420 425 459 473 474 468 460 476 434 429 411 413 429 436 476 467 475 482 494 468 436 470 481 476 448 442 442 394 430 453 391 423 424 453 473 478 446 441 479 520 468 474 463 438 402 415 458 467 485 452 483 486 479 427 432 407 415 423 467 423 424 405 411 398 445 409 459 464 483 507 463 428 452 391 424 416 423 426 377 414 465 443 387 337 423 460 445 431 465 440 422 445 447 458 484 456 484 471 454 469 438 404 437 497 483 486 469 473 465 449 474 471 496 463 443 437 400 490 487 488 487 522 499 489 458 462 455 448 405 452 453 408 402 414 427 450 431 427 401 435 453 443 439 407 384 404 429 386 380 446 471 451 454 461 489 495 476 460 445 408 427 465 432 418 424 422 407 387 431 442 433 407 441 471 451 464 469 460 442 457 455 483 482 501 535 485 481 484 494 473 452 422 422 419 421 421 426 424 428 442 451 487 460 432 368 412 430 410 420 453 456 430 436 420 409 408 447 489 505 504 475 459 445 449 426 409 460 460 450 446 466 447 433 397 427 448 460 428 451 455 463 474 459 484 434 418 424 466 443 429 399 423 435 451 458 389 405 401 411 452 453 447 418 377 400 415 431 371 373 383 405 468 506 454 442 456 417 452 440 418 410 442 477 426 444 474 487 436 422 380 434 444 441 415 473 472 449 391 400 418 422 432 473 435 423 383 408 418 458 465 446 437 501 496 466 437 478 478 440 460 468 433 438 454 463 447 463 420 432 448 433 439 406 463 438 433 391 430 455 460 478 389 424 470 475 508 479 434 437 440 405 425 412 414 433 428 443 433 423 423 422 390 429 455 464 440 465 465 422 418 436 469 482 462 427 409 406 452 437 387 423 452 440 431 413 406 424 373 366 398 429 444 471 442 442 430 388 406 432 468 472 442 458 460 434 417 432 446 484 482 506 449 473 480 477 441 428 426 415 440 451 475 504 453 449 399 386 404 445 401 419 488 468 469 445 442 428 383 391 458 451 470 461 443 442 451 472 471 471 467 433 413 434 451 452 439 468 513 420 423 471 480 451 452 404 432 474 464 490 494 502 480 474 444 459 430 407 444 485 480 454 430 409 405 396 442 462 472 455 452 
vem trace:

stid: 343
spdistance: 977.547
radio trace:
436 464 453 452 444 444 481 453 450 443 409 434 457 482 450 421 399 428 444 442 436 418 411 430 430 421 421 412 423 456 478 477 438 436 446 437 443 449 405 400 409 411 453 448 447 436 412 398 406 406 437 463 459 431 441 438 422 459 432 431 414 433 434 432 438 422 422 425 425 406 458 474 471 456 454 428 426 451 438 451 413 413 440 449 413 445 452 414 431 412 418 429 436 411 426 414 406 434 407 392 372 409 440 474 451 425 428 440 462 449 415 468 476 489 436 449 462 443 451 475 449 439 435 441 419 385 410 433 438 453 428 420 444 417 409 415 412 438 422 410 437 415 432 447 486 463 452 435 425 424 440 433 426 423 428 449 484 457 440 451 452 446 454 457 447 445 422 398 419 458 439 461 445 459 409 410 444 455 421 430 409 439 422 442 431 421 432 450 452 432 437 459 458 449 449 483 456 476 449 442 418 415 456 478 460 446 442 414 425 401 423 443 425 446 448 452 453 467 448 451 446 445 461 480 488 442 433 444 465 489 448 468 462 461 451 429 449 469 428 394 425 440 442 457 433 427 444 440 417 442 459 426 423 448 470 474 436 428 408 427 422 475 445 433 456 434 448 460 453 445 460 414 404 460 469 469 453 466 423 400 442 441 461 435 436 450 437 432 450 442 448 447 461 473 473 434 415 423 432 442 424 457 439 432 433 452 459 423 415 407 390 395 429 431 451 469 444 406 400 394 431 416 459 428 429 472 449 466 441 423 412 429 428 413 451 456 441 440 432 426 438 446 467 472 448 462 460 460 487 464 457 465 455 448 463 460 434 411 466 480 456 413 427 421 444 439 420 456 460 457 460 425 428 439 450 459 441 446 470 461 445 476 459 467 435 418 448 431 434 418 437 439 430 421 446 453 445 435 441 410 416 458 429 437 412 439 439 423 411 411 424 426 393 401 441 477 460 479 473 461 441 469 495 463 452 434 449 458 485 495 469 451 439 437 449 456 437 426 412 454 446 461 426 410 431 417 412 442 420 430 397 405 414 467 458 434 432 447 424 420 416 406 444 478 452 458 466 435 404 421 446 431 449 434 426 397 427 446 474 448 424 437 436 453 430 447 474 466 433 432 413 416 403 451 466 472 437 417 404 468 446 461 429 422 426 459 461 452 458 429 448 480 463 442 464 439 434 420 425 449 451 463 446 438 462 459 426 401 412 395 394 422 432 430 442 438 415 408 441 447 451 470 413 425 441 431 453 481 453 425 421 391 401 423 460 467 464 462 446 437 418 427 422 419 447 469 473 493 478 474 435 399 401 423 432 410 377 406 432 468 484 468 466 448 473 469 451 472 460 459 473 459 433 432 445 421 434 426 408 444 435 436 437 427 440 439 410 437 452 434 444 429 438 431 434 446 445 421 415 421 417 438 460 473 446 443 469 496 503 495 439 434 448 448 440 427 450 454 441 394 416 425 439 444 455 465 467 467 479 457 447 434 435 435 421 436 465 460 471 448 458 439 448 449 464 489 475 452 445 447 427 436 425 430 431 412 422 422 427 429 441 460 433 461 463 446 469 480 463 418 409 417 423 459 456 442 446 434 417 413 406 412 408 393 432 397 388 425 441 423 461 452 476 455 419 439 418 432 426 429 458 485 469 440 467 431 420 396 424 435 423 446 439 432 436 437 452 453 431 460 443 443 447 437 476 480 449 474 489 466 455 440 440 414 407 417 416 444 439 429 450 432 396 430 412 407 415 375 
vem trace:

