SDId: 34874929
energy: 1.15932e+18
zenith: 0.590314
azimuth: 2.71755
GPSSeconc: 1127557080
stid: 332
spdistance: 1106.65
radio trace:
535 551 543 531 507 520 523 547 543 550 524 499 487 483 446 495 518 490 528 540 485 508 526 527 549 578 571 503 442 476 498 477 490 490 517 537 526 539 511 514 553 551 547 550 546 524 553 539 514 536 499 503 513 510 496 509 535 543 549 564 538 562 563 583 576 541 524 552 543 533 545 547 535 485 476 491 520 489 518 512 505 528 525 579 543 516 534 546 547 581 541 513 510 532 523 541 545 549 525 511 504 521 550 543 530 565 556 509 504 522 528 513 477 512 513 535 545 546 540 512 500 548 535 530 505 516 510 553 521 524 531 514 505 521 563 561 544 561 555 564 567 600 578 518 552 580 565 565 569 559 538 533 514 518 513 507 553 550 563 516 491 503 517 510 518 523 541 529 569 543 541 532 525 523 478 547 551 561 547 531 491 512 537 533 519 516 536 559 554 541 546 556 555 549 560 539 537 525 532 555 544 543 538 560 550 538 524 515 510 501 525 559 559 563 547 560 565 545 526 523 516 517 489 530 533 565 560 565 558 541 544 525 532 537 537 539 507 521 529 554 552 540 536 517 535 540 587 574 555 545 520 512 537 566 565 560 534 512 540 532 556 550 556 575 562 549 528 510 516 544 552 541 546 541 527 526 555 520 514 552 517 532 535 503 503 509 498 526 541 557 549 521 520 498 510 540 524 552 535 548 552 514 514 537 527 525 526 502 494 492 513 514 560 515 512 510 528 515 519 535 553 525 534 540 530 562 565 544 535 491 536 550 567 540 567 585 578 564 543 526 519 522 565 562 523 537 537 545 562 525 498 514 511 530 516 541 524 498 495 489 497 543 585 590 565 579 559 537 519 538 534 549 548 523 510 509 511 545 545 543 541 520 528 525 509 528 552 550 537 521 546 556 560 560 557 551 554 560 532 520 507 530 519 528 544 578 593 565 554 542 517 518 527 534 532 548 541 541 536 493 487 494 533 561 544 523 579 553 547 561 526 526 499 536 568 538 545 571 542 520 533 544 524 524 475 501 509 537 545 497 504 533 528 515 521 535 550 538 504 501 536 548 538 488 527 582 571 559 547 523 519 525 486 477 506 545 568 528 507 514 526 542 553 552 543 544 551 571 519 541 546 529 543 549 542 598 550 547 555 531 531 529 533 531 526 531 536 539 539 552 572 532 555 553 561 579 570 558 552 527 532 535 547 560 551 538 558 538 530 486 468 510 529 537 553 546 538 514 513 518 554 562 535 525 523 507 551 548 485 451 478 495 525 536 541 522 525 539 498 479 485 524 534 563 579 596 572 565 553 543 537 569 557 525 516 506 506 510 524 523 547 545 548 542 530 537 550 556 552 566 592 555 548 567 516 500 527 554 543 519 535 515 503 512 531 514 536 546 552 570 532 524 524 537 583 542 521 517 512 554 560 556 548 546 562 550 552 549 559 536 535 506 531 525 534 504 482 532 572 569 550 538 547 556 550 551 512 516 526 530 549 543 536 570 531 539 525 538 550 551 551 524 528 535 572 567 566 542 515 493 503 497 481 498 498 493 492 511 489 529 548 549 551 559 570 567 575 587 547 536 536 511 520 522 552 563 563 518 489 514 507 513 532 528 543 511 522 552 538 515 516 488 496 501 511 518 523 518 522 510 515 533 545 526 510 498 528 557 558 540 518 524 497 494 503 493 487 516 541 546 537 530 507 493 499 526 524 495 533 556 532 530 532 533 542 545 561 558 521 523 533 529 534 524 508 510 543 549 
vem trace:

stid: 342
spdistance: 1157.51
radio trace:
404 401 395 409 408 405 415 426 386 379 419 443 416 415 425 419 431 413 424 431 430 417 388 375 385 409 422 453 434 412 385 398 411 425 403 392 403 396 407 434 461 424 397 404 385 383 392 404 405 416 421 424 440 419 431 414 422 411 421 434 436 427 411 412 382 393 373 378 360 363 383 394 393 407 428 403 419 412 397 407 369 375 369 375 394 408 425 427 419 416 375 393 394 393 384 403 413 432 435 428 419 423 435 407 395 427 444 428 414 434 423 426 405 421 440 412 421 403 387 390 390 428 409 413 410 399 410 389 383 388 367 366 394 422 422 438 427 391 389 383 386 410 417 415 404 397 378 393 374 395 407 413 406 401 440 439 446 461 432 428 424 418 411 393 414 411 431 443 425 436 452 387 414 396 389 418 444 404 401 412 418 434 431 437 397 361 381 416 392 415 387 393 398 404 412 400 397 393 385 427 455 445 437 419 425 429 424 382 411 431 431 432 448 457 432 404 424 413 393 405 414 438 423 410 402 406 397 387 406 416 396 422 429 423 415 410 438 433 457 454 415 412 397 388 383 365 385 397 423 400 380 398 423 402 386 403 409 423 427 443 455 435 410 398 390 402 406 424 463 444 439 440 407 389 419 438 423 417 412 427 451 457 443 426 413 392 400 399 383 411 413 400 382 388 398 421 396 391 398 438 447 440 428 420 380 382 412 405 407 399 398 406 413 419 417 429 403 391 395 398 400 398 400 422 414 400 427 463 443 418 431 436 410 399 401 405 405 399 401 388 425 439 416 427 434 420 418 392 368 354 389 404 400 405 417 416 421 440 440 418 396 410 407 419 439 466 442 422 391 377 375 418 411 389 370 370 411 401 412 391 389 406 367 399 412 418 435 424 412 445 428 415 405 409 404 429 421 427 406 389 405 397 422 427 432 416 415 412 391 385 381 386 388 402 416 429 409 418 393 388 422 386 392 413 394 409 440 438 435 423 406 405 417 416 370 386 430 448 442 425 427 444 416 437 431 415 412 451 439 395 391 407 400 418 412 423 427 404 410 419 429 441 422 388 370 409 407 408 404 415 423 445 428 443 442 434 438 413 390 414 405 410 399 379 391 399 384 410 424 417 380 387 396 386 417 448 446 453 413 413 429 431 431 438 430 399 384 378 401 409 431 445 437 405 428 421 416 414 406 400 393 429 440 428 451 415 402 420 399 397 403 422 412 435 435 420 398 397 411 418 420 429 442 427 395 389 418 437 407 411 435 451 432 437 436 429 428 421 395 382 388 398 409 433 401 405 385 402 399 435 403 415 409 406 417 413 435 420 393 395 375 379 397 398 409 435 462 458 443 458 439 452 443 422 403 387 381 407 426 388 384 377 380 392 427 421 428 416 392 405 379 382 405 387 403 400 410 392 408 434 421 415 432 396 408 414 422 436 418 427 413 403 374 364 383 405 397 396 381 410 427 416 394 415 412 392 392 375 368 354 371 400 419 459 458 426 421 411 394 408 426 381 388 409 417 422 433 429 390 366 378 423 397 406 423 402 426 441 424 429 414 418 402 427 457 424 389 402 420 409 455 429 410 411 420 408 413 385 405 421 423 425 394 383 398 400 405 445 441 433 405 419 432 427 439 406 423 415 392 403 388 401 404 399 398 379 388 409 443 422 405 395 385 387 413 436 455 459 435 436 418 428 425 421 416 426 416 389 406 409 408 403 410 410 407 400 426 393 377 394 397 427 409 411 400 392 412 419 
vem trace:

stid: 343
spdistance: 1603.06
radio trace:
478 489 434 415 414 445 448 481 475 470 479 467 451 468 457 447 453 435 409 413 434 438 469 479 488 471 449 438 452 488 475 474 477 460 455 453 440 441 432 461 475 472 462 468 467 462 456 474 482 445 451 446 466 467 457 451 413 432 447 461 457 458 467 479 440 419 454 442 461 456 459 468 459 471 440 479 472 469 460 444 459 429 437 439 414 415 421 423 453 456 446 450 459 466 466 470 482 443 417 441 451 453 463 481 460 468 489 478 470 468 461 466 450 439 432 431 431 464 466 482 466 447 404 426 441 436 432 452 454 446 429 446 426 441 450 489 485 479 460 465 437 434 468 467 448 456 468 467 489 464 412 413 423 455 461 454 467 469 484 465 439 417 411 441 449 454 467 459 477 473 487 478 475 423 434 444 438 465 476 449 469 443 436 394 403 421 420 454 448 433 455 462 470 475 456 446 430 461 446 454 441 463 444 435 427 444 431 440 447 470 465 426 438 453 443 442 442 445 470 458 475 455 458 457 451 423 438 434 450 456 471 433 445 457 468 477 480 420 434 439 450 461 444 433 454 453 448 431 428 437 450 459 460 444 462 440 451 458 470 483 447 451 463 449 461 478 466 449 450 470 475 459 472 496 480 490 477 467 488 473 468 480 495 459 473 460 444 455 473 467 430 451 451 443 437 448 465 472 510 464 470 450 436 432 405 449 433 449 471 498 485 481 494 488 470 447 459 457 448 438 465 476 454 445 439 438 461 460 456 469 485 461 462 458 464 474 441 451 462 425 440 419 428 458 480 493 479 455 461 485 459 459 468 471 497 465 461 423 459 447 435 453 459 443 461 460 450 457 417 427 452 459 476 475 482 473 467 447 437 452 461 441 433 440 459 450 435 429 447 457 432 463 451 432 429 437 457 473 456 466 466 491 492 456 438 466 477 480 451 453 484 478 461 480 459 446 496 475 433 423 447 452 451 447 438 451 469 450 403 443 433 443 412 434 449 441 465 461 480 467 462 454 446 459 448 437 430 452 462 468 464 447 450 458 459 457 439 461 473 471 464 422 437 425 438 451 451 445 465 449 440 462 466 441 457 452 448 445 440 443 439 440 456 472 480 461 439 475 464 469 459 452 478 491 471 471 450 458 453 460 470 463 467 462 451 466 445 464 486 470 485 476 433 425 413 423 425 456 446 444 462 470 492 489 442 412 401 429 457 466 477 454 448 450 444 452 450 449 477 485 430 407 447 484 490 475 445 429 426 430 448 452 438 433 460 443 449 449 476 462 476 467 469 481 451 439 455 451 452 439 451 445 445 468 457 470 442 472 487 482 453 436 441 467 449 465 479 481 482 465 458 451 433 459 482 471 465 476 447 455 459 457 476 461 446 440 432 439 451 465 447 430 468 484 463 472 463 444 464 488 484 480 460 452 464 464 454 449 424 446 455 451 428 432 439 468 442 431 431 446 452 478 488 463 439 450 463 445 454 438 437 447 470 457 463 452 447 444 447 468 486 475 443 459 452 453 425 434 435 422 458 447 443 456 475 489 473 496 491 484 506 456 437 428 448 483 479 468 470 466 461 476 490 492 473 470 452 465 466 455 435 459 445 459 446 453 462 470 467 471 448 450 447 431 437 435 428 404 438 475 452 449 462 483 489 486 465 455 477 451 458 450 450 462 439 456 465 464 449 443 449 459 435 430 471 467 434 445 438 456 445 461 437 445 464 467 452 441 429 463 474 481 451 428 437 463 459 472 
vem trace:

