SDId: 34738143
energy: 3.89085e+17
zenith: 0.561032
azimuth: 1.42527
GPSSeconc: 1126697423
stid: 333
spdistance: 726.306
radio trace:
388 398 389 422 392 406 434 463 425 410 436 424 441 462 460 444 452 431 460 461 461 490 445 426 447 486 470 452 427 418 424 405 419 468 457 479 478 471 456 448 468 488 476 488 480 473 461 456 452 377 400 426 457 471 455 428 404 424 464 420 440 466 487 478 414 426 453 451 471 454 425 420 429 429 435 460 447 475 488 479 476 473 459 422 415 414 431 423 452 456 458 460 444 411 389 404 467 466 441 414 442 493 484 453 447 437 439 442 447 446 431 441 464 459 461 457 480 466 454 404 441 454 415 434 444 444 425 436 432 420 435 429 431 411 435 471 439 439 430 399 412 457 467 442 454 455 422 419 439 465 455 462 460 452 440 441 446 443 433 437 441 442 449 434 429 438 426 427 445 484 448 431 407 416 407 412 447 411 410 419 420 427 450 461 440 446 429 423 437 480 477 444 452 440 387 434 464 427 420 425 463 464 441 411 445 461 458 454 460 452 446 469 465 417 437 410 411 418 418 425 431 472 466 469 467 424 403 423 414 392 425 426 414 427 443 414 429 415 420 426 442 458 465 446 443 437 425 447 420 445 443 445 430 422 410 392 434 458 435 464 494 500 448 418 427 401 418 424 405 370 390 417 416 458 445 433 432 429 425 445 393 374 399 443 428 384 420 393 427 454 433 434 448 454 421 429 445 398 399 389 418 427 428 451 464 422 406 415 443 449 453 452 449 445 471 486 473 432 433 404 423 455 454 435 429 431 462 477 464 457 456 406 399 391 413 409 435 433 441 456 417 428 406 443 473 472 470 454 441 436 460 464 449 428 422 431 446 416 423 450 450 445 419 435 439 425 448 439 427 397 380 422 481 457 459 497 482 467 463 448 433 446 432 411 408 398 453 479 471 477 458 450 468 425 432 480 453 413 440 459 461 464 446 418 417 446 392 422 433 437 416 423 408 445 446 435 447 434 448 466 471 434 419 403 422 395 361 387 426 423 431 432 429 422 375 388 382 356 366 399 422 407 387 413 416 465 465 441 432 426 432 434 421 434 416 404 383 388 433 412 401 411 422 434 439 433 427 423 391 403 424 427 419 455 488 484 460 468 488 472 461 457 436 450 454 462 446 432 383 390 427 414 404 413 414 445 400 433 433 440 392 374 413 448 441 455 445 412 421 424 417 415 416 435 448 475 453 413 453 438 440 440 477 442 413 421 388 392 433 472 484 494 481 447 443 449 467 472 454 450 446 454 434 430 425 429 425 434 411 396 439 434 430 416 431 418 468 427 428 426 440 411 407 437 426 429 431 418 416 413 442 438 463 441 433 469 454 429 437 441 446 456 430 429 405 365 407 423 456 464 459 475 471 446 446 444 422 439 466 446 432 456 440 448 436 418 410 407 414 385 429 434 430 437 425 405 419 424 395 401 445 423 418 427 446 440 424 423 428 470 459 449 453 460 458 474 438 393 376 374 397 384 391 408 399 422 472 467 441 387 398 423 406 407 401 400 417 418 398 405 420 474 429 428 419 404 437 464 464 439 443 431 422 443 447 416 432 435 435 432 403 417 419 450 456 437 443 463 443 439 437 424 419 411 433 427 423 427 435 402 415 421 412 392 372 392 427 452 435 439 448 436 477 491 478 490 500 462 439 409 428 418 424 430 454 458 435 420 404 409 435 440 405 404 442 459 446 450 420 394 450 445 423 429 432 395 397 408 426 466 437 460 422 434 434 430 403 409 409 452 469 460 456 447 424 454 454 435 
vem trace:

stid: 332
spdistance: 1401.36
radio trace:
541 535 537 546 519 534 521 534 558 535 548 553 568 534 538 541 524 532 520 519 534 506 531 557 556 539 560 554 541 540 537 519 524 548 554 595 575 543 510 514 558 526 557 571 565 551 557 594 551 547 552 565 585 581 545 529 545 540 527 532 500 507 496 548 547 531 527 538 524 541 550 561 510 536 547 548 554 520 553 589 567 502 516 546 570 535 517 529 525 543 571 569 526 531 532 541 512 510 531 520 542 526 504 542 524 543 542 499 491 553 597 590 524 470 473 515 530 486 524 546 551 539 499 505 523 517 519 532 541 532 511 542 559 544 536 524 510 517 469 530 552 540 542 562 555 561 586 577 552 560 548 551 538 513 501 531 550 521 489 513 494 535 555 541 545 502 496 506 522 551 508 547 578 552 567 563 551 534 514 505 502 526 519 512 510 514 548 564 555 514 502 515 522 495 517 534 508 503 504 511 502 519 479 465 469 518 523 533 511 501 495 543 564 571 534 543 570 559 554 547 534 535 532 564 525 522 546 546 558 541 522 536 519 557 563 562 575 584 564 601 604 564 552 546 552 534 551 543 493 491 516 567 548 564 518 513 542 561 551 533 555 560 556 546 510 508 520 553 527 503 497 504 476 537 550 569 548 537 556 571 562 569 556 537 537 507 494 521 482 497 565 562 564 535 542 575 578 593 576 572 532 539 556 557 522 548 522 538 535 539 554 537 542 551 558 568 559 532 543 549 550 530 519 545 540 532 558 556 543 513 537 536 571 569 531 508 529 531 512 548 542 547 519 539 535 510 500 537 560 552 521 531 534 510 534 548 507 506 554 538 509 523 520 521 506 528 551 572 560 563 516 520 533 519 534 502 495 534 539 574 590 580 557 538 538 532 501 505 496 527 523 545 525 498 464 490 541 517 529 545 563 559 554 558 558 551 541 563 503 538 528 545 529 533 521 537 542 550 499 501 507 521 526 515 515 516 507 537 546 563 541 534 537 522 483 494 518 525 568 596 570 571 577 557 522 543 541 528 556 568 538 487 491 534 534 523 511 514 538 543 527 528 556 590 560 526 499 511 518 518 503 493 516 534 541 553 532 531 512 500 510 521 549 551 561 529 502 513 554 542 524 539 488 493 530 533 535 536 524 512 555 541 558 545 521 527 509 499 512 502 515 500 521 567 568 570 584 558 555 550 546 535 516 532 530 535 519 514 509 529 549 515 530 539 547 555 564 576 547 538 539 536 562 578 535 534 528 525 509 551 549 560 532 524 485 483 524 505 537 525 519 528 547 553 547 535 546 518 468 492 493 547 551 552 559 557 538 543 535 522 551 548 509 526 537 542 501 532 511 526 557 551 517 518 536 552 568 530 507 519 546 552 563 527 522 545 535 529 563 587 582 556 548 540 556 543 537 539 573 570 557 542 567 536 497 533 539 568 562 558 548 555 546 561 577 555 582 595 571 557 529 516 508 499 524 539 522 555 554 582 555 547 543 520 536 515 509 545 526 535 572 538 523 516 539 530 550 600 578 557 522 516 494 517 529 499 529 504 535 526 512 497 510 503 529 518 546 549 557 540 513 555 546 498 500 526 531 553 562 512 495 530 544 537 531 532 540 540 526 559 550 548 583 577 550 542 534 510 521 508 488 508 549 529 511 495 532 517 541 542 543 535 522 508 485 503 531 512 497 499 491 523 540 545 564 572 573 495 504 535 476 524 543 543 534 534 495 505 527 512 558 564 564 536 516 517 539 542 
vem trace:

