SDId: 34804526
energy: 4.66841e+17
zenith: 0.283344
azimuth: 6.09145
GPSSeconc: 1127109419
stid: 419
spdistance: 523.994
radio trace:
486 450 460 504 508 511 517 491 502 488 481 482 515 498 437 398 403 487 495 462 399 347 409 463 442 441 449 463 449 478 483 486 436 453 459 478 491 496 484 489 475 451 393 409 426 364 395 432 426 457 479 488 473 428 452 465 453 433 461 463 478 488 451 440 516 507 519 506 456 437 429 425 403 427 432 447 513 463 440 444 459 499 493 468 452 431 396 394 411 401 419 444 469 449 496 509 471 433 464 447 404 443 489 480 457 428 383 389 447 429 431 428 467 458 430 453 421 431 449 470 470 451 460 472 440 411 421 484 446 443 430 433 467 453 466 500 496 457 451 484 458 419 461 473 436 450 439 463 460 433 428 432 441 469 493 473 497 492 514 498 479 421 428 485 493 494 488 414 475 476 454 493 507 458 409 415 450 452 489 467 462 458 467 453 422 409 485 500 510 501 491 507 495 492 514 472 447 467 443 439 439 441 479 459 432 499 502 457 420 459 440 435 425 478 491 466 466 461 477 470 490 462 469 443 444 422 423 441 458 457 464 410 450 447 417 423 439 436 417 452 449 461 499 506 458 469 488 448 444 433 467 492 446 426 415 451 462 476 478 495 457 457 494 466 446 474 446 426 451 440 407 482 498 467 450 456 469 503 483 469 469 462 446 471 436 455 470 439 467 470 475 481 460 441 448 450 466 454 446 439 472 460 425 450 444 443 433 418 430 410 415 437 451 495 471 475 506 481 434 444 427 444 487 487 452 434 418 413 428 487 487 447 470 430 443 445 487 510 495 489 451 431 475 444 428 457 464 442 409 419 408 439 478 461 440 429 469 478 422 456 473 505 491 453 464 496 473 508 479 450 395 403 442 395 413 433 454 450 476 471 471 446 457 462 475 440 409 460 476 443 459 423 444 447 454 440 481 491 493 485 454 458 468 487 477 460 463 457 437 470 485 480 475 490 452 460 410 472 476 457 419 424 449 449 487 470 505 483 462 458 454 450 437 474 492 441 435 458 514 513 486 468 441 404 407 456 484 480 450 457 434 429 388 461 427 413 451 452 463 478 493 480 487 489 449 452 478 514 441 477 465 463 491 485 456 480 493 458 445 470 478 487 485 470 477 437 444 394 411 419 455 461 419 418 458 503 464 460 458 454 441 504 521 493 489 447 452 480 490 453 431 458 480 436 410 430 457 430 465 477 452 441 449 431 429 411 387 413 475 457 446 474 478 481 493 498 533 508 466 462 430 437 451 457 477 462 441 439 468 513 540 537 487 476 490 509 551 470 464 475 468 474 477 488 485 489 505 460 448 452 440 499 526 508 514 499 482 441 463 460 468 426 412 460 436 410 447 494 508 474 424 425 435 430 437 444 489 440 442 456 479 462 388 373 409 429 466 456 465 475 463 458 448 430 413 428 437 495 511 447 435 441 454 469 484 448 445 463 459 447 457 425 462 488 480 461 458 454 441 469 432 435 455 478 483 488 490 431 422 453 467 420 398 427 461 472 507 499 504 493 456 502 495 437 423 481 487 445 474 476 468 431 413 460 489 540 541 476 427 443 480 474 445 471 470 443 400 376 418 403 447 450 425 405 425 461 456 491 504 494 469 440 408 427 483 462 498 494 453 444 441 423 462 491 497 519 475 472 469 427 450 469 467 491 463 447 470 424 456 460 431 428 436 447 457 469 479 462 425 424 422 470 499 484 479 431 482 497 483 455 438 456 514 471 484 441 457 450 463 429 399 431 441 474 495 500 475 494 
vem trace:

stid: 343
spdistance: 1569.54
radio trace:
447 463 460 436 442 431 489 460 433 438 422 438 451 469 441 441 437 470 485 483 454 437 467 490 474 466 450 481 487 450 436 461 461 450 410 416 419 448 482 495 501 503 489 473 469 465 447 450 451 425 431 417 446 448 462 462 448 453 467 451 435 405 428 421 444 439 424 439 498 465 463 459 436 410 416 392 431 434 449 439 461 449 434 426 441 446 454 441 463 473 462 445 461 484 459 448 464 459 478 467 422 429 459 486 470 457 443 432 448 442 431 435 447 463 443 453 463 485 488 475 481 483 474 439 446 438 441 473 454 453 457 455 466 462 482 475 468 454 453 438 429 423 414 429 448 455 465 454 436 448 439 442 464 454 459 447 465 455 462 447 462 451 467 456 485 473 453 464 454 448 464 440 459 437 446 463 447 457 469 461 458 434 435 453 460 458 468 458 450 462 451 443 450 443 442 444 443 440 435 441 436 448 463 470 442 434 467 481 501 470 466 414 415 422 418 422 429 420 434 472 464 452 454 432 432 458 461 451 454 443 446 438 409 407 416 452 466 469 452 444 445 460 460 449 431 423 458 442 469 469 467 441 437 433 462 444 398 454 467 456 413 431 435 462 455 451 409 435 458 442 448 458 455 484 458 445 444 446 438 448 434 418 426 435 488 509 482 496 476 483 469 488 481 477 480 489 475 481 479 465 493 481 506 502 464 474 446 471 462 500 506 479 485 480 480 488 490 473 468 485 479 477 448 458 454 426 452 412 409 419 473 432 438 431 446 448 454 444 434 453 472 468 479 468 448 456 452 470 469 472 492 462 442 434 461 456 442 424 422 419 466 453 444 450 460 439 430 441 452 464 463 459 417 427 444 475 468 452 442 458 422 464 460 450 468 476 489 459 451 456 453 461 480 445 444 441 435 443 458 463 425 423 422 436 427 426 424 422 434 409 432 441 442 453 424 450 419 435 452 464 441 429 409 425 428 447 462 443 415 444 480 468 458 472 477 467 457 455 489 490 459 460 479 461 469 445 454 429 424 446 443 435 451 440 457 463 473 454 449 444 453 450 478 464 451 455 450 440 422 425 430 414 446 475 432 436 443 449 433 438 482 480 484 484 463 429 440 452 451 445 449 452 436 438 448 462 415 408 426 467 470 468 449 444 471 411 442 472 472 451 442 448 485 481 435 430 451 406 428 438 411 412 417 447 451 447 433 414 418 431 468 473 484 462 453 452 465 463 449 428 412 431 424 432 438 468 480 468 476 440 412 420 462 464 457 453 456 473 458 439 432 453 455 431 427 464 489 466 475 460 468 474 428 432 442 450 422 419 449 441 454 479 466 461 479 450 447 457 454 421 444 463 452 445 460 469 445 467 471 432 450 440 439 455 456 433 434 440 431 452 420 423 443 456 462 438 451 443 470 465 458 431 398 400 451 449 441 465 453 425 459 475 468 479 496 463 460 452 446 461 446 458 457 474 463 442 421 427 435 439 445 455 456 456 448 446 439 417 417 418 425 455 472 490 479 462 447 445 443 450 448 433 419 439 452 472 487 443 462 459 441 468 458 453 475 443 441 413 445 441 458 459 458 485 470 455 445 461 480 467 447 443 459 450 439 450 479 468 447 453 459 446 445 426 469 457 456 421 423 428 453 468 484 443 419 422 453 456 425 445 448 452 447 443 440 451 465 415 412 451 487 474 435 422 419 442 444 441 441 472 444 412 432 442 452 483 478 449 445 450 456 463 470 456 443 455 456 443 
vem trace:

