SDId: 34884515
energy: 6.28742e+17
zenith: 0.643776
azimuth: 1.43518
GPSSeconc: 1127618035
stid: 342
spdistance: 640.589
radio trace:
423 404 404 422 410 429 435 454 463 446 423 469 463 463 467 455 444 443 449 458 475 455 441 422 424 448 454 453 467 467 439 421 423 427 453 431 432 422 437 426 416 423 392 430 406 403 422 427 448 456 452 478 466 455 448 433 412 446 432 425 430 445 435 427 435 439 469 476 438 392 396 403 406 422 421 430 448 453 450 474 459 441 401 392 407 410 410 443 398 405 407 414 388 412 412 440 442 437 452 464 467 458 435 427 424 432 451 451 449 430 432 443 411 425 422 425 420 419 452 450 444 443 432 441 439 433 463 454 451 443 439 412 437 434 436 451 456 451 451 450 451 481 492 458 445 457 468 440 426 401 407 385 374 401 378 394 414 427 451 462 476 475 477 445 433 413 425 424 435 445 454 455 440 433 441 439 434 446 443 432 447 442 428 446 436 431 416 391 414 411 414 400 410 415 410 417 431 443 432 439 439 438 432 423 429 409 387 414 427 425 465 469 455 475 444 445 439 425 425 439 416 432 455 449 448 446 448 465 474 467 441 459 454 440 421 403 449 445 430 430 446 432 409 446 423 414 437 422 390 433 462 483 463 444 407 447 450 415 400 424 469 453 436 432 441 451 449 442 443 421 431 426 425 411 397 411 406 410 438 405 406 463 442 425 428 444 455 433 411 399 430 433 411 424 437 435 452 419 444 430 410 464 473 427 425 439 441 420 444 442 442 431 425 446 473 476 451 457 423 442 428 428 456 445 444 431 447 471 463 448 427 427 451 456 431 430 425 430 458 430 420 435 429 439 408 403 417 421 422 443 443 438 421 424 449 456 458 456 435 428 443 425 426 442 459 456 453 422 417 420 423 418 432 413 394 411 434 452 438 426 440 432 437 432 425 453 443 403 418 443 438 477 466 457 469 458 449 438 437 433 422 430 449 444 442 460 462 432 430 435 441 448 431 439 430 441 434 436 436 431 428 456 452 452 447 405 417 421 402 405 427 407 424 435 412 428 455 438 437 458 462 449 472 478 468 447 438 453 465 445 408 404 422 441 441 427 447 413 412 427 448 434 441 437 442 440 414 438 446 429 406 409 401 444 465 455 458 455 458 450 421 451 477 456 435 435 448 437 448 456 440 424 426 428 408 429 439 473 455 453 460 450 436 448 482 464 445 442 445 426 443 427 442 433 434 410 392 414 416 405 422 445 469 453 430 429 433 440 421 449 427 418 442 440 438 395 390 402 413 443 452 466 474 452 436 415 439 445 444 453 447 425 426 411 396 392 408 396 402 398 409 418 444 439 411 423 431 450 430 431 433 436 438 420 433 460 436 426 414 449 423 460 440 411 420 454 449 430 456 454 452 420 425 420 416 433 444 460 463 464 445 424 456 450 450 443 461 455 451 418 391 422 439 450 437 450 422 422 415 434 445 455 461 457 455 466 472 460 447 441 464 461 434 432 435 401 425 436 461 466 470 457 436 423 437 414 406 394 433 391 422 444 464 442 427 420 444 438 429 434 428 451 448 420 405 421 448 444 425 442 447 431 408 405 390 390 418 403 401 386 433 440 463 429 413 431 451 454 443 460 431 428 448 454 429 445 441 439 462 459 409 415 435 416 420 456 443 428 415 419 418 432 424 434 422 418 439 440 425 424 413 424 448 439 442 439 452 452 462 458 447 456 431 460 451 427 448 427 388 409 436 447 454 454 446 415 414 396 420 413 428 436 436 444 442 435 412 414 442 444 430 424 447 453 439 408 414 436 
vem trace:

stid: 333
spdistance: 925.319
radio trace:
449 454 451 467 463 438 436 411 420 432 444 428 410 446 438 465 482 437 424 401 415 429 404 419 427 485 472 429 442 424 410 415 457 452 454 427 419 430 452 456 477 423 439 454 463 451 433 437 436 449 406 409 420 431 437 439 442 431 438 431 436 453 451 438 464 447 425 453 443 450 445 455 439 432 433 432 434 414 456 449 457 447 451 444 429 412 420 449 436 438 439 444 429 445 421 396 413 423 433 459 455 447 440 434 453 459 440 438 442 440 430 433 464 444 423 434 473 481 460 449 444 461 464 457 442 422 422 435 428 428 413 448 461 452 446 449 476 408 407 440 443 469 438 444 464 479 490 497 475 444 384 393 409 422 452 448 449 426 439 421 443 449 427 424 448 437 431 416 403 390 396 415 409 417 385 346 371 407 455 466 449 454 485 488 437 452 462 443 414 397 398 409 440 453 461 476 465 464 471 468 452 402 407 427 464 430 400 391 437 450 435 415 414 431 408 425 441 404 436 457 465 437 420 440 407 364 404 398 398 417 432 437 442 429 443 429 429 409 409 410 399 400 441 442 397 406 405 395 434 435 400 407 430 420 417 425 432 449 457 442 436 408 423 425 436 464 432 431 418 376 403 436 431 429 435 444 438 433 421 388 395 390 397 411 428 419 450 451 460 455 423 446 411 413 433 448 441 427 418 415 423 410 431 422 443 414 423 435 448 483 479 482 455 431 434 415 433 424 451 430 473 485 485 469 428 441 454 458 419 408 429 430 436 405 404 419 403 416 433 416 420 403 401 466 446 413 400 438 480 471 434 421 437 445 428 410 452 474 483 467 465 462 437 437 446 466 463 426 453 468 463 453 471 464 451 443 401 400 380 387 412 455 440 445 451 469 428 443 436 435 436 424 446 439 438 425 438 430 432 464 440 445 447 416 409 442 451 439 441 463 455 452 427 454 484 456 424 446 446 408 373 402 438 456 440 461 456 440 470 475 453 457 488 433 448 449 446 422 401 381 390 429 424 432 456 436 434 435 436 397 419 417 446 470 459 456 458 441 458 444 442 442 405 382 364 411 431 423 429 420 463 427 418 423 441 449 437 408 439 442 455 443 432 428 425 440 443 449 429 438 437 457 457 436 427 418 405 389 418 434 413 420 414 377 398 400 424 454 448 393 395 454 444 417 465 422 404 403 420 460 494 488 477 464 425 387 404 433 440 441 431 456 440 418 406 439 472 470 459 408 417 422 401 439 451 439 430 411 417 470 453 454 427 433 464 440 434 443 395 401 417 427 446 418 422 431 413 404 436 430 416 411 444 402 383 392 407 435 456 442 455 452 462 447 463 429 402 431 443 440 441 422 456 437 416 421 381 423 415 384 383 423 449 453 433 455 436 412 397 412 430 418 402 412 451 408 439 428 437 440 424 441 403 418 423 405 437 415 371 439 454 448 445 455 463 415 444 434 444 434 436 472 478 432 420 425 425 421 416 402 419 397 423 449 462 440 409 441 464 436 435 437 443 451 439 432 412 431 394 379 427 408 434 430 443 445 458 453 434 457 465 454 484 492 488 445 400 424 447 446 408 415 429 445 438 428 413 444 429 423 433 478 476 447 497 481 473 459 468 464 429 435 422 440 468 452 437 420 448 457 445 416 411 412 444 447 445 418 422 408 408 423 455 443 447 460 468 446 414 438 463 446 437 421 404 432 455 459 423 416 398 428 458 489 486 454 437 394 401 406 436 419 430 454 456 415 401 437 
vem trace:

