SDId: 34854016
energy: 9.66098e+17
zenith: 0.806397
azimuth: 1.66574
GPSSeconc: 1127427110
stid: 332
spdistance: 148.914
radio trace:
573 579 528 548 553 548 554 580 581 583 601 586 577 597 567 542 570 570 560 583 585 565 575 597 600 583 564 568 576 588 581 583 592 566 554 553 554 606 594 588 560 588 579 553 591 583 551 557 574 576 592 587 578 584 589 553 547 536 576 593 597 592 568 544 544 523 516 523 555 583 592 589 574 555 562 551 580 556 529 549 571 564 551 548 527 562 585 589 604 608 557 543 533 552 575 569 550 526 537 543 528 555 580 566 569 584 585 616 567 544 574 584 600 581 620 589 553 541 563 608 574 604 649 609 566 581 589 554 540 550 569 560 525 536 527 581 536 552 568 570 542 527 521 520 529 504 491 512 554 562 570 576 544 575 569 598 597 629 615 626 634 617 575 553 529 543 546 532 530 524 519 533 560 559 556 558 539 531 510 534 529 538 568 598 595 594 590 592 573 538 542 563 578 537 548 589 583 584 566 564 569 573 555 565 542 568 550 572 564 573 574 583 599 564 513 529 533 538 516 517 560 546 547 539 553 530 559 545 546 578 593 579 559 579 607 578 566 561 552 532 515 543 587 580 583 572 531 519 553 578 586 568 566 536 506 474 481 538 537 539 559 550 535 543 575 590 587 581 578 586 636 629 619 603 570 597 603 577 562 547 576 551 570 550 557 578 588 581 536 510 550 560 537 563 563 528 548 576 567 556 560 573 562 555 547 585 572 572 572 581 552 552 546 551 531 503 501 522 537 554 592 568 564 562 565 564 566 611 614 584 576 565 544 577 550 558 564 556 533 562 551 573 616 591 582 592 569 563 579 567 543 563 585 574 532 524 528 548 581 564 560 586 572 572 582 568 586 556 512 517 558 583 562 553 594 564 574 519 559 565 574 569 532 526 537 529 558 559 545 522 532 527 526 557 543 562 537 576 578 589 614 617 609 584 564 519 525 555 562 572 570 553 529 536 557 558 565 575 546 558 554 582 575 545 546 556 518 549 547 553 534 525 547 545 566 602 601 556 558 579 501 540 555 606 566 554 560 557 533 549 569 536 555 563 540 538 562 541 531 537 549 589 575 599 577 544 554 520 533 574 600 588 565 569 620 582 569 583 562 549 537 515 573 581 566 566 545 539 567 573 590 542 511 535 529 557 552 557 521 487 503 517 534 521 529 538 536 552 542 569 574 589 627 602 585 561 565 560 570 539 517 533 530 545 521 553 532 516 518 575 557 601 583 570 578 578 587 574 589 549 531 556 546 536 542 542 543 560 554 575 554 520 575 549 559 557 570 608 624 645 622 587 588 541 538 555 569 567 554 536 527 531 575 555 546 539 559 592 561 565 568 551 524 522 555 581 589 610 580 539 575 582 560 589 588 591 571 525 522 585 592 609 596 584 587 580 547 545 553 566 586 586 553 552 557 582 568 588 570 563 568 543 557 573 606 587 613 589 537 541 551 552 546 518 518 533 524 549 547 579 570 589 579 563 547 553 525 567 577 574 569 578 572 562 553 546 554 527 546 580 580 587 544 550 548 527 569 583 567 581 585 598 570 540 577 558 535 562 578 557 577 596 572 587 557 548 586 576 603 618 624 578 573 570 548 536 527 543 567 558 537 528 557 568 583 577 545 529 547 508 514 528 547 536 536 531 517 547 539 550 554 539 540 540 569 586 580 580 601 572 562 579 593 571 612 613 597 617 579 562 565 568 568 569 571 582 603 602 589 581 576 544 563 556 568 560 543 559 570 597 579 575 557 511 541 582 572 577 
vem trace:

stid: 341
spdistance: 984.327
radio trace:
572 590 543 501 520 504 491 506 545 514 538 489 528 557 528 485 489 498 502 534 496 509 527 538 536 515 503 539 530 520 559 532 514 508 496 522 542 540 516 526 546 533 556 542 514 515 537 482 513 582 574 565 584 575 570 509 461 502 510 532 513 487 512 528 536 552 517 506 509 557 543 522 542 524 523 517 491 496 500 472 478 539 536 514 523 501 523 520 503 477 513 526 555 564 578 544 522 522 544 528 534 552 538 538 540 514 548 560 542 553 563 576 540 498 555 570 564 563 550 587 600 600 585 577 594 569 550 545 573 579 582 568 574 543 556 523 549 565 594 559 500 502 489 479 537 492 498 502 507 566 549 594 550 554 526 556 563 548 570 538 541 540 533 506 528 513 519 505 519 520 520 542 509 508 513 543 579 559 555 545 516 526 522 532 500 545 557 556 562 494 533 531 506 534 545 490 520 502 510 550 556 559 556 512 513 506 513 509 544 535 550 557 596 597 505 499 519 526 550 520 496 548 516 510 531 532 584 537 483 483 544 563 514 546 561 553 550 554 540 538 497 477 507 495 516 552 522 537 547 585 568 523 545 570 549 602 595 622 600 541 506 532 573 559 571 562 532 538 549 529 515 561 594 567 488 471 498 497 502 500 526 564 594 547 544 529 538 532 529 553 527 561 577 549 564 571 538 559 533 536 514 526 540 539 553 546 559 545 560 554 542 576 601 587 539 563 546 536 549 578 540 554 544 504 503 537 535 564 563 546 538 504 527 538 520 514 528 576 594 602 555 548 513 522 526 538 524 540 541 539 570 565 521 531 528 563 576 531 537 531 542 559 559 572 529 469 495 511 513 508 504 495 530 525 583 619 623 593 591 568 576 579 521 480 507 519 501 495 516 563 558 548 533 515 507 535 536 520 524 530 551 593 595 580 587 573 544 505 535 542 519 521 517 541 571 558 551 529 552 548 505 526 521 513 548 542 543 545 548 503 519 534 515 505 549 552 615 599 554 531 543 530 487 494 509 531 534 516 534 500 492 562 516 493 520 570 546 561 527 500 526 531 530 526 543 565 571 548 541 543 537 556 539 592 578 570 590 592 545 514 532 512 536 562 557 565 562 570 542 521 536 575 576 560 548 555 528 569 585 551 544 497 516 535 562 564 577 565 540 543 536 557 580 533 548 556 558 526 546 557 555 563 575 555 486 515 526 490 533 529 573 571 565 571 572 544 531 531 540 570 583 593 556 544 584 595 572 518 493 507 484 515 524 515 512 498 546 527 537 543 532 497 508 466 479 496 530 558 554 541 538 573 590 577 556 554 541 557 603 584 546 544 571 557 553 560 521 528 549 520 524 505 464 473 488 527 546 517 509 485 492 533 593 576 595 556 567 584 559 538 492 481 521 522 467 458 506 501 529 572 548 551 587 543 549 543 555 572 555 567 555 547 542 498 475 505 501 508 508 531 518 540 506 472 504 530 581 546 538 505 534 504 545 541 575 537 511 503 527 550 551 557 598 588 566 565 553 544 503 498 486 496 499 540 567 543 555 540 532 541 516 528 523 515 527 526 520 496 483 513 522 533 537 583 565 535 505 502 484 516 521 557 559 519 514 535 523 529 552 536 545 581 563 531 534 580 580 586 541 515 535 501 540 557 551 553 580 525 526 555 550 518 520 543 524 526 520 546 594 572 549 523 499 485 503 543 549 531 525 523 532 522 527 533 525 564 550 548 552 533 495 531 536 544 532 477 478 549 
vem trace:

stid: 341
spdistance: 984.327
radio trace:
572 590 543 501 520 504 491 506 545 514 538 489 528 557 528 485 489 498 502 534 496 509 527 538 536 515 503 539 530 520 559 532 514 508 496 522 542 540 516 526 546 533 556 542 514 515 537 482 513 582 574 565 584 575 570 509 461 502 510 532 513 487 512 528 536 552 517 506 509 557 543 522 542 524 523 517 491 496 500 472 478 539 536 514 523 501 523 520 503 477 513 526 555 564 578 544 522 522 544 528 534 552 538 538 540 514 548 560 542 553 563 576 540 498 555 570 564 563 550 587 600 600 585 577 594 569 550 545 573 579 582 568 574 543 556 523 549 565 594 559 500 502 489 479 537 492 498 502 507 566 549 594 550 554 526 556 563 548 570 538 541 540 533 506 528 513 519 505 519 520 520 542 509 508 513 543 579 559 555 545 516 526 522 532 500 545 557 556 562 494 533 531 506 534 545 490 520 502 510 550 556 559 556 512 513 506 513 509 544 535 550 557 596 597 505 499 519 526 550 520 496 548 516 510 531 532 584 537 483 483 544 563 514 546 561 553 550 554 540 538 497 477 507 495 516 552 522 537 547 585 568 523 545 570 549 602 595 622 600 541 506 532 573 559 571 562 532 538 549 529 515 561 594 567 488 471 498 497 502 500 526 564 594 547 544 529 538 532 529 553 527 561 577 549 564 571 538 559 533 536 514 526 540 539 553 546 559 545 560 554 542 576 601 587 539 563 546 536 549 578 540 554 544 504 503 537 535 564 563 546 538 504 527 538 520 514 528 576 594 602 555 548 513 522 526 538 524 540 541 539 570 565 521 531 528 563 576 531 537 531 542 559 559 572 529 469 495 511 513 508 504 495 530 525 583 619 623 593 591 568 576 579 521 480 507 519 501 495 516 563 558 548 533 515 507 535 536 520 524 530 551 593 595 580 587 573 544 505 535 542 519 521 517 541 571 558 551 529 552 548 505 526 521 513 548 542 543 545 548 503 519 534 515 505 549 552 615 599 554 531 543 530 487 494 509 531 534 516 534 500 492 562 516 493 520 570 546 561 527 500 526 531 530 526 543 565 571 548 541 543 537 556 539 592 578 570 590 592 545 514 532 512 536 562 557 565 562 570 542 521 536 575 576 560 548 555 528 569 585 551 544 497 516 535 562 564 577 565 540 543 536 557 580 533 548 556 558 526 546 557 555 563 575 555 486 515 526 490 533 529 573 571 565 571 572 544 531 531 540 570 583 593 556 544 584 595 572 518 493 507 484 515 524 515 512 498 546 527 537 543 532 497 508 466 479 496 530 558 554 541 538 573 590 577 556 554 541 557 603 584 546 544 571 557 553 560 521 528 549 520 524 505 464 473 488 527 546 517 509 485 492 533 593 576 595 556 567 584 559 538 492 481 521 522 467 458 506 501 529 572 548 551 587 543 549 543 555 572 555 567 555 547 542 498 475 505 501 508 508 531 518 540 506 472 504 530 581 546 538 505 534 504 545 541 575 537 511 503 527 550 551 557 598 588 566 565 553 544 503 498 486 496 499 540 567 543 555 540 532 541 516 528 523 515 527 526 520 496 483 513 522 533 537 583 565 535 505 502 484 516 521 557 559 519 514 535 523 529 552 536 545 581 563 531 534 580 580 586 541 515 535 501 540 557 551 553 580 525 526 555 550 518 520 543 524 526 520 546 594 572 549 523 499 485 503 543 549 531 525 523 532 522 527 533 525 564 550 548 552 533 495 531 536 544 532 477 478 549 
vem trace:

stid: 342
spdistance: 1218.79
radio trace:
467 457 474 482 478 459 479 495 511 514 518 457 467 487 503 498 468 466 450 443 487 484 459 493 467 457 451 412 428 455 471 502 486 504 524 525 521 494 477 496 497 526 525 511 512 493 496 481 474 469 472 463 446 457 458 447 462 467 463 489 499 493 490 500 483 462 488 514 473 447 473 472 482 463 460 491 477 481 486 489 482 448 434 446 438 454 460 449 458 486 507 477 482 475 451 449 426 461 475 455 495 537 517 472 470 479 508 477 491 478 493 490 447 441 436 467 483 482 482 480 503 495 493 487 470 479 484 513 497 454 472 456 443 445 458 466 482 482 445 463 468 485 505 514 490 483 477 453 491 505 485 466 476 489 497 464 464 463 483 462 440 486 492 475 483 482 514 492 495 482 490 500 476 493 516 493 463 453 478 457 455 480 469 466 458 463 430 415 469 460 470 446 429 477 452 455 455 488 482 507 497 497 467 454 482 495 466 445 435 469 489 471 472 464 447 437 445 483 492 451 479 489 470 496 481 471 471 469 486 454 446 454 453 442 472 482 454 423 436 454 453 453 447 441 472 467 458 442 450 464 465 487 453 447 445 463 460 478 463 455 480 459 475 491 480 480 463 473 482 471 471 497 488 512 500 486 445 472 460 480 470 500 484 458 447 475 458 456 453 468 458 458 462 463 456 467 459 469 448 474 457 439 504 460 449 471 481 487 507 515 501 512 489 464 495 501 474 477 478 481 521 502 518 514 508 506 503 509 475 485 471 487 475 437 440 473 470 478 477 483 473 486 487 456 432 476 497 495 462 465 453 460 439 434 459 467 481 460 454 458 450 478 491 462 473 498 482 480 484 459 479 476 454 474 487 473 481 503 499 512 541 489 443 455 465 473 472 475 469 467 478 475 482 510 516 488 450 470 459 465 492 482 465 469 502 491 484 502 493 475 479 489 484 496 483 453 454 474 469 464 456 454 460 489 475 451 474 488 495 495 520 496 502 471 430 474 505 484 479 456 462 475 473 495 464 451 452 471 449 476 467 468 475 485 492 483 478 479 476 467 438 415 445 439 448 477 475 518 525 490 488 455 472 457 468 480 484 472 496 488 465 487 490 494 493 484 451 461 463 466 481 475 476 466 484 466 481 478 469 477 450 429 475 514 503 473 478 460 443 449 454 459 493 509 478 467 466 483 467 474 481 452 439 462 474 454 465 481 498 473 457 492 479 467 498 487 463 470 527 494 464 460 490 489 481 493 484 490 476 491 484 482 466 446 449 479 489 475 473 455 456 496 467 461 485 468 493 463 455 460 456 488 474 447 461 493 500 468 456 476 490 506 476 515 520 505 479 488 465 457 477 483 509 477 457 437 427 436 469 446 454 467 478 472 446 456 466 485 492 500 508 465 462 478 477 462 472 448 440 438 498 492 493 485 493 505 491 510 466 482 489 488 473 487 479 518 498 435 445 494 485 468 477 475 491 503 490 468 468 480 471 482 475 487 504 493 488 474 458 462 476 479 479 484 475 455 483 477 460 455 485 491 479 500 490 472 464 463 457 469 454 491 511 484 468 453 476 487 509 524 495 479 484 453 447 450 471 487 494 483 459 448 438 468 474 486 452 440 466 514 498 505 507 511 517 501 474 451 432 438 487 479 477 445 441 444 461 466 445 459 461 436 465 485 499 490 502 481 485 473 510 459 468 482 482 489 504 502 505 489 489 492 493 493 544 522 539 522 503 526 516 483 459 453 485 457 486 471 
vem trace:

