SDId: 34744482
energy: 2.03337e+17
zenith: 0.487563
azimuth: 4.94083
GPSSeconc: 1126738359
stid: 343
spdistance: 569.186
radio trace:
456 449 417 454 458 455 464 477 449 462 444 450 467 447 439 447 440 446 472 457 454 439 448 450 453 436 448 463 453 458 428 415 429 455 484 463 453 450 440 422 414 453 457 487 503 474 436 455 451 430 437 463 487 439 442 423 459 450 456 460 441 444 421 417 422 428 438 420 409 428 443 445 462 448 452 445 459 459 451 450 463 455 461 444 437 453 441 443 467 474 483 460 428 443 436 451 479 464 471 458 462 495 434 446 460 437 423 448 465 442 436 426 444 425 406 397 455 476 441 431 423 439 439 467 462 458 445 442 423 445 471 505 479 458 485 467 466 435 433 464 473 469 440 421 461 460 468 460 454 433 425 432 399 422 471 497 471 455 439 439 454 469 449 435 433 420 445 415 457 463 445 428 426 443 444 457 440 436 440 463 476 469 451 440 413 435 462 466 454 443 443 439 425 431 461 471 449 457 455 436 431 450 449 444 458 461 456 426 441 463 458 470 451 441 416 427 455 439 476 463 464 481 460 464 465 442 428 450 460 445 449 429 422 425 444 438 440 441 447 465 453 444 425 449 426 433 442 473 472 488 477 453 479 453 412 414 444 448 433 446 425 424 439 444 454 413 420 431 451 435 417 440 429 460 430 461 467 435 439 450 455 441 445 438 457 464 454 460 427 457 444 449 461 443 449 451 425 448 440 446 443 460 492 487 459 452 467 470 466 453 454 440 422 439 433 423 398 394 425 466 478 475 470 441 449 452 465 437 409 427 434 452 451 448 452 477 449 450 455 451 436 431 421 435 425 448 475 483 480 484 463 462 442 438 451 451 420 431 429 396 394 451 465 459 456 470 471 446 456 470 473 468 427 431 417 419 435 441 463 464 461 468 489 454 422 406 433 436 455 439 443 443 441 436 435 443 464 445 408 391 431 457 432 451 484 465 440 424 411 437 448 455 447 440 449 437 445 437 419 447 484 488 446 449 461 421 444 428 421 428 423 462 479 464 417 417 468 452 451 451 461 424 437 448 466 472 466 437 441 455 457 427 407 406 434 461 469 477 469 458 422 460 454 470 440 438 445 439 423 428 430 441 448 445 432 464 454 439 441 432 443 436 464 470 457 429 418 455 475 478 479 445 446 473 482 459 466 456 423 446 438 432 459 445 425 451 463 460 463 455 421 452 444 455 430 429 466 478 462 412 428 453 449 450 460 484 500 490 482 460 455 461 444 437 466 440 441 425 424 437 439 438 445 430 443 473 441 452 492 469 445 437 445 462 435 436 500 508 496 483 456 449 471 474 448 449 471 496 474 449 471 487 489 502 493 462 439 443 446 463 443 436 430 436 445 421 439 436 440 427 429 433 471 475 481 454 459 450 447 475 480 449 449 423 423 445 448 443 470 443 471 430 403 431 425 453 462 478 464 451 461 472 436 447 451 448 469 483 452 436 456 466 456 435 445 473 470 482 484 440 422 436 422 441 432 433 445 427 435 443 426 454 477 462 453 457 452 444 471 487 485 477 469 459 440 436 425 414 439 450 443 450 451 433 452 461 438 437 438 464 454 477 486 481 490 474 442 450 456 476 452 429 457 458 450 425 430 459 452 449 450 442 456 446 435 453 469 465 485 463 469 456 446 442 441 443 453 453 462 442 449 448 477 462 476 487 464 456 460 480 484 458 454 472 454 449 429 421 425 441 446 466 472 437 422 427 438 471 443 448 452 420 433 416 425 419 421 423 410 433 456 446 436 441 435 436 436 443 
vem trace:

stid: 419
spdistance: 924.65
radio trace:
443 445 433 455 482 511 491 460 467 465 472 484 485 486 502 496 515 562 589 550 500 512 503 504 509 494 524 523 527 501 485 461 454 438 445 470 472 509 474 463 431 452 476 476 477 501 488 468 489 483 494 480 431 464 443 399 431 425 461 460 436 449 501 500 491 502 430 431 447 498 433 434 499 484 507 524 501 474 493 535 533 496 489 482 530 490 455 470 445 457 512 506 501 493 490 487 494 533 501 502 457 485 502 499 437 401 447 474 441 451 442 472 467 523 521 525 475 476 499 511 511 502 492 490 480 484 476 407 442 472 518 515 482 474 485 477 500 490 511 497 475 482 504 458 449 507 494 531 535 518 518 499 477 513 517 493 474 490 477 442 498 492 486 461 458 456 452 476 450 458 497 477 443 431 459 482 472 518 514 449 432 430 452 505 516 481 516 507 460 445 443 460 485 504 486 488 488 470 436 468 483 511 487 504 491 443 459 462 488 461 435 464 474 483 491 484 423 451 454 460 467 475 459 488 488 452 490 507 456 448 454 476 440 440 458 497 523 519 464 468 440 452 475 477 454 476 462 453 446 446 478 457 453 477 526 506 478 470 487 453 513 506 468 431 441 491 434 459 502 468 484 499 484 479 473 486 457 467 526 537 520 544 517 499 524 464 429 465 464 493 491 492 529 539 533 471 428 440 466 444 488 517 523 503 487 468 507 515 510 470 448 469 475 469 447 456 425 408 451 474 485 492 485 469 497 474 428 447 467 471 448 494 470 492 527 526 480 503 499 497 511 532 451 459 475 463 457 428 480 520 511 479 425 409 469 495 482 490 450 464 478 516 469 435 484 510 493 477 474 454 415 476 490 501 497 471 479 454 446 417 464 476 470 495 467 444 443 463 493 485 443 433 459 505 486 491 426 475 493 521 535 501 497 496 420 458 486 501 477 451 437 467 530 538 510 511 533 469 489 503 472 421 466 504 528 535 529 517 484 470 489 476 460 454 478 518 505 488 495 485 485 492 453 477 514 478 491 530 499 489 444 464 458 490 485 476 464 460 471 498 496 506 503 475 485 473 491 495 529 528 508 475 499 505 502 501 456 452 442 430 431 438 444 479 469 434 431 459 451 465 478 522 507 477 447 466 456 450 462 463 488 455 454 460 482 466 431 438 462 467 484 491 488 476 459 482 486 488 497 485 456 483 465 502 524 468 469 506 489 475 484 512 471 443 457 457 470 435 480 491 451 477 520 503 490 485 494 463 469 467 495 461 432 462 444 456 479 457 482 478 509 506 478 462 493 493 481 485 493 474 456 477 468 464 461 477 459 426 458 496 489 504 482 456 464 497 523 532 535 503 497 512 485 438 431 493 530 500 515 502 493 491 500 505 506 512 515 477 478 488 503 487 472 502 507 533 528 470 483 470 453 483 490 496 490 458 430 429 424 468 473 496 477 465 461 438 439 503 504 535 515 446 418 452 485 522 532 492 446 443 501 521 534 465 423 440 456 484 463 427 423 441 441 447 444 476 483 491 475 402 365 419 431 425 427 441 462 480 506 519 480 479 442 474 484 437 466 517 492 481 516 515 478 492 468 510 485 435 490 515 445 458 478 484 487 484 501 546 555 535 476 494 440 461 447 459 461 477 506 503 489 536 525 559 488 482 475 514 497 493 481 504 541 471 434 469 496 497 486 532 514 489 494 490 450 420 469 527 515 498 490 467 461 463 479 471 473 478 480 475 519 458 446 431 472 480 502 448 
vem trace:

