SDId: 34846697
energy: 4.71845e+17
zenith: 0.337609
azimuth: 1.4937
GPSSeconc: 1127381628
stid: 341
spdistance: 984.159
radio trace:
499 498 492 480 490 510 520 513 498 469 510 532 494 536 530 487 500 488 477 492 452 506 544 537 506 514 505 494 483 544 509 498 522 510 492 492 512 521 526 486 457 473 492 537 521 488 476 492 493 495 506 497 498 501 502 496 484 460 495 506 484 514 498 459 505 549 520 537 506 518 509 507 501 509 485 514 510 504 491 487 480 510 511 503 499 480 474 500 499 510 519 527 542 509 516 512 494 515 536 493 519 525 501 498 476 478 504 510 483 469 468 491 511 529 548 485 498 465 440 472 457 498 506 494 518 506 540 535 499 498 498 492 488 494 514 509 525 537 494 500 529 505 468 517 516 522 512 533 525 502 487 549 511 504 485 493 526 537 508 501 439 455 487 510 556 541 530 516 502 503 517 532 521 522 510 512 488 494 491 496 472 520 502 554 566 523 523 521 526 552 538 530 484 496 507 471 460 487 486 530 502 480 480 458 490 499 509 490 472 471 486 472 498 510 521 510 491 477 511 521 504 540 476 514 509 538 498 448 507 520 496 454 487 524 506 523 538 546 536 484 513 570 560 548 526 485 488 547 519 490 460 473 474 461 503 490 507 509 533 496 508 527 468 461 486 483 509 494 477 472 481 464 479 515 470 478 487 527 559 538 526 503 515 564 570 545 547 475 484 486 488 471 520 535 538 564 565 529 513 510 489 468 476 456 442 448 457 476 486 482 469 503 494 471 466 493 545 470 469 479 476 489 520 562 506 493 494 496 488 512 513 488 481 478 482 464 456 459 517 517 489 490 442 477 454 457 517 554 541 506 499 477 492 513 529 532 547 543 526 490 485 483 498 481 470 477 462 481 493 512 537 547 523 474 453 488 468 494 505 492 482 516 501 533 515 502 521 504 488 499 520 495 470 478 487 477 470 509 504 531 550 548 530 503 526 522 496 481 506 559 515 509 529 529 512 444 463 469 496 538 503 531 515 535 536 514 502 513 488 462 532 527 523 530 510 495 492 515 539 524 530 516 489 508 505 512 523 519 531 493 468 474 508 517 511 476 468 455 437 461 490 501 493 518 503 507 528 523 525 506 492 528 545 553 518 509 543 531 512 493 492 525 498 462 500 521 545 528 522 535 524 537 521 489 491 462 448 463 511 488 499 493 501 486 464 487 503 484 500 492 484 506 534 507 488 502 478 502 508 545 576 577 536 528 493 494 487 487 503 517 513 473 469 507 527 472 506 523 528 453 478 499 465 463 503 503 502 498 473 483 483 466 480 500 510 503 468 490 488 499 522 506 458 481 485 504 519 518 525 505 492 473 516 502 500 498 509 515 526 528 510 520 483 457 480 521 530 526 514 493 480 512 518 513 508 472 486 486 491 512 483 486 516 500 453 454 494 473 484 483 459 494 471 490 512 531 525 522 516 480 518 545 537 485 509 534 506 480 496 510 532 517 500 496 484 476 480 489 500 506 493 472 506 516 521 514 484 442 489 494 502 490 451 458 458 503 496 484 511 516 539 492 483 514 504 494 523 528 542 539 497 474 483 503 490 467 490 532 521 500 490 504 495 506 479 497 496 482 526 526 499 520 526 540 534 490 484 496 503 494 504 492 470 485 522 498 529 505 497 494 487 509 507 496 512 516 508 488 507 527 518 500 488 510 520 520 536 524 520 508 531 513 527 517 493 489 510 513 494 500 506 492 481 509 499 498 503 494 488 474 501 489 433 446 469 479 470 489 534 538 564 534 525 523 522 522 498 527 
vem trace:

stid: 341
spdistance: 984.159
radio trace:
499 498 492 480 490 510 520 513 498 469 510 532 494 536 530 487 500 488 477 492 452 506 544 537 506 514 505 494 483 544 509 498 522 510 492 492 512 521 526 486 457 473 492 537 521 488 476 492 493 495 506 497 498 501 502 496 484 460 495 506 484 514 498 459 505 549 520 537 506 518 509 507 501 509 485 514 510 504 491 487 480 510 511 503 499 480 474 500 499 510 519 527 542 509 516 512 494 515 536 493 519 525 501 498 476 478 504 510 483 469 468 491 511 529 548 485 498 465 440 472 457 498 506 494 518 506 540 535 499 498 498 492 488 494 514 509 525 537 494 500 529 505 468 517 516 522 512 533 525 502 487 549 511 504 485 493 526 537 508 501 439 455 487 510 556 541 530 516 502 503 517 532 521 522 510 512 488 494 491 496 472 520 502 554 566 523 523 521 526 552 538 530 484 496 507 471 460 487 486 530 502 480 480 458 490 499 509 490 472 471 486 472 498 510 521 510 491 477 511 521 504 540 476 514 509 538 498 448 507 520 496 454 487 524 506 523 538 546 536 484 513 570 560 548 526 485 488 547 519 490 460 473 474 461 503 490 507 509 533 496 508 527 468 461 486 483 509 494 477 472 481 464 479 515 470 478 487 527 559 538 526 503 515 564 570 545 547 475 484 486 488 471 520 535 538 564 565 529 513 510 489 468 476 456 442 448 457 476 486 482 469 503 494 471 466 493 545 470 469 479 476 489 520 562 506 493 494 496 488 512 513 488 481 478 482 464 456 459 517 517 489 490 442 477 454 457 517 554 541 506 499 477 492 513 529 532 547 543 526 490 485 483 498 481 470 477 462 481 493 512 537 547 523 474 453 488 468 494 505 492 482 516 501 533 515 502 521 504 488 499 520 495 470 478 487 477 470 509 504 531 550 548 530 503 526 522 496 481 506 559 515 509 529 529 512 444 463 469 496 538 503 531 515 535 536 514 502 513 488 462 532 527 523 530 510 495 492 515 539 524 530 516 489 508 505 512 523 519 531 493 468 474 508 517 511 476 468 455 437 461 490 501 493 518 503 507 528 523 525 506 492 528 545 553 518 509 543 531 512 493 492 525 498 462 500 521 545 528 522 535 524 537 521 489 491 462 448 463 511 488 499 493 501 486 464 487 503 484 500 492 484 506 534 507 488 502 478 502 508 545 576 577 536 528 493 494 487 487 503 517 513 473 469 507 527 472 506 523 528 453 478 499 465 463 503 503 502 498 473 483 483 466 480 500 510 503 468 490 488 499 522 506 458 481 485 504 519 518 525 505 492 473 516 502 500 498 509 515 526 528 510 520 483 457 480 521 530 526 514 493 480 512 518 513 508 472 486 486 491 512 483 486 516 500 453 454 494 473 484 483 459 494 471 490 512 531 525 522 516 480 518 545 537 485 509 534 506 480 496 510 532 517 500 496 484 476 480 489 500 506 493 472 506 516 521 514 484 442 489 494 502 490 451 458 458 503 496 484 511 516 539 492 483 514 504 494 523 528 542 539 497 474 483 503 490 467 490 532 521 500 490 504 495 506 479 497 496 482 526 526 499 520 526 540 534 490 484 496 503 494 504 492 470 485 522 498 529 505 497 494 487 509 507 496 512 516 508 488 507 527 518 500 488 510 520 520 536 524 520 508 531 513 527 517 493 489 510 513 494 500 506 492 481 509 499 498 503 494 488 474 501 489 433 446 469 479 470 489 534 538 564 534 525 523 522 522 498 527 
vem trace:

