SDId: 34694704
energy: 2.37858e+17
zenith: 0.472282
azimuth: 4.77544
GPSSeconc: 1126468520
stid: 341
spdistance: 7602.71
radio trace:
526 522 503 544 561 570 553 576 562 547 506 510 519 546 592 590 590 520 504 492 506 569 560 539 536 564 514 553 512 502 520 541 554 575 508 463 512 519 499 520 538 510 525 533 485 467 517 511 504 514 543 538 568 539 549 511 535 550 533 507 466 462 536 549 548 537 546 499 511 473 515 548 570 537 498 495 524 528 489 500 497 500 520 540 565 551 514 495 506 574 578 586 536 517 501 539 581 577 548 552 544 517 487 493 507 519 530 526 538 569 592 593 552 552 540 550 560 523 502 500 522 523 539 532 532 527 512 506 497 476 505 512 481 480 501 481 505 527 533 577 587 539 530 573 550 515 521 535 546 558 543 515 532 510 507 512 528 530 567 559 534 527 501 527 497 505 517 483 494 535 546 541 525 533 531 513 479 480 527 525 513 533 522 498 521 515 532 538 514 525 504 523 554 547 516 569 566 548 555 512 534 520 553 527 553 541 519 515 526 518 520 514 511 512 509 564 569 541 531 540 530 506 549 550 535 479 469 498 500 497 481 507 507 488 492 530 479 460 471 525 556 553 544 559 553 551 529 523 557 557 568 569 557 569 542 548 585 541 545 511 491 511 484 527 523 536 532 492 477 514 551 553 548 513 535 525 548 554 561 534 534 563 564 579 543 486 475 537 545 537 510 536 527 530 557 557 527 536 541 589 553 567 568 494 476 457 504 542 534 536 520 492 520 515 528 540 539 573 554 549 528 533 517 514 497 494 497 516 533 548 582 556 570 601 596 547 561 528 509 556 511 500 519 521 521 505 542 499 491 512 555 525 508 528 541 528 550 549 542 484 484 497 531 532 520 508 518 517 555 544 513 510 542 544 527 464 490 477 479 486 491 491 519 535 530 544 580 559 503 517 503 491 496 495 492 523 525 520 521 497 482 507 492 484 514 555 561 512 509 532 526 517 546 498 479 510 518 526 534 530 516 478 506 506 487 532 546 546 574 552 531 564 583 582 574 557 559 549 524 518 490 482 497 547 504 554 561 544 548 490 496 492 509 552 583 539 521 500 514 533 548 530 512 484 481 490 509 491 475 514 510 521 553 534 491 483 472 516 496 469 485 473 501 510 496 499 500 517 541 486 488 523 551 524 495 537 560 543 543 528 488 489 473 511 518 487 474 492 472 502 502 514 492 496 467 503 524 532 547 550 526 551 561 522 537 545 520 539 541 549 563 528 510 540 531 499 502 510 529 547 518 545 500 526 554 543 534 527 546 550 571 603 577 560 542 535 560 530 537 530 535 566 545 505 500 540 561 567 540 529 513 532 556 553 540 526 514 527 528 534 534 537 543 526 499 499 503 524 525 506 487 527 511 539 543 531 554 545 521 532 516 512 550 525 505 542 542 530 519 533 520 549 501 491 535 519 488 509 481 505 551 521 542 580 536 530 504 547 539 490 499 499 534 515 486 500 515 490 503 523 502 507 536 527 524 481 506 494 540 559 537 514 492 496 528 528 548 544 538 541 542 557 577 565 548 540 525 555 536 510 520 534 558 536 516 513 527 501 503 550 567 549 520 535 563 543 552 557 505 520 508 498 487 542 505 481 523 536 541 512 503 531 516 463 508 519 533 500 481 478 486 518 490 492 485 468 438 486 520 519 517 527 514 545 551 509 536 557 530 535 507 511 500 551 557 510 496 520 543 548 582 568 560 582 595 567 544 556 578 533 527 557 549 537 498 524 496 515 491 506 535 502 505 514 525 527 530 510 
vem trace:

stid: 341
spdistance: 7602.71
radio trace:
526 522 503 544 561 570 553 576 562 547 506 510 519 546 592 590 590 520 504 492 506 569 560 539 536 564 514 553 512 502 520 541 554 575 508 463 512 519 499 520 538 510 525 533 485 467 517 511 504 514 543 538 568 539 549 511 535 550 533 507 466 462 536 549 548 537 546 499 511 473 515 548 570 537 498 495 524 528 489 500 497 500 520 540 565 551 514 495 506 574 578 586 536 517 501 539 581 577 548 552 544 517 487 493 507 519 530 526 538 569 592 593 552 552 540 550 560 523 502 500 522 523 539 532 532 527 512 506 497 476 505 512 481 480 501 481 505 527 533 577 587 539 530 573 550 515 521 535 546 558 543 515 532 510 507 512 528 530 567 559 534 527 501 527 497 505 517 483 494 535 546 541 525 533 531 513 479 480 527 525 513 533 522 498 521 515 532 538 514 525 504 523 554 547 516 569 566 548 555 512 534 520 553 527 553 541 519 515 526 518 520 514 511 512 509 564 569 541 531 540 530 506 549 550 535 479 469 498 500 497 481 507 507 488 492 530 479 460 471 525 556 553 544 559 553 551 529 523 557 557 568 569 557 569 542 548 585 541 545 511 491 511 484 527 523 536 532 492 477 514 551 553 548 513 535 525 548 554 561 534 534 563 564 579 543 486 475 537 545 537 510 536 527 530 557 557 527 536 541 589 553 567 568 494 476 457 504 542 534 536 520 492 520 515 528 540 539 573 554 549 528 533 517 514 497 494 497 516 533 548 582 556 570 601 596 547 561 528 509 556 511 500 519 521 521 505 542 499 491 512 555 525 508 528 541 528 550 549 542 484 484 497 531 532 520 508 518 517 555 544 513 510 542 544 527 464 490 477 479 486 491 491 519 535 530 544 580 559 503 517 503 491 496 495 492 523 525 520 521 497 482 507 492 484 514 555 561 512 509 532 526 517 546 498 479 510 518 526 534 530 516 478 506 506 487 532 546 546 574 552 531 564 583 582 574 557 559 549 524 518 490 482 497 547 504 554 561 544 548 490 496 492 509 552 583 539 521 500 514 533 548 530 512 484 481 490 509 491 475 514 510 521 553 534 491 483 472 516 496 469 485 473 501 510 496 499 500 517 541 486 488 523 551 524 495 537 560 543 543 528 488 489 473 511 518 487 474 492 472 502 502 514 492 496 467 503 524 532 547 550 526 551 561 522 537 545 520 539 541 549 563 528 510 540 531 499 502 510 529 547 518 545 500 526 554 543 534 527 546 550 571 603 577 560 542 535 560 530 537 530 535 566 545 505 500 540 561 567 540 529 513 532 556 553 540 526 514 527 528 534 534 537 543 526 499 499 503 524 525 506 487 527 511 539 543 531 554 545 521 532 516 512 550 525 505 542 542 530 519 533 520 549 501 491 535 519 488 509 481 505 551 521 542 580 536 530 504 547 539 490 499 499 534 515 486 500 515 490 503 523 502 507 536 527 524 481 506 494 540 559 537 514 492 496 528 528 548 544 538 541 542 557 577 565 548 540 525 555 536 510 520 534 558 536 516 513 527 501 503 550 567 549 520 535 563 543 552 557 505 520 508 498 487 542 505 481 523 536 541 512 503 531 516 463 508 519 533 500 481 478 486 518 490 492 485 468 438 486 520 519 517 527 514 545 551 509 536 557 530 535 507 511 500 551 557 510 496 520 543 548 582 568 560 582 595 567 544 556 578 533 527 557 549 537 498 524 496 515 491 506 535 502 505 514 525 527 530 510 
vem trace:

