SDId: 34508513
energy: 2.6899e+18
zenith: 0.113517
azimuth: 3.12578
GPSSeconc: 1125311269
stid: 419
spdistance: 871.567
radio trace:
369 375 409 436 496 426 408 396 389 428 421 438 429 403 400 411 425 453 443 455 447 454 431 379 390 363 348 430 470 431 419 435 466 422 437 445 464 407 407 430 430 382 359 398 429 440 434 469 436 433 419 414 430 427 405 385 413 418 408 411 390 364 423 460 415 437 446 472 467 466 394 351 365 396 345 379 392 376 367 384 448 461 409 425 429 447 465 418 368 358 420 430 448 415 387 421 441 463 416 418 417 431 454 381 393 457 459 405 391 419 473 443 380 391 417 436 469 461 462 448 447 455 437 396 415 420 496 459 412 448 460 450 453 435 464 448 421 397 369 399 412 424 394 416 412 398 415 420 449 411 388 399 403 449 424 408 435 414 418 412 472 462 415 372 401 423 430 428 439 413 412 449 448 437 391 365 372 382 414 429 399 415 430 401 397 391 379 382 378 399 410 391 442 452 458 466 448 467 433 416 419 426 450 461 442 416 398 423 436 401 438 433 413 413 411 427 430 486 440 451 417 410 446 467 414 368 370 419 420 390 418 439 459 421 402 404 401 421 402 381 375 376 405 417 421 408 433 448 433 464 440 436 408 419 409 434 414 415 419 421 436 415 425 403 407 378 386 423 453 441 451 435 386 390 396 404 396 371 404 422 428 455 408 422 410 417 397 448 447 417 414 425 434 422 458 452 421 419 489 466 474 457 416 380 374 405 437 423 397 395 370 443 414 395 383 341 394 428 407 416 389 437 428 422 413 395 382 404 464 437 454 449 369 415 443 422 423 397 447 469 423 454 422 440 436 416 415 446 452 468 427 393 353 401 438 448 431 420 479 448 396 375 405 407 385 412 417 437 437 427 435 437 417 448 446 408 396 412 469 451 428 462 477 464 458 395 396 415 444 465 425 445 489 460 447 488 479 455 466 489 444 444 407 408 431 475 451 389 387 428 462 418 407 426 442 410 391 383 433 477 417 376 389 442 493 452 440 438 429 398 387 405 421 436 397 371 434 394 355 441 447 436 388 374 385 409 436 475 443 476 431 433 385 365 411 406 438 386 376 387 423 441 437 468 480 446 436 449 471 440 415 431 500 494 483 463 455 398 396 386 399 454 509 498 488 480 436 369 398 395 412 430 451 445 404 427 449 450 464 426 476 468 485 465 435 436 429 412 432 415 370 380 363 378 424 446 440 474 488 411 426 457 469 483 467 411 397 397 398 402 429 425 454 427 441 488 458 429 396 390 432 456 413 418 405 429 452 516 481 386 430 406 413 413 379 379 423 408 403 408 411 430 390 344 392 441 449 466 439 450 441 482 444 368 418 453 437 433 435 470 436 409 431 447 463 493 448 440 469 460 448 471 393 391 414 417 417 412 403 397 403 432 447 420 459 469 469 465 434 439 460 462 443 444 439 421 366 382 393 455 427 451 471 430 384 366 388 398 440 440 429 414 446 416 400 404 397 425 429 437 442 481 445 449 442 438 453 478 469 429 399 411 424 416 395 373 384 464 445 441 419 421 405 414 372 388 431 410 405 408 434 392 422 409 421 461 438 476 434 422 375 353 405 464 430 421 414 424 435 410 433 448 490 440 396 422 450 478 449 419 427 402 382 400 420 414 408 438 447 455 462 433 448 404 444 409 421 450 405 411 479 452 424 430 394 411 436 434 452 428 399 452 465 447 457 435 460 475 491 462 426 412 439 431 417 389 429 481 456 387 420 443 422 430 414 386 369 394 460 459 433 420 434 418 426 463 455 438 
vem trace:

stid: 342
spdistance: 2360.59
radio trace:
420 407 383 372 371 387 404 385 417 414 391 398 370 385 388 400 395 390 397 354 337 368 371 374 365 358 389 386 401 396 379 369 380 380 357 357 367 410 423 437 438 397 408 414 383 370 363 360 356 372 409 407 427 422 428 413 407 368 387 375 354 354 374 388 390 397 358 377 395 397 381 392 363 394 401 381 386 393 392 374 357 384 362 375 371 409 420 397 370 389 405 412 396 405 379 367 374 404 390 385 381 372 382 380 373 414 398 379 405 417 422 414 414 428 422 405 382 354 338 316 349 356 363 374 360 367 339 359 379 379 366 367 355 356 393 413 406 394 388 380 379 398 390 367 388 399 401 397 389 388 386 412 413 431 409 372 373 370 398 404 398 391 393 380 404 412 406 376 383 370 371 388 407 374 386 392 391 382 387 390 403 375 401 413 401 369 366 412 414 396 394 396 363 377 369 364 406 417 403 381 421 426 400 401 436 411 400 415 418 387 412 445 436 390 370 395 406 407 391 404 383 371 348 358 363 382 397 381 379 381 372 400 385 382 401 426 416 403 392 406 396 390 388 379 380 368 372 402 399 429 416 386 383 379 377 365 382 413 368 377 369 373 375 385 392 380 401 402 401 375 377 380 394 400 392 398 387 410 407 426 431 428 400 411 381 375 374 385 376 360 348 387 356 362 354 358 370 379 394 367 367 387 368 397 409 385 390 389 381 392 407 416 384 395 386 387 374 380 391 385 378 380 371 380 366 380 396 401 397 403 375 396 396 404 363 371 365 372 387 392 405 380 375 397 381 365 384 389 393 380 366 378 384 398 403 385 374 383 388 404 409 413 404 415 374 381 398 389 396 416 424 432 413 401 380 396 397 414 391 404 381 383 394 381 360 372 375 388 382 387 359 393 412 394 388 404 379 382 376 395 393 388 402 377 378 394 410 408 387 382 357 395 398 395 407 407 422 437 419 376 385 413 416 407 371 399 398 386 375 369 381 389 370 374 400 417 421 392 377 357 356 380 376 390 396 413 398 418 416 421 378 381 377 390 405 393 412 402 377 369 395 409 393 408 394 382 364 381 339 387 387 372 379 390 399 410 392 391 381 388 420 401 367 361 391 399 390 379 388 405 397 364 376 402 398 404 383 382 386 408 384 361 377 400 392 385 428 429 419 406 410 426 423 402 376 368 389 398 376 361 376 400 412 380 398 437 431 413 405 399 410 407 402 372 363 337 384 395 408 398 403 401 399 420 422 408 392 385 385 409 407 386 382 379 404 410 408 395 412 397 406 400 388 380 369 362 375 411 426 403 397 403 388 389 366 356 388 399 391 403 430 431 416 402 385 383 365 372 383 394 410 408 408 390 355 365 387 392 403 423 392 394 374 370 380 371 369 374 378 400 397 398 395 379 400 381 378 395 385 408 408 374 369 388 394 434 390 416 388 373 360 388 375 385 377 388 390 396 416 422 427 423 400 378 388 389 373 408 397 410 421 403 384 396 426 418 393 405 425 397 407 420 413 405 397 373 365 361 363 355 372 379 394 370 384 362 353 375 390 400 412 391 384 388 372 371 378 385 397 416 379 389 410 414 417 394 381 377 378 394 383 395 395 372 380 403 389 376 385 390 379 381 386 401 402 390 375 385 341 331 373 361 354 395 394 395 416 427 416 404 411 406 395 398 408 414 397 409 389 381 399 408 409 450 438 434 410 406 398 392 402 375 353 385 398 405 404 382 419 419 397 397 401 407 395 373 361 371 
vem trace:

