SDId: 34849639
energy: 3.05768e+17
zenith: 0.305991
azimuth: 1.87019
GPSSeconc: 1127400505
stid: 341
spdistance: 815.661
radio trace:
534 563 565 535 522 506 438 454 474 508 518 546 540 541 533 535 562 570 531 520 528 566 578 529 495 514 478 496 470 514 533 528 526 521 457 450 494 517 504 528 519 525 541 566 569 543 508 510 535 542 558 553 544 497 461 504 531 496 505 526 549 555 522 511 525 576 577 552 566 545 526 493 529 569 618 603 551 551 561 542 563 538 566 591 607 585 559 544 522 483 476 451 483 500 482 498 543 548 595 604 605 555 549 523 542 490 487 496 516 507 556 602 568 554 552 567 561 542 520 529 504 504 531 516 525 516 481 511 551 565 547 537 519 546 604 584 558 564 545 523 536 499 514 534 562 536 517 567 591 544 566 560 560 500 498 523 527 519 518 543 520 539 546 566 566 561 548 488 492 531 511 487 531 538 496 551 526 521 505 509 513 515 520 526 541 560 572 568 577 546 558 514 519 514 520 557 556 514 540 562 565 509 497 515 565 544 559 557 534 528 542 555 554 521 506 479 475 482 480 543 579 570 550 545 544 539 529 517 485 508 527 555 536 499 490 535 533 530 524 514 539 535 515 524 514 539 527 499 481 524 504 508 547 539 573 568 547 532 504 530 510 487 494 530 507 496 477 519 484 526 518 539 586 587 521 508 496 504 563 554 519 511 520 525 528 522 562 559 549 540 540 530 511 500 509 507 551 544 524 492 498 529 535 525 529 530 520 540 549 541 544 542 544 552 554 565 538 570 583 547 532 538 500 526 530 568 563 551 533 524 521 565 514 503 487 507 522 521 519 524 513 485 515 542 590 551 512 517 568 583 573 557 537 529 536 542 557 557 578 548 523 533 513 539 520 517 535 536 524 516 549 556 548 530 549 581 544 536 544 558 561 564 558 575 566 588 542 534 556 546 583 593 524 541 587 523 550 489 444 452 459 450 538 543 503 535 526 541 506 538 509 506 556 570 541 499 524 547 531 501 475 493 482 516 567 511 517 549 545 555 529 535 500 528 582 577 543 520 473 465 505 483 475 494 480 469 495 519 488 491 539 537 490 492 527 536 547 529 564 533 514 527 534 502 556 553 569 529 532 512 498 480 494 467 509 487 497 533 535 580 564 562 520 518 541 565 596 579 550 530 546 519 548 563 548 540 539 517 516 577 570 548 545 557 578 568 565 579 583 574 529 508 510 500 508 514 513 524 505 500 543 544 527 531 519 508 514 551 534 517 534 521 539 542 526 553 560 511 512 531 540 552 586 572 534 499 520 488 494 560 572 535 514 554 584 528 528 548 528 552 585 527 530 521 532 549 554 532 508 458 490 512 514 521 528 508 498 555 563 539 504 526 559 596 562 541 513 470 485 555 588 561 524 510 557 562 519 504 516 515 548 542 529 551 527 535 535 543 539 576 573 573 529 539 539 528 514 515 508 514 524 514 515 518 488 495 492 543 558 561 531 540 515 509 488 476 479 506 533 510 528 525 548 526 503 499 489 465 508 523 548 581 522 488 484 509 539 541 568 576 574 548 538 544 535 517 518 565 542 512 523 525 530 498 475 468 483 502 509 539 567 594 585 567 530 530 496 513 508 526 497 514 513 515 509 521 514 495 508 480 508 501 495 530 536 500 535 528 525 520 452 470 513 554 556 515 515 509 516 562 559 526 579 565 557 538 546 545 557 540 537 511 512 482 463 496 521 520 500 529 508 524 510 499 531 524 535 529 553 593 616 559 502 491 505 514 520 542 556 531 520 519 500 512 525 477 496 516 
vem trace:

stid: 341
spdistance: 815.661
radio trace:
534 563 565 535 522 506 438 454 474 508 518 546 540 541 533 535 562 570 531 520 528 566 578 529 495 514 478 496 470 514 533 528 526 521 457 450 494 517 504 528 519 525 541 566 569 543 508 510 535 542 558 553 544 497 461 504 531 496 505 526 549 555 522 511 525 576 577 552 566 545 526 493 529 569 618 603 551 551 561 542 563 538 566 591 607 585 559 544 522 483 476 451 483 500 482 498 543 548 595 604 605 555 549 523 542 490 487 496 516 507 556 602 568 554 552 567 561 542 520 529 504 504 531 516 525 516 481 511 551 565 547 537 519 546 604 584 558 564 545 523 536 499 514 534 562 536 517 567 591 544 566 560 560 500 498 523 527 519 518 543 520 539 546 566 566 561 548 488 492 531 511 487 531 538 496 551 526 521 505 509 513 515 520 526 541 560 572 568 577 546 558 514 519 514 520 557 556 514 540 562 565 509 497 515 565 544 559 557 534 528 542 555 554 521 506 479 475 482 480 543 579 570 550 545 544 539 529 517 485 508 527 555 536 499 490 535 533 530 524 514 539 535 515 524 514 539 527 499 481 524 504 508 547 539 573 568 547 532 504 530 510 487 494 530 507 496 477 519 484 526 518 539 586 587 521 508 496 504 563 554 519 511 520 525 528 522 562 559 549 540 540 530 511 500 509 507 551 544 524 492 498 529 535 525 529 530 520 540 549 541 544 542 544 552 554 565 538 570 583 547 532 538 500 526 530 568 563 551 533 524 521 565 514 503 487 507 522 521 519 524 513 485 515 542 590 551 512 517 568 583 573 557 537 529 536 542 557 557 578 548 523 533 513 539 520 517 535 536 524 516 549 556 548 530 549 581 544 536 544 558 561 564 558 575 566 588 542 534 556 546 583 593 524 541 587 523 550 489 444 452 459 450 538 543 503 535 526 541 506 538 509 506 556 570 541 499 524 547 531 501 475 493 482 516 567 511 517 549 545 555 529 535 500 528 582 577 543 520 473 465 505 483 475 494 480 469 495 519 488 491 539 537 490 492 527 536 547 529 564 533 514 527 534 502 556 553 569 529 532 512 498 480 494 467 509 487 497 533 535 580 564 562 520 518 541 565 596 579 550 530 546 519 548 563 548 540 539 517 516 577 570 548 545 557 578 568 565 579 583 574 529 508 510 500 508 514 513 524 505 500 543 544 527 531 519 508 514 551 534 517 534 521 539 542 526 553 560 511 512 531 540 552 586 572 534 499 520 488 494 560 572 535 514 554 584 528 528 548 528 552 585 527 530 521 532 549 554 532 508 458 490 512 514 521 528 508 498 555 563 539 504 526 559 596 562 541 513 470 485 555 588 561 524 510 557 562 519 504 516 515 548 542 529 551 527 535 535 543 539 576 573 573 529 539 539 528 514 515 508 514 524 514 515 518 488 495 492 543 558 561 531 540 515 509 488 476 479 506 533 510 528 525 548 526 503 499 489 465 508 523 548 581 522 488 484 509 539 541 568 576 574 548 538 544 535 517 518 565 542 512 523 525 530 498 475 468 483 502 509 539 567 594 585 567 530 530 496 513 508 526 497 514 513 515 509 521 514 495 508 480 508 501 495 530 536 500 535 528 525 520 452 470 513 554 556 515 515 509 516 562 559 526 579 565 557 538 546 545 557 540 537 511 512 482 463 496 521 520 500 529 508 524 510 499 531 524 535 529 553 593 616 559 502 491 505 514 520 542 556 531 520 519 500 512 525 477 496 516 
vem trace:

