SDId: 34681760
energy: 1.81682e+17
zenith: 0.303783
azimuth: 1.95066
GPSSeconc: 1126403007
stid: 342
spdistance: 723.327
radio trace:
413 410 424 402 399 387 414 396 430 442 434 423 396 377 418 440 450 429 391 417 439 445 434 436 439 425 447 431 449 443 426 413 400 408 390 442 431 412 389 390 413 399 432 410 419 432 432 451 466 448 426 433 383 406 425 438 414 435 423 432 390 405 434 415 430 436 431 423 401 413 427 408 399 417 437 429 414 415 424 448 442 432 411 420 415 404 420 420 423 430 422 418 412 407 419 426 393 399 422 430 429 397 407 439 446 440 463 439 432 419 418 392 385 416 417 442 407 418 397 413 436 415 431 437 461 469 443 405 423 398 396 391 388 381 401 381 357 398 419 411 421 419 413 433 430 400 395 406 388 405 420 407 406 398 374 355 383 371 383 391 407 390 388 404 396 398 410 419 392 396 411 415 410 404 397 398 409 374 378 396 387 381 417 446 447 410 427 416 382 395 403 425 398 394 409 437 443 427 417 411 383 405 395 415 425 418 435 439 428 438 411 399 419 411 395 412 395 425 437 433 428 433 429 428 402 403 392 397 409 384 407 393 395 406 434 414 397 403 413 394 431 411 380 403 402 419 397 418 427 429 437 387 421 428 409 418 433 414 392 395 428 433 451 407 401 394 399 407 428 436 400 387 399 413 455 462 449 463 475 461 456 435 432 453 448 431 405 445 410 406 414 432 410 407 416 395 408 406 409 416 397 419 425 444 432 428 406 419 429 443 428 402 424 430 417 413 432 428 435 425 444 441 432 438 442 430 408 416 423 428 409 373 375 393 402 393 393 401 436 431 439 397 409 438 440 426 433 407 371 395 389 412 423 439 448 443 431 425 409 403 417 425 400 404 414 387 393 451 425 442 450 435 409 409 416 419 396 388 388 433 470 414 407 393 415 427 450 424 435 430 430 429 434 434 424 421 433 425 420 414 417 425 451 398 437 451 472 472 484 445 450 449 474 437 462 470 432 409 402 435 449 444 434 449 410 398 368 336 377 406 401 400 412 406 421 423 438 457 418 421 427 416 415 401 385 382 427 421 419 409 421 426 437 424 448 443 432 413 402 421 405 409 417 431 422 428 384 380 399 422 419 419 401 383 409 430 404 411 427 440 437 408 434 444 433 425 405 399 426 400 379 376 424 406 411 415 402 422 428 428 424 411 403 390 402 400 386 389 410 437 441 392 386 415 392 379 398 377 417 406 402 432 416 413 392 406 418 460 426 439 419 428 440 448 431 431 438 426 395 447 426 433 450 442 429 421 400 432 412 440 429 423 426 445 431 414 420 417 410 379 377 390 427 397 386 372 379 434 423 407 433 427 414 447 424 411 432 415 392 367 393 415 446 398 396 428 445 438 406 373 379 405 420 402 408 427 416 417 393 387 387 396 428 436 444 406 403 408 420 444 474 458 426 410 417 433 415 361 371 390 410 428 393 397 423 432 447 427 447 417 407 422 414 419 401 420 431 413 399 411 405 421 417 402 372 378 379 414 427 435 441 455 429 442 465 466 441 429 428 419 411 384 380 398 409 407 393 415 404 409 443 444 416 400 370 382 398 394 360 372 379 409 402 419 417 416 451 436 432 444 449 464 425 421 434 419 385 411 421 446 430 425 462 438 399 412 416 378 386 380 388 394 382 393 392 396 432 419 409 390 393 418 407 381 367 356 396 401 404 381 408 430 440 434 424 433 404 426 433 435 426 428 461 421 390 404 421 435 415 428 423 442 416 408 418 408 423 438 413 433 440 414 362 350 367 399 430 405 
vem trace:

stid: 419
spdistance: 1029.31
radio trace:
483 453 395 430 465 496 473 473 522 496 494 507 479 507 495 470 449 438 431 466 478 507 495 469 439 468 522 537 508 490 464 431 402 444 474 451 458 487 495 509 487 497 449 442 482 477 501 487 423 451 412 442 510 504 509 513 517 509 501 498 512 474 484 450 478 517 520 490 491 506 461 455 491 529 469 442 468 436 463 502 471 482 515 447 432 479 496 445 478 464 473 464 446 462 424 457 468 454 444 466 461 455 413 402 404 369 382 427 409 452 473 444 507 516 448 483 486 489 500 458 432 434 404 427 417 452 470 482 502 513 485 488 506 509 505 464 453 461 462 475 458 505 494 445 430 470 472 447 420 435 490 518 477 471 457 452 420 392 415 493 470 475 461 478 448 432 435 485 520 485 415 438 494 462 432 445 461 485 460 484 431 415 470 461 460 495 488 484 557 509 476 421 436 463 454 495 497 458 453 451 476 498 486 428 446 451 464 456 493 468 464 486 470 509 509 506 467 491 459 457 493 472 455 455 461 450 459 489 515 475 440 438 449 448 446 505 533 489 445 447 479 460 493 502 428 444 457 464 433 476 500 438 402 469 458 484 447 467 446 430 466 457 494 499 503 491 505 464 485 492 496 488 422 462 466 489 475 461 471 489 515 522 510 495 465 489 470 460 466 467 439 391 415 429 499 472 481 469 469 483 498 488 487 479 423 426 432 487 505 485 442 448 415 463 473 471 463 452 431 423 438 457 514 499 485 498 480 509 510 464 494 522 503 494 468 495 493 489 472 451 455 475 502 488 476 498 489 484 451 409 418 455 425 420 383 398 466 464 490 495 488 503 453 450 457 416 429 463 432 440 487 511 472 458 461 443 447 449 452 474 435 522 476 479 470 468 463 476 475 432 479 457 462 459 466 473 432 440 425 433 434 436 441 479 473 444 436 462 451 439 432 443 469 438 457 486 467 477 459 443 461 453 441 465 470 480 444 417 422 433 430 447 452 425 411 475 465 437 476 496 502 515 515 512 494 494 488 477 481 470 436 456 431 445 499 416 406 453 453 456 462 423 460 414 460 461 461 480 473 508 487 471 520 518 486 457 482 495 496 443 453 497 495 489 493 461 416 403 403 395 463 470 525 495 479 463 449 417 437 449 472 427 456 440 460 484 517 531 514 462 477 452 444 466 482 494 498 493 492 476 430 486 459 449 476 471 465 432 418 416 459 462 441 418 441 445 448 461 491 491 432 438 445 460 474 442 462 473 468 467 404 411 458 474 500 488 504 461 424 428 454 429 441 461 459 452 441 487 514 474 474 490 476 503 465 499 505 474 494 473 450 413 428 424 466 477 497 472 419 454 474 500 487 492 529 487 436 428 468 468 446 497 481 481 537 523 488 502 498 450 444 440 444 475 472 447 474 426 459 443 415 446 475 500 457 472 509 495 510 458 454 451 476 457 445 475 477 431 483 474 445 448 463 473 524 530 538 477 472 470 477 475 415 439 479 485 486 513 489 529 515 465 435 451 401 459 450 436 428 429 460 481 508 509 472 499 486 450 495 485 464 473 465 468 469 464 461 452 447 431 409 448 492 496 469 432 415 420 426 463 469 483 474 492 445 465 420 419 473 499 495 447 482 474 470 457 493 490 508 492 501 545 524 451 451 472 498 464 430 455 418 477 391 409 393 452 431 444 451 454 487 478 454 448 481 472 467 465 488 474 490 462 495 528 489 480 494 500 460 468 493 500 487 424 452 460 492 506 
vem trace:

