SDId: 34861792
energy: 5.62791e+17
zenith: 0.669459
azimuth: 5.95167
GPSSeconc: 1127475266
stid: 342
spdistance: 443.553
radio trace:
412 443 449 447 465 468 449 417 431 427 428 431 423 434 451 452 435 429 423 400 407 408 416 445 449 420 426 417 393 409 407 434 467 475 443 425 426 438 436 456 445 395 411 393 379 388 427 421 433 454 445 428 458 464 461 443 458 460 452 438 415 437 434 457 454 453 432 450 457 440 421 403 426 440 423 422 468 460 424 371 399 420 428 419 378 367 415 431 445 438 458 465 415 388 373 404 420 452 448 407 403 427 408 418 426 406 392 398 410 432 456 450 421 433 413 411 427 445 459 438 444 428 420 444 427 394 398 396 406 424 448 456 436 416 438 418 398 387 367 400 435 445 428 455 462 438 422 415 396 392 365 416 404 395 393 407 392 420 442 430 420 422 406 409 401 409 431 461 430 361 378 416 422 417 418 424 436 433 402 410 421 409 388 392 413 395 356 342 350 357 397 433 383 391 428 428 412 411 440 443 439 405 394 390 400 401 352 356 395 384 385 393 387 393 394 394 410 388 420 407 365 435 436 412 442 429 466 443 444 415 414 423 405 395 369 369 409 428 412 396 383 426 419 424 412 400 399 418 426 429 403 390 377 422 424 430 432 438 424 426 416 403 360 374 368 372 384 388 387 399 390 413 396 401 369 387 388 387 399 393 362 389 402 368 390 427 443 423 420 426 451 445 421 405 429 467 420 392 375 392 400 412 418 381 397 396 447 412 436 388 371 399 403 402 392 365 368 369 410 447 437 428 431 403 407 390 405 391 383 379 350 391 406 444 440 435 436 431 415 413 431 421 432 417 444 459 434 429 406 416 443 421 419 432 441 437 448 432 437 464 456 453 412 392 374 403 423 418 437 437 444 401 391 416 425 438 460 444 453 436 432 392 402 426 415 406 408 383 410 417 406 387 352 397 386 375 398 393 401 404 396 402 397 402 392 395 409 406 410 397 409 429 454 426 408 377 384 397 398 381 397 373 371 399 431 422 416 410 385 379 384 416 404 421 408 414 416 411 410 400 395 377 400 417 435 403 426 419 412 408 402 400 324 334 366 404 401 393 410 402 400 382 369 382 408 443 438 408 429 389 401 356 350 382 387 387 394 398 408 386 400 394 406 429 394 378 395 389 372 370 354 331 353 375 405 406 406 417 441 453 469 466 446 432 430 434 430 415 416 434 412 417 418 395 402 412 404 401 419 413 424 431 409 421 428 415 423 448 429 430 413 396 417 415 417 444 434 456 403 398 412 413 391 409 412 412 432 451 423 399 404 405 424 405 395 403 397 426 419 418 434 440 405 395 384 422 440 407 395 385 393 379 398 425 432 439 417 370 355 353 352 396 417 403 412 408 386 365 367 400 460 455 410 425 401 431 412 375 362 368 377 392 411 441 456 459 455 399 424 420 428 368 371 356 384 390 394 399 419 407 413 362 401 412 416 440 428 443 464 436 440 400 417 438 436 425 389 403 419 425 422 413 428 421 397 397 411 411 404 392 405 407 442 436 403 398 397 424 446 466 437 410 412 414 401 418 436 422 410 412 432 441 415 429 410 398 409 465 427 375 401 439 434 414 386 372 386 411 437 464 470 433 408 414 399 392 419 433 441 450 463 443 461 439 388 371 394 412 368 371 388 388 386 400 357 363 425 384 358 397 399 391 377 367 379 399 380 389 403 433 404 358 381 404 409 397 374 396 376 405 419 389 376 364 374 351 334 398 386 365 414 409 405 399 395 393 397 443 435 441 407 372 386 415 394 362 425 468 
vem trace:

stid: 333
spdistance: 902.657
radio trace:
441 433 415 423 422 380 380 354 397 419 423 420 397 416 389 376 416 448 446 396 420 442 445 443 430 433 447 446 432 433 447 439 453 444 374 366 446 471 439 413 388 391 379 378 394 415 438 436 431 430 412 387 386 394 415 426 422 438 428 425 425 416 415 390 406 424 416 405 393 411 404 368 372 430 436 442 456 425 382 385 413 456 475 445 446 434 447 435 422 444 466 410 368 423 451 439 395 433 449 401 413 454 452 415 412 434 427 447 415 407 430 419 380 404 418 412 438 380 387 395 430 428 432 402 426 427 395 389 436 417 430 380 369 406 417 383 382 394 392 398 390 384 410 392 375 381 382 375 410 440 452 434 404 393 382 417 431 447 429 391 397 456 439 413 438 453 433 439 409 423 412 446 454 442 430 430 427 438 422 401 409 440 448 416 410 430 448 460 473 447 432 433 465 433 435 408 414 455 461 446 414 434 415 459 481 418 402 400 412 407 385 400 419 454 437 376 391 408 416 434 465 446 461 423 401 402 396 374 380 401 388 382 431 412 388 378 390 387 378 397 409 409 409 411 426 454 454 418 406 420 443 441 445 430 403 368 357 380 435 452 419 413 420 425 405 420 410 424 438 449 461 440 425 448 419 419 422 432 404 411 413 433 442 438 447 436 435 446 449 422 424 426 441 448 446 434 474 432 397 390 410 433 463 431 425 421 414 415 465 480 461 442 433 409 406 372 376 415 450 459 415 422 437 428 422 413 402 410 402 403 411 399 450 434 412 427 432 431 436 420 407 424 434 420 402 377 371 410 449 412 403 401 401 411 403 410 385 393 409 407 411 390 378 406 394 423 450 413 396 391 416 420 392 397 381 407 451 436 424 385 390 429 445 407 397 382 428 450 395 391 400 422 436 432 467 434 441 419 424 421 414 439 456 448 451 440 425 436 412 424 429 476 452 425 409 401 375 408 440 431 449 424 424 394 384 420 443 450 432 406 410 412 366 357 398 417 435 435 431 419 417 439 428 404 389 379 401 448 426 437 459 477 445 427 425 449 433 434 476 464 485 462 453 471 441 405 400 441 434 434 417 439 392 396 427 400 393 411 423 437 402 344 351 406 407 396 377 386 390 406 408 412 438 417 439 436 437 418 403 407 372 417 401 428 421 460 458 445 418 406 398 406 438 429 411 415 421 436 411 403 404 411 389 433 454 441 431 444 429 403 405 397 405 455 489 480 462 436 436 424 377 386 412 415 429 410 405 420 411 407 401 421 412 425 435 421 395 368 395 416 417 418 408 423 435 434 450 449 422 395 415 453 462 436 420 398 409 413 418 430 388 368 379 435 437 400 428 437 403 377 419 400 365 390 426 461 465 442 452 454 444 471 484 472 454 420 397 416 440 439 471 435 415 408 430 439 462 451 453 445 471 449 433 442 461 461 475 487 445 443 438 414 424 392 392 415 419 447 430 424 424 420 401 408 391 431 438 438 444 452 430 427 399 391 413 449 449 403 406 435 454 428 436 462 475 502 470 458 449 420 363 403 414 436 411 426 432 368 401 408 434 425 405 390 412 392 381 402 369 423 398 375 409 425 432 445 442 407 411 427 434 410 392 418 382 398 417 435 471 468 463 440 435 437 415 429 429 441 412 416 427 440 416 425 425 425 404 376 379 388 424 425 423 411 404 449 465 419 421 417 401 391 394 395 396 416 394 399 424 438 430 464 450 455 451 418 389 415 444 418 401 411 425 399 406 381 368 387 
vem trace:

stid: 332
spdistance: 1181.26
radio trace:
544 582 588 547 550 557 561 554 544 546 556 570 589 565 581 571 547 551 558 558 522 541 542 550 566 538 549 519 530 534 545 550 541 533 520 506 546 546 570 564 541 565 556 539 540 518 482 502 535 566 595 544 526 526 533 527 512 487 527 542 559 551 549 573 587 603 535 538 537 556 578 565 608 605 568 569 599 557 512 547 554 552 567 554 531 520 554 573 552 554 541 554 575 578 574 552 560 577 585 582 556 558 545 543 525 532 548 574 604 630 603 570 558 560 563 577 570 533 552 560 523 528 539 533 533 545 544 550 555 536 506 545 553 561 562 540 579 543 529 515 519 523 529 558 554 565 541 550 557 574 589 573 574 612 580 578 560 548 528 531 586 558 559 567 570 596 570 576 537 547 569 545 551 535 521 534 541 532 557 570 573 570 515 487 512 512 522 518 518 530 530 551 539 522 522 579 591 547 541 539 540 545 513 523 552 545 505 497 491 532 533 575 558 557 544 528 524 533 520 509 519 561 518 508 547 569 581 596 569 582 559 560 550 534 519 524 547 558 540 546 524 505 526 523 497 504 515 513 540 548 551 553 567 543 545 547 533 550 538 541 543 508 533 536 541 531 532 551 569 554 557 565 584 545 531 572 516 530 535 545 551 545 551 551 564 595 585 545 562 581 573 538 521 530 534 532 535 545 537 544 545 566 555 584 563 529 547 509 508 519 535 517 522 543 534 511 538 551 521 530 543 556 562 558 580 563 519 522 548 562 542 560 568 575 561 550 546 554 555 577 549 537 539 539 549 555 557 517 539 534 544 541 513 514 523 529 543 556 582 562 562 552 548 548 571 582 532 543 563 545 543 520 528 518 517 526 543 533 512 533 564 547 520 507 540 528 514 496 510 547 548 552 556 573 553 518 524 559 526 548 554 532 541 558 579 554 548 557 537 514 555 590 590 579 557 551 562 602 552 547 547 499 494 495 545 553 534 545 552 549 543 521 538 516 525 559 580 540 528 528 534 523 527 518 506 501 508 567 577 556 505 536 533 539 534 538 524 534 531 545 524 530 527 542 586 536 533 537 518 532 520 514 510 568 543 513 505 543 561 536 549 552 554 540 555 541 521 509 519 515 538 550 545 546 547 547 545 545 554 551 550 575 554 588 596 580 564 550 562 545 548 540 552 518 560 581 553 518 539 547 551 536 518 537 572 566 561 568 555 564 566 556 530 529 506 533 549 538 538 577 547 524 540 558 538 551 563 554 550 544 555 512 534 538 512 517 501 530 541 590 563 559 522 501 511 551 558 552 549 535 526 538 543 567 559 573 553 541 536 564 543 552 546 565 542 545 548 528 554 538 559 566 522 534 537 517 519 525 551 573 539 524 484 499 499 515 540 525 545 546 535 540 571 511 529 528 555 556 550 502 502 525 543 557 569 559 523 519 505 513 525 504 514 545 584 553 557 551 542 489 478 513 550 575 580 557 519 520 519 544 539 568 541 540 534 528 510 535 539 535 516 487 504 517 580 568 579 564 580 544 573 556 581 578 584 562 540 547 552 554 539 541 564 584 593 589 568 567 541 533 551 544 511 505 511 524 506 505 524 539 511 502 507 517 513 505 546 535 541 544 554 561 555 568 558 542 519 535 552 587 552 544 516 532 546 538 536 541 563 540 542 539 532 538 540 520 511 499 494 491 561 555 540 539 513 552 561 536 501 504 529 555 548 541 541 553 573 593 597 592 565 547 553 553 549 563 559 567 
vem trace:

