SDId: 34562909
energy: 2.72737e+18
zenith: 0.748308
azimuth: 2.66801
GPSSeconc: 1125647503
stid: 332
spdistance: 323.302
radio trace:
502 526 535 515 515 537 513 557 573 577 574 563 564 575 562 540 568 591 585 539 500 524 524 499 554 540 543 554 577 571 545 520 518 513 535 545 556 531 530 501 537 520 521 502 504 511 531 548 536 518 512 516 529 484 495 529 552 520 514 556 547 542 504 554 557 555 512 530 531 537 523 541 537 571 547 529 540 563 561 530 536 570 569 530 562 545 538 579 576 555 546 505 526 533 541 555 572 589 554 564 571 537 524 522 540 537 552 538 573 584 597 538 544 544 501 517 573 599 549 556 537 554 560 553 539 537 572 574 545 557 530 543 535 549 563 559 565 581 577 555 521 528 531 518 510 525 537 537 534 548 565 543 561 544 530 535 535 512 518 499 534 550 542 536 527 508 524 539 558 560 580 573 549 527 541 565 518 535 547 581 585 578 563 551 519 527 530 539 573 546 533 556 543 557 558 530 540 552 506 500 527 528 581 577 569 570 562 549 526 536 553 583 575 564 572 582 556 571 545 502 519 542 518 526 548 556 547 531 529 502 498 491 520 530 521 537 553 551 574 545 562 547 567 551 522 499 511 512 527 541 538 532 513 539 515 528 553 532 543 562 562 585 581 556 536 527 564 540 530 521 549 570 584 562 542 539 528 520 511 549 538 545 549 555 544 575 527 541 565 539 577 571 541 526 547 520 508 523 513 551 567 559 565 549 532 537 538 558 573 561 543 568 554 569 562 567 547 569 592 601 592 576 534 542 534 517 550 572 564 588 561 515 520 507 517 492 509 514 509 527 544 540 528 521 490 535 513 527 535 479 504 509 512 515 518 525 514 533 535 569 546 570 563 535 526 552 550 485 517 562 543 554 534 521 537 529 522 529 549 561 548 516 522 537 531 527 550 544 569 555 540 539 549 553 539 536 564 550 550 555 564 541 541 537 515 486 534 544 508 528 506 532 492 500 495 524 541 526 546 563 508 502 560 558 562 554 549 519 528 518 563 514 491 493 460 523 510 550 547 519 537 552 525 535 546 548 531 548 571 563 582 579 558 532 515 530 547 550 539 526 535 515 562 578 562 575 556 545 517 496 514 544 567 585 552 524 528 565 529 515 539 546 542 502 512 503 489 535 546 539 527 508 531 577 553 533 545 559 552 549 530 553 526 560 584 558 555 553 562 569 585 541 536 524 511 545 566 547 538 558 569 555 543 574 576 553 532 529 548 568 592 567 552 531 529 544 512 529 553 554 590 585 551 535 515 528 543 541 532 549 545 499 492 520 508 515 548 558 553 548 559 560 542 555 539 567 561 563 568 562 540 569 556 543 583 547 594 616 563 554 534 566 575 590 571 551 530 535 526 534 508 518 553 560 552 557 519 511 502 524 526 529 556 577 587 577 565 561 547 541 553 565 550 522 526 519 550 544 569 567 525 562 558 552 542 568 548 504 538 575 570 565 524 515 510 528 553 553 533 560 561 559 581 594 582 585 604 583 572 568 520 522 527 550 571 568 537 551 542 536 547 567 518 546 540 552 552 521 561 573 563 587 594 562 572 565 572 572 553 572 570 525 524 512 530 520 554 536 524 538 567 550 537 553 562 565 548 546 551 519 552 551 544 522 499 522 510 536 569 567 567 536 555 554 541 534 534 543 546 566 527 512 491 532 519 537 551 557 576 583 570 561 587 594 567 578 546 565 560 569 546 549 551 522 546 577 525 535 524 541 559 573 559 532 514 548 564 533 505 556 519 530 530 540 521 518 529 555 
vem trace:

stid: 341
spdistance: 972.253
radio trace:
506 533 533 515 530 546 540 490 482 503 514 529 501 517 497 513 539 514 522 530 547 511 529 534 616 596 560 485 485 469 468 457 454 423 475 499 504 496 528 506 510 524 554 551 537 509 518 494 507 544 526 546 550 508 491 529 524 514 524 545 515 521 537 538 515 502 459 487 528 495 501 503 540 551 524 538 559 533 509 472 473 502 482 512 542 536 477 480 495 506 508 518 521 512 504 499 512 486 497 503 500 487 474 463 501 527 527 495 516 530 520 488 466 486 490 497 500 533 530 510 482 451 453 494 536 564 574 557 548 544 558 556 544 537 540 494 479 504 487 475 519 495 518 547 555 505 485 479 432 464 482 481 468 519 526 504 502 498 534 512 476 498 472 472 479 522 536 534 509 501 507 513 484 511 536 520 541 520 499 492 471 513 494 508 521 502 490 513 533 556 523 485 491 498 510 515 496 531 523 513 525 525 542 517 536 506 502 488 514 500 506 494 512 471 429 462 483 480 446 495 479 448 498 498 501 482 482 496 495 501 521 474 511 539 539 543 513 480 496 515 512 498 522 527 498 537 532 519 554 536 540 560 536 539 532 508 486 507 526 502 515 497 473 465 494 462 497 524 513 502 524 458 512 542 509 486 526 490 441 450 447 474 501 492 472 499 500 500 505 525 483 502 536 524 498 503 507 509 491 510 527 490 515 494 530 527 516 514 526 457 485 510 507 553 555 566 539 510 521 471 440 445 472 478 498 454 476 505 507 527 516 484 501 513 510 500 473 453 448 481 488 487 508 504 524 506 482 479 503 518 525 543 532 508 469 487 510 521 523 487 499 526 508 493 504 505 507 503 545 498 485 467 511 460 478 512 499 537 507 509 512 539 545 542 506 511 541 514 492 464 491 493 516 519 501 502 523 510 515 533 546 531 535 510 542 539 530 513 553 578 549 513 526 526 503 525 512 464 495 484 472 482 478 478 497 482 482 460 477 513 514 528 573 548 592 582 532 553 524 533 548 587 548 516 499 512 516 524 496 492 464 466 450 504 494 489 489 483 494 481 485 451 467 467 526 554 515 496 482 461 496 488 517 536 542 514 503 496 493 502 465 496 505 546 540 486 478 504 499 489 494 489 503 548 517 524 538 555 563 549 541 573 543 504 471 447 437 444 454 474 505 496 507 522 505 508 511 492 537 501 491 510 519 507 482 486 504 497 505 511 510 515 519 537 511 479 490 525 527 531 517 527 517 516 511 526 497 476 443 481 529 523 505 510 520 506 497 542 551 546 501 529 532 501 507 513 541 556 540 551 547 503 474 487 464 493 472 475 511 529 520 522 509 498 502 537 551 523 516 505 514 510 536 524 496 469 478 498 472 478 477 480 465 507 538 526 480 495 501 517 501 494 481 472 488 493 527 528 559 570 543 528 491 481 490 513 491 500 514 520 516 500 471 506 534 586 522 487 502 547 507 505 506 510 527 533 518 528 526 542 514 522 524 495 483 520 533 502 520 553 535 533 507 484 474 507 518 523 495 515 504 507 469 470 462 488 526 478 426 478 510 484 502 508 510 480 458 479 495 511 491 531 536 503 525 498 479 507 469 450 464 472 441 419 431 504 523 474 472 497 537 525 510 493 484 495 494 513 490 492 501 490 518 556 557 514 499 495 517 525 496 501 497 489 485 457 472 483 486 491 470 500 525 499 518 498 489 469 498 486 524 541 510 493 512 555 551 529 531 490 458 467 462 476 520 523 507 478 
vem trace:

stid: 341
spdistance: 972.253
radio trace:
506 533 533 515 530 546 540 490 482 503 514 529 501 517 497 513 539 514 522 530 547 511 529 534 616 596 560 485 485 469 468 457 454 423 475 499 504 496 528 506 510 524 554 551 537 509 518 494 507 544 526 546 550 508 491 529 524 514 524 545 515 521 537 538 515 502 459 487 528 495 501 503 540 551 524 538 559 533 509 472 473 502 482 512 542 536 477 480 495 506 508 518 521 512 504 499 512 486 497 503 500 487 474 463 501 527 527 495 516 530 520 488 466 486 490 497 500 533 530 510 482 451 453 494 536 564 574 557 548 544 558 556 544 537 540 494 479 504 487 475 519 495 518 547 555 505 485 479 432 464 482 481 468 519 526 504 502 498 534 512 476 498 472 472 479 522 536 534 509 501 507 513 484 511 536 520 541 520 499 492 471 513 494 508 521 502 490 513 533 556 523 485 491 498 510 515 496 531 523 513 525 525 542 517 536 506 502 488 514 500 506 494 512 471 429 462 483 480 446 495 479 448 498 498 501 482 482 496 495 501 521 474 511 539 539 543 513 480 496 515 512 498 522 527 498 537 532 519 554 536 540 560 536 539 532 508 486 507 526 502 515 497 473 465 494 462 497 524 513 502 524 458 512 542 509 486 526 490 441 450 447 474 501 492 472 499 500 500 505 525 483 502 536 524 498 503 507 509 491 510 527 490 515 494 530 527 516 514 526 457 485 510 507 553 555 566 539 510 521 471 440 445 472 478 498 454 476 505 507 527 516 484 501 513 510 500 473 453 448 481 488 487 508 504 524 506 482 479 503 518 525 543 532 508 469 487 510 521 523 487 499 526 508 493 504 505 507 503 545 498 485 467 511 460 478 512 499 537 507 509 512 539 545 542 506 511 541 514 492 464 491 493 516 519 501 502 523 510 515 533 546 531 535 510 542 539 530 513 553 578 549 513 526 526 503 525 512 464 495 484 472 482 478 478 497 482 482 460 477 513 514 528 573 548 592 582 532 553 524 533 548 587 548 516 499 512 516 524 496 492 464 466 450 504 494 489 489 483 494 481 485 451 467 467 526 554 515 496 482 461 496 488 517 536 542 514 503 496 493 502 465 496 505 546 540 486 478 504 499 489 494 489 503 548 517 524 538 555 563 549 541 573 543 504 471 447 437 444 454 474 505 496 507 522 505 508 511 492 537 501 491 510 519 507 482 486 504 497 505 511 510 515 519 537 511 479 490 525 527 531 517 527 517 516 511 526 497 476 443 481 529 523 505 510 520 506 497 542 551 546 501 529 532 501 507 513 541 556 540 551 547 503 474 487 464 493 472 475 511 529 520 522 509 498 502 537 551 523 516 505 514 510 536 524 496 469 478 498 472 478 477 480 465 507 538 526 480 495 501 517 501 494 481 472 488 493 527 528 559 570 543 528 491 481 490 513 491 500 514 520 516 500 471 506 534 586 522 487 502 547 507 505 506 510 527 533 518 528 526 542 514 522 524 495 483 520 533 502 520 553 535 533 507 484 474 507 518 523 495 515 504 507 469 470 462 488 526 478 426 478 510 484 502 508 510 480 458 479 495 511 491 531 536 503 525 498 479 507 469 450 464 472 441 419 431 504 523 474 472 497 537 525 510 493 484 495 494 513 490 492 501 490 518 556 557 514 499 495 517 525 496 501 497 489 485 457 472 483 486 491 470 500 525 499 518 498 489 469 498 486 524 541 510 493 512 555 551 529 531 490 458 467 462 476 520 523 507 478 
vem trace:

stid: 333
spdistance: 1435.29
radio trace:
422 431 387 400 423 426 445 453 443 439 437 393 388 410 444 452 467 453 429 413 424 449 456 471 470 434 464 427 445 463 446 429 436 452 447 439 420 425 460 436 404 409 391 419 448 438 444 458 452 421 421 461 426 447 442 454 460 430 422 431 434 435 409 406 409 417 385 425 420 445 462 457 435 423 437 435 403 371 393 418 422 395 403 427 404 416 435 429 410 400 397 398 424 438 472 430 435 450 442 485 496 464 440 435 432 440 466 422 431 430 456 449 429 429 407 434 444 437 424 407 418 415 425 450 445 432 399 428 428 430 463 468 463 459 454 482 457 425 447 435 441 445 465 459 420 422 426 407 403 424 436 436 408 442 436 447 448 458 465 482 475 439 425 449 434 430 429 448 441 448 434 429 446 444 406 408 418 458 492 495 474 447 415 418 422 432 420 437 482 470 485 445 462 438 406 394 406 380 421 417 463 491 472 477 459 464 446 433 425 444 435 417 435 450 444 447 431 404 423 427 410 427 411 429 476 438 431 418 394 385 380 391 414 406 427 418 437 444 417 376 395 405 433 429 431 454 414 415 440 411 433 417 403 426 412 425 419 412 426 425 413 432 458 453 473 483 455 468 457 434 440 437 448 436 422 378 398 392 398 408 406 425 401 405 432 414 413 419 387 414 391 423 425 416 416 429 423 431 439 423 402 415 409 444 441 445 444 438 414 392 434 466 463 454 478 494 416 374 420 440 465 454 457 471 465 439 416 430 423 440 439 418 450 456 447 439 418 434 488 481 437 430 441 411 419 437 454 429 460 488 469 425 453 434 429 421 447 425 446 422 441 416 444 457 461 484 458 433 442 460 462 444 420 435 459 460 419 428 423 379 380 406 391 418 428 445 433 443 456 441 447 440 404 430 445 467 445 431 419 414 425 422 397 416 432 437 446 462 456 459 455 461 463 401 395 438 405 381 416 449 419 454 419 408 462 479 463 436 466 476 447 464 460 423 417 436 436 416 446 453 478 463 441 432 445 466 484 454 425 421 421 425 437 413 403 419 411 424 452 464 480 457 446 405 395 390 379 379 419 407 417 416 427 420 429 435 443 428 388 405 424 423 448 424 406 410 414 435 448 417 402 396 430 430 446 421 454 441 455 469 440 421 421 426 391 418 441 391 401 362 412 441 434 407 432 424 426 445 448 465 482 434 433 395 422 456 452 428 412 432 441 447 409 397 427 409 430 426 398 405 428 448 440 436 421 442 478 464 473 475 483 439 397 410 414 410 472 473 427 391 399 460 435 442 426 423 448 447 437 433 419 379 416 425 430 454 429 452 421 439 454 456 442 434 427 430 445 457 411 386 391 400 432 416 395 436 477 468 442 409 421 452 470 483 500 437 405 378 423 409 416 425 444 431 455 489 445 452 417 390 418 438 434 395 447 455 455 471 443 449 447 399 385 401 440 428 417 425 421 406 415 441 445 398 423 407 417 460 462 420 374 392 437 409 411 438 442 471 475 449 454 473 480 445 427 436 427 436 456 423 423 475 476 479 452 432 407 406 431 414 391 382 431 434 394 393 433 406 427 436 451 418 442 399 418 412 345 392 429 403 419 433 434 443 463 419 451 419 425 431 442 447 447 448 443 443 463 471 468 462 396 378 403 424 417 406 401 417 408 398 426 419 433 430 421 437 422 400 385 385 386 378 404 422 422 422 462 461 436 455 480 465 454 428 412 401 404 392 404 409 426 426 434 441 432 453 403 424 
vem trace:

stid: 342
spdistance: 1488.24
radio trace:
416 406 426 425 427 426 451 463 416 427 443 456 425 426 403 413 406 422 421 448 442 459 446 435 433 455 435 441 426 439 438 420 419 401 411 412 428 423 412 441 442 469 459 410 397 431 422 442 431 395 415 409 384 412 412 391 412 396 379 414 411 402 387 422 439 433 433 443 465 433 442 431 443 407 403 436 460 431 417 414 401 437 447 409 415 434 420 387 384 420 459 428 412 443 427 408 405 421 456 440 417 429 425 423 421 405 433 407 432 434 427 400 414 436 455 437 443 406 395 405 429 423 435 447 431 440 431 419 416 438 440 446 435 423 420 396 425 443 435 418 412 419 437 394 403 410 406 389 418 427 424 404 400 412 422 431 408 418 411 434 450 428 386 406 424 437 418 397 400 420 439 460 456 414 419 414 433 437 426 411 424 443 455 434 420 400 437 429 434 436 422 446 440 409 399 392 386 410 409 389 379 414 415 406 417 415 430 458 469 459 439 423 428 421 440 444 439 434 439 439 429 469 465 432 434 445 428 429 427 403 365 400 408 410 429 422 407 424 436 421 442 419 440 435 433 421 417 439 429 420 426 437 431 435 415 397 420 421 419 421 411 446 430 441 442 441 389 399 420 428 425 409 431 421 427 414 407 395 397 433 438 446 435 412 384 386 385 396 380 391 418 398 431 437 450 427 428 416 449 448 459 474 454 418 398 381 419 420 423 403 415 414 425 420 453 427 420 437 427 442 424 408 401 405 426 419 423 411 417 423 418 425 441 458 452 437 428 446 441 446 456 452 424 443 400 424 443 428 423 410 396 420 428 445 424 428 422 430 404 382 398 401 405 409 443 458 443 416 400 428 433 439 455 453 429 407 430 440 437 424 416 418 432 427 422 439 437 437 429 419 461 448 452 447 434 409 445 435 411 407 416 435 447 439 458 468 453 411 390 385 401 408 426 428 457 456 434 421 440 439 414 426 412 399 421 394 402 413 412 433 435 418 409 424 431 444 416 434 431 417 412 417 406 426 451 446 414 433 438 436 426 405 412 406 411 414 399 387 405 453 445 460 441 426 402 396 417 432 432 427 434 439 435 400 418 416 396 399 406 422 427 420 437 421 400 421 448 427 424 423 393 398 422 422 422 427 439 436 448 444 424 419 421 419 412 398 389 385 438 427 425 442 434 414 394 394 422 439 449 447 424 425 443 448 421 443 414 396 414 386 414 425 397 403 402 414 436 453 438 453 418 426 405 385 385 397 361 392 392 424 426 412 419 400 439 435 400 413 391 418 438 443 456 447 444 456 469 462 473 450 443 434 411 410 449 456 391 417 452 423 394 398 401 401 412 390 391 418 430 440 453 423 395 403 395 403 391 407 427 403 408 426 429 440 431 430 411 394 400 375 404 406 429 420 452 424 427 423 414 434 448 408 414 425 442 427 440 422 428 451 450 436 406 412 399 397 430 424 399 398 426 450 445 431 426 436 418 441 472 445 424 432 440 422 393 412 398 421 424 418 432 427 438 450 453 428 435 417 410 395 390 424 429 435 438 447 435 423 414 430 443 472 461 427 423 417 439 434 449 458 464 476 447 447 437 434 450 468 438 404 391 416 411 408 403 390 423 395 394 424 435 429 409 408 443 413 421 429 443 434 428 434 423 434 470 455 416 408 423 440 470 466 460 424 399 430 396 397 407 437 451 460 438 443 440 435 450 467 451 432 449 466 430 421 409 416 414 443 410 433 452 438 435 437 406 427 451 471 
vem trace:

