SDId: 34842420
energy: 2.72118e+17
zenith: 0.596631
azimuth: 5.14667
GPSSeconc: 1127354200
stid: 332
spdistance: 774.019
radio trace:
570 550 531 537 534 553 533 541 554 552 560 570 535 512 514 517 553 560 561 528 519 511 528 521 527 539 534 527 552 553 533 549 544 549 522 561 587 570 550 536 557 529 535 516 543 541 552 555 519 536 573 577 600 553 513 530 534 520 553 556 555 541 506 500 538 548 548 563 548 535 556 532 573 580 582 564 580 597 583 565 549 541 541 542 531 546 541 520 549 536 541 546 540 531 533 523 533 543 534 555 539 573 573 554 530 519 507 511 495 517 502 517 519 569 563 542 552 521 552 547 558 575 558 557 575 558 557 561 542 537 547 552 537 557 574 544 541 537 537 546 537 540 521 501 541 537 541 555 557 562 545 494 492 542 549 590 560 541 544 555 569 552 562 554 529 554 550 536 566 549 548 545 547 523 538 573 556 544 533 537 544 525 525 516 512 548 539 559 544 525 512 497 506 532 556 542 543 545 539 521 538 572 545 519 483 508 504 524 538 564 560 582 567 569 559 549 563 555 541 539 512 526 533 531 545 535 517 492 530 546 506 518 538 555 538 513 533 509 527 543 539 547 559 528 524 575 577 560 529 519 533 545 532 536 504 529 543 516 521 530 496 452 481 520 540 521 521 520 522 525 545 537 529 560 562 597 597 604 546 541 517 539 533 562 554 512 505 536 573 570 562 547 550 505 530 548 527 531 515 520 537 544 541 535 565 568 559 542 549 558 550 536 564 528 531 556 548 570 546 534 571 554 530 514 541 576 551 553 572 563 514 525 513 523 537 555 535 524 549 562 537 524 543 532 545 558 557 555 544 528 541 554 520 537 565 567 556 533 540 577 577 541 514 525 539 533 539 563 601 604 596 556 546 554 558 561 523 525 516 499 546 578 569 575 551 551 531 539 540 528 527 553 552 535 555 546 577 544 553 549 538 543 527 534 544 530 537 542 563 599 551 541 539 563 519 504 497 541 568 573 523 499 492 508 541 549 529 487 467 515 488 522 556 528 521 535 531 562 553 508 517 528 599 556 560 547 524 536 521 518 562 569 546 546 510 506 492 507 515 534 520 521 538 572 574 568 558 550 572 556 584 573 537 561 538 539 542 565 566 577 558 562 523 544 536 519 505 539 552 563 585 582 580 557 528 561 551 562 553 550 534 540 550 553 539 540 555 587 547 554 555 534 519 517 560 590 587 597 606 589 539 531 569 583 566 554 536 521 511 549 580 527 502 536 529 568 555 573 566 539 553 555 572 569 554 545 560 545 555 530 550 558 519 535 526 551 529 544 537 556 579 550 521 500 511 539 550 558 557 554 523 548 570 560 547 555 547 512 497 511 504 529 522 508 529 538 496 522 496 548 572 585 580 590 566 534 526 528 535 548 536 549 500 508 531 552 546 545 530 540 548 519 532 528 549 548 540 528 549 560 533 538 529 535 564 572 539 497 524 509 521 559 572 528 542 541 539 534 545 591 589 600 562 539 508 535 534 549 555 593 568 567 566 529 571 549 553 542 558 540 554 548 516 520 549 511 517 513 557 529 518 543 555 562 508 524 505 565 580 578 602 575 561 569 582 532 550 563 585 574 595 603 586 558 542 508 542 595 562 530 528 597 569 566 563 520 528 542 561 571 576 570 551 541 558 559 544 548 577 583 558 507 511 491 513 560 556 535 528 516 500 516 534 523 539 470 514 552 521 550 551 556 518 533 542 567 556 589 608 605 555 546 534 522 521 551 553 557 535 530 518 544 545 555 544 570 571 563 
vem trace:

stid: 419
spdistance: 3453.25
radio trace:
445 457 445 466 491 509 470 466 511 501 450 440 458 476 498 499 501 493 506 482 476 488 496 500 508 492 496 485 473 469 453 453 421 409 403 400 415 439 432 475 400 461 524 514 449 448 449 461 428 433 421 474 536 538 533 495 505 447 422 406 420 434 459 424 411 435 426 463 451 467 466 462 510 499 473 469 457 473 478 498 488 477 495 467 443 426 437 461 479 468 467 456 448 446 454 442 491 531 505 447 398 415 472 466 485 456 463 491 504 481 491 474 483 480 459 463 462 414 468 496 455 427 416 428 432 476 457 455 477 502 518 501 480 437 444 464 461 499 463 477 493 502 509 491 498 479 483 451 495 482 459 466 442 432 465 454 463 437 455 468 472 462 466 466 455 406 414 423 442 430 459 459 435 465 470 446 469 492 464 439 459 441 461 434 433 420 437 480 490 461 429 424 465 446 458 399 407 481 527 510 467 469 501 507 490 487 468 483 504 482 485 476 472 453 436 451 480 453 473 455 440 416 410 445 421 456 495 459 477 497 506 482 481 445 424 454 452 437 458 398 393 424 406 393 445 488 457 453 458 457 486 495 500 467 472 450 443 433 455 492 458 469 477 463 451 434 386 378 410 447 435 491 488 475 444 457 437 432 425 480 477 452 510 447 459 474 424 410 441 442 433 463 488 460 466 398 395 427 458 465 419 443 471 411 438 484 467 443 453 412 470 475 460 446 485 440 442 451 401 422 437 444 473 467 474 471 478 472 509 471 474 500 468 486 495 486 523 474 460 475 448 491 504 491 487 477 476 491 471 458 477 468 478 489 452 462 462 435 373 409 444 459 499 467 437 431 454 453 464 446 450 471 513 530 510 493 488 461 446 474 427 443 504 491 483 443 444 498 495 497 482 472 463 490 488 471 480 505 432 436 482 465 437 442 428 430 466 477 470 484 481 480 482 490 463 475 505 504 477 451 482 466 476 464 459 437 455 464 479 433 421 418 418 453 494 461 450 464 503 507 470 472 495 422 445 484 494 458 436 447 475 509 495 493 520 483 516 478 426 429 434 439 451 457 418 406 451 433 410 435 455 435 445 441 424 446 435 454 425 422 419 456 439 447 514 526 487 435 360 380 440 462 485 441 451 434 471 456 428 409 437 484 495 480 499 468 512 527 513 436 470 464 465 456 464 470 479 453 460 468 477 445 438 454 467 457 503 518 476 481 467 448 460 498 508 528 532 483 474 460 473 492 479 493 477 430 378 368 415 426 467 433 438 474 485 467 486 489 534 476 481 459 460 443 444 454 445 466 461 435 447 514 521 454 445 463 484 475 459 454 452 449 478 498 493 503 488 486 497 468 442 453 454 460 478 445 406 457 450 473 525 552 510 516 505 459 457 493 481 495 520 535 498 509 486 471 424 423 463 480 464 478 476 508 520 506 487 441 464 500 479 479 443 463 476 518 473 471 476 437 440 464 466 484 482 481 491 477 488 499 503 479 479 470 423 460 470 487 449 460 491 493 489 441 431 447 505 509 478 464 466 451 474 455 450 469 442 434 464 451 428 451 489 496 467 412 415 438 432 419 442 458 474 505 485 452 462 464 465 460 471 465 478 484 494 448 431 431 458 441 420 460 455 434 427 420 429 453 458 441 450 455 424 438 471 487 489 495 467 482 482 474 475 470 485 500 519 497 449 453 460 484 493 462 461 430 435 494 480 472 505 484 515 509 488 489 479 491 446 464 489 484 519 531 523 577 573 529 
vem trace:

