SDId: 34491987
energy: 1.27133e+18
zenith: 0.649503
azimuth: 0.312028
GPSSeconc: 1125198256
stid: 333
spdistance: 459.769
radio trace:
471 446 449 418 419 404 392 433 416 447 414 438 438 424 476 453 447 418 427 465 454 444 430 427 420 433 467 483 456 447 420 380 389 418 447 485 422 435 397 389 414 432 422 434 404 423 447 448 442 410 412 400 423 433 418 447 424 440 455 469 457 429 453 462 459 475 418 404 403 409 411 417 440 434 453 419 398 418 427 441 436 430 405 411 400 401 384 408 436 423 415 424 423 391 398 421 420 438 460 443 423 393 394 420 452 431 401 424 429 402 422 393 382 407 436 440 436 422 430 443 458 456 451 458 454 426 421 413 415 419 393 386 406 426 432 417 402 415 421 413 400 411 425 442 428 418 388 403 403 411 412 388 407 438 465 485 462 427 408 393 416 395 415 408 409 438 430 421 420 408 377 389 374 379 422 453 439 401 418 435 442 457 398 364 388 400 425 438 432 433 426 450 466 450 410 406 426 456 464 436 418 437 420 446 407 422 433 430 398 392 407 398 420 418 413 380 404 421 468 455 444 426 456 427 414 419 408 403 421 420 414 426 456 407 421 426 445 460 419 393 403 409 430 426 412 416 413 427 409 396 384 383 350 368 380 372 368 374 377 393 388 413 426 444 420 436 427 409 417 375 394 427 427 411 429 411 404 411 421 440 446 424 421 420 408 430 434 476 472 435 444 431 413 422 457 458 454 443 416 401 396 389 441 442 453 454 443 429 455 472 452 452 432 447 446 417 430 416 426 410 397 427 431 450 442 420 432 414 429 402 432 470 438 446 418 402 350 372 364 426 433 413 434 409 384 412 416 388 437 468 441 398 392 372 389 397 416 414 417 424 411 429 381 398 425 434 425 390 377 366 374 372 407 406 440 447 438 419 397 433 426 426 439 432 433 431 400 382 378 394 382 402 392 391 433 428 440 447 467 427 430 430 428 410 393 428 428 413 425 436 453 449 439 421 411 404 422 441 430 420 419 427 435 403 367 404 439 434 425 440 446 422 404 428 434 430 418 423 420 421 466 435 395 432 431 437 455 430 413 406 449 448 441 460 442 409 400 427 443 433 442 434 439 422 415 424 458 434 416 396 389 391 413 432 419 438 448 406 392 408 399 405 436 431 443 450 419 478 480 465 466 444 471 454 439 468 442 441 435 424 450 463 451 423 451 445 446 462 461 458 432 447 429 450 420 423 428 403 394 401 445 460 456 411 438 405 379 394 418 428 431 419 454 460 447 438 419 435 438 421 422 428 436 431 435 424 416 396 402 392 365 393 403 442 435 427 431 426 433 423 417 422 442 461 462 472 447 450 478 462 450 430 424 437 433 426 403 428 419 377 401 396 425 467 437 423 465 433 436 427 436 430 408 426 401 378 439 421 410 445 443 429 416 438 456 444 474 496 473 425 440 421 444 432 449 469 468 472 448 449 444 418 397 390 430 430 409 425 396 413 418 407 419 442 435 424 425 396 414 391 385 404 396 403 401 386 384 374 411 428 452 459 452 440 450 404 431 422 401 368 390 413 429 453 416 414 440 426 436 417 423 419 371 356 409 439 418 389 380 398 412 418 397 417 408 425 439 423 416 416 442 448 436 451 474 476 408 398 400 403 415 416 401 396 413 390 384 389 377 383 427 419 382 390 411 431 418 439 455 485 451 379 368 388 400 432 449 445 471 493 494 463 436 439 438 427 468 466 381 406 420 416 411 445 456 429 360 400 424 426 446 447 456 426 450 445 407 383 405 436 421 397 398 394 365 401 435 434 
vem trace:

stid: 342
spdistance: 1573.7
radio trace:
426 406 383 406 409 415 417 423 437 431 435 424 401 394 398 418 431 424 404 375 377 364 372 418 457 455 418 402 398 416 439 422 408 406 408 410 424 393 369 386 424 439 393 375 416 408 367 377 407 403 437 451 446 440 421 400 378 388 405 433 422 423 443 463 435 419 391 415 425 418 407 423 393 399 390 377 380 411 403 378 419 435 410 401 381 365 386 392 405 403 392 375 385 408 414 423 405 382 410 385 387 413 420 419 408 419 410 404 412 413 413 414 405 411 377 377 382 355 403 411 414 431 415 396 407 416 408 419 416 402 406 409 385 421 399 380 391 402 400 410 414 408 389 394 390 385 408 408 430 418 412 419 396 402 396 381 400 397 382 404 434 427 404 409 418 417 415 417 412 407 408 386 408 409 441 414 394 414 420 433 428 411 422 438 409 414 441 443 427 380 379 421 405 413 408 400 397 393 413 420 428 415 421 406 413 413 406 403 411 409 408 392 372 405 395 417 434 427 436 443 418 395 396 378 379 408 419 409 394 393 392 384 387 396 426 416 418 430 446 413 423 431 420 418 400 394 396 390 393 385 388 398 399 395 375 389 400 414 394 404 381 384 381 413 402 403 426 416 425 400 415 427 401 412 406 421 417 414 408 413 391 401 393 402 434 434 438 441 448 438 400 410 400 423 438 423 391 395 410 377 344 376 359 378 373 376 396 402 410 389 401 423 440 448 471 446 442 426 414 403 403 414 404 383 401 419 396 406 412 411 414 424 393 395 375 381 391 402 399 391 394 378 394 421 430 418 402 425 449 438 441 436 423 418 442 447 391 412 439 406 406 429 420 425 448 420 416 417 393 397 394 412 437 421 429 426 437 443 403 404 405 415 411 426 415 418 403 404 418 422 413 392 371 388 411 410 399 397 412 389 398 410 404 413 400 403 429 416 383 356 380 392 394 406 436 439 416 424 438 398 384 396 375 402 442 399 420 434 424 408 429 412 440 444 434 420 425 419 410 424 404 364 380 392 358 375 371 374 379 398 411 389 351 362 382 420 445 442 446 434 432 431 401 396 413 424 429 416 392 393 408 399 399 397 430 434 435 440 444 437 411 394 397 407 415 409 403 409 415 430 396 391 387 396 413 408 436 434 422 405 422 419 435 434 427 424 450 433 447 445 464 465 440 432 438 409 406 414 405 397 402 403 418 422 444 430 367 388 394 400 413 417 406 430 413 440 431 448 438 432 417 414 417 408 400 393 391 385 384 385 395 373 384 367 375 407 417 402 401 404 420 399 421 424 417 398 425 427 408 408 429 418 450 447 455 458 461 443 419 421 404 395 401 420 426 413 442 422 411 439 432 414 429 430 408 426 421 423 415 411 419 391 386 400 440 444 445 411 408 391 396 429 419 397 404 433 437 427 398 421 422 419 417 399 344 336 373 375 408 408 394 377 385 384 390 394 414 433 428 430 429 451 417 430 418 409 412 416 398 424 401 415 413 405 415 417 440 463 448 433 432 413 414 402 398 408 423 438 410 402 402 384 393 391 409 430 401 366 393 398 404 415 397 383 383 403 414 423 419 361 388 428 406 396 388 396 403 412 449 428 406 394 395 402 404 408 370 380 384 394 408 424 419 420 412 426 438 413 436 448 432 429 410 395 385 426 428 429 403 388 374 378 395 424 379 412 436 415 414 396 406 424 448 452 436 424 396 394 403 386 381 425 410 392 387 424 442 436 404 420 417 401 450 450 422 404 422 427 
vem trace:

