SDId: 34710056
energy: 4.40898e+17
zenith: 0.78176
azimuth: 3.40641
GPSSeconc: 1126543219
stid: 332
spdistance: 234.777
radio trace:
573 555 554 571 562 527 512 519 540 572 570 556 580 575 557 535 540 542 552 514 520 508 524 524 530 507 504 526 544 534 520 522 515 517 510 525 539 548 555 542 563 551 567 566 548 529 558 597 574 571 509 492 542 577 570 590 587 550 539 495 532 554 503 512 538 525 536 528 527 499 548 555 560 554 556 559 535 561 544 585 583 575 533 554 524 548 578 562 552 524 519 519 504 550 547 559 524 515 511 528 542 549 534 545 518 556 511 509 518 555 551 520 528 512 481 510 504 491 487 532 519 509 544 555 558 547 535 568 541 570 557 566 545 527 534 514 519 560 584 589 579 569 560 514 500 499 498 518 516 510 535 572 545 530 525 507 470 519 492 521 523 513 526 553 550 552 523 516 522 515 516 526 526 527 536 560 514 510 541 586 560 555 538 508 495 549 567 553 528 511 545 582 539 572 582 573 559 564 527 511 517 505 498 543 582 538 562 531 531 568 549 563 541 575 579 576 552 557 543 536 520 520 550 571 537 540 546 524 504 512 538 506 528 532 502 510 513 529 519 511 540 534 520 540 546 563 550 552 530 553 574 557 540 549 561 545 535 509 537 568 606 567 542 542 555 561 546 575 564 562 538 543 559 541 553 571 590 588 521 539 564 553 545 566 566 554 574 576 533 563 552 546 522 527 530 510 497 556 540 516 542 544 551 536 526 531 581 558 549 555 539 561 556 537 536 504 505 524 566 526 526 534 544 549 502 519 509 495 523 542 517 532 554 553 545 538 563 552 538 539 531 527 560 579 555 534 542 538 535 547 534 530 550 553 536 535 519 519 525 533 507 504 526 563 556 534 522 516 520 530 526 540 505 543 566 574 514 495 499 535 548 562 555 561 578 513 495 524 511 551 556 545 524 517 509 533 565 531 496 510 525 524 542 559 583 552 520 545 578 553 541 534 541 506 519 577 588 545 540 538 523 504 509 521 534 512 508 486 513 505 523 545 525 514 494 542 550 553 571 550 549 557 547 531 527 523 533 535 538 547 518 541 542 533 540 565 550 566 552 524 516 508 533 531 536 543 524 556 528 508 544 529 552 568 567 562 559 584 554 524 560 564 530 541 556 575 591 583 566 576 520 496 492 511 513 533 539 571 510 525 493 498 491 508 524 505 490 518 501 528 520 513 496 478 489 547 542 546 563 554 559 519 538 533 552 514 558 563 550 549 538 559 539 568 518 521 550 583 575 546 546 598 601 585 574 527 541 517 526 511 543 542 550 530 508 491 492 532 550 561 573 556 568 576 579 568 531 506 548 543 540 525 540 526 543 558 539 554 550 558 541 561 547 550 558 543 528 570 554 560 524 482 545 546 559 556 571 574 544 570 566 608 594 539 516 539 555 540 541 535 523 506 496 482 480 547 554 560 540 537 528 523 539 529 529 519 527 538 516 515 532 524 521 547 546 518 516 529 517 531 540 554 536 560 522 521 517 512 497 513 484 506 516 520 497 491 522 565 571 561 539 528 537 559 549 559 526 525 494 515 564 523 495 507 546 562 559 552 567 549 539 533 519 560 546 532 507 509 515 499 528 570 596 546 547 544 526 533 552 538 531 503 516 538 522 529 541 552 553 539 541 532 523 525 508 507 537 551 546 522 554 513 558 551 536 558 579 551 578 544 510 527 580 559 515 559 554 595 568 523 516 527 541 550 584 543 553 524 494 502 552 540 575 528 516 535 558 539 555 567 546 535 540 556 561 533 518 503 
vem trace:

stid: 333
spdistance: 873.954
radio trace:
441 479 462 465 462 464 468 456 457 438 480 465 459 464 429 446 508 502 493 445 446 449 436 445 432 440 442 474 483 490 495 470 428 452 464 451 440 441 457 465 468 479 443 450 445 436 437 433 438 424 449 457 450 455 427 424 472 465 488 486 468 483 484 468 457 442 447 488 476 445 428 437 455 430 452 431 404 422 443 429 412 423 443 464 421 405 376 424 436 418 408 407 435 436 435 452 445 456 460 470 454 456 432 421 443 474 459 438 432 441 420 455 432 444 438 452 452 447 457 438 446 461 427 442 444 424 440 469 445 427 417 461 457 453 437 431 491 466 468 431 439 456 455 456 478 460 445 439 472 463 455 433 415 410 399 412 433 431 452 451 429 435 419 417 431 427 429 423 424 424 445 469 457 434 438 438 429 438 444 476 482 472 470 477 452 441 454 481 484 493 478 472 471 477 460 459 462 426 441 463 459 461 457 467 469 455 410 448 475 483 492 469 446 426 447 456 482 447 462 470 476 483 492 470 420 437 464 461 450 413 418 440 444 450 456 482 479 469 464 444 460 466 479 486 472 470 470 483 407 435 461 459 498 503 477 497 455 457 472 453 455 446 454 460 454 487 495 509 500 460 449 452 446 477 453 444 423 416 414 409 444 452 482 474 469 463 467 453 464 467 484 469 461 462 473 471 465 459 471 476 474 467 471 504 474 444 452 419 432 420 428 449 415 446 446 447 425 409 399 416 417 420 477 460 496 493 525 504 459 454 418 408 381 416 385 418 457 466 493 449 445 418 438 466 465 451 456 448 453 463 465 472 452 460 459 453 477 460 447 445 485 497 480 477 462 448 452 452 449 478 475 460 467 436 409 454 486 491 490 485 461 486 432 409 446 447 481 439 435 427 430 463 454 478 492 448 423 428 401 406 443 432 471 465 459 459 433 447 456 446 457 471 474 443 455 501 494 447 434 429 450 460 452 449 417 472 432 425 439 446 434 407 408 420 459 464 446 448 452 450 436 446 492 485 456 419 401 433 408 433 409 453 476 520 501 456 456 461 452 467 490 484 496 500 488 474 463 450 429 436 394 430 421 398 459 462 430 460 467 482 505 496 430 419 429 451 458 454 450 455 423 415 434 460 470 466 452 441 421 446 435 457 467 433 448 458 475 476 461 416 406 431 431 434 496 477 445 460 447 486 479 468 445 459 486 472 471 440 466 474 442 486 481 462 433 428 406 417 431 476 469 458 430 494 461 468 455 441 455 433 441 454 469 444 409 432 436 418 445 461 430 453 412 395 409 403 408 413 413 456 506 475 481 463 462 461 461 484 444 461 433 455 442 453 452 506 484 447 464 478 450 465 470 480 457 447 432 438 436 443 450 442 480 472 458 452 417 440 499 492 464 472 439 411 408 431 443 452 416 431 454 432 469 497 508 535 489 443 446 476 462 475 463 464 457 413 452 479 477 458 435 432 444 441 439 475 491 416 439 479 444 445 456 466 445 423 438 434 429 441 458 406 426 415 413 446 406 401 446 465 475 469 453 422 447 440 443 423 414 433 423 461 461 460 498 457 429 416 423 410 453 478 484 452 445 449 407 427 408 428 446 431 404 420 414 394 408 388 417 438 433 429 438 434 449 465 426 426 438 467 462 470 449 442 458 441 445 445 447 480 474 488 514 480 472 462 456 466 449 461 462 465 461 464 455 448 472 461 460 456 452 417 430 417 424 412 429 462 463 475 450 450 447 465 457 450 457 466 
vem trace:

stid: 342
spdistance: 1205.99
radio trace:
485 495 474 445 438 450 465 479 485 455 441 426 427 431 444 471 491 494 472 447 425 456 467 447 472 477 469 472 461 451 469 460 478 460 460 460 487 492 508 480 490 479 503 494 457 441 475 481 496 452 455 469 435 442 445 453 448 454 457 467 499 468 422 456 456 480 468 492 501 491 474 456 480 449 459 511 465 458 445 431 461 469 465 459 444 473 446 459 433 438 476 478 486 506 507 484 474 450 439 486 474 434 434 413 432 456 493 483 475 429 444 460 440 445 461 491 491 475 447 489 477 457 443 415 429 438 446 474 438 414 447 455 479 483 495 448 460 498 500 458 439 470 482 482 494 469 487 480 463 442 478 513 479 428 457 458 463 469 466 446 443 443 429 434 451 408 416 433 441 455 499 477 463 454 481 466 458 478 491 488 473 489 490 463 468 501 489 487 454 463 468 475 486 439 467 446 464 458 459 477 480 453 458 473 470 456 459 453 433 452 470 463 483 444 420 450 470 471 476 465 440 436 448 434 432 452 459 433 435 436 459 478 492 458 428 438 476 475 460 472 457 448 452 455 451 454 470 463 459 462 469 482 447 428 446 469 464 418 411 434 451 461 465 421 431 459 482 489 481 498 494 471 464 462 465 466 492 481 463 449 436 462 452 483 492 480 460 440 454 457 451 454 448 438 475 470 461 458 476 464 456 448 470 481 484 463 485 483 485 470 465 477 476 484 458 466 481 489 436 428 436 450 482 471 471 453 463 475 467 471 479 471 465 483 499 473 448 450 433 457 480 464 462 446 444 476 463 434 429 450 473 509 505 500 488 477 468 414 437 460 478 460 484 473 429 448 462 425 415 417 432 444 462 480 509 496 495 452 454 456 440 456 401 419 403 425 457 442 473 487 465 475 465 473 455 457 454 452 449 496 473 446 450 443 394 406 450 447 425 476 448 480 474 465 454 467 473 451 430 425 437 473 456 462 489 490 465 483 465 474 449 479 476 456 435 446 449 471 463 470 475 496 494 487 497 468 448 472 440 446 443 465 446 449 447 455 421 424 430 447 491 478 509 522 491 485 494 476 480 459 453 445 448 478 494 493 453 430 457 477 449 421 455 437 436 441 432 468 504 460 468 468 466 430 447 457 496 507 504 501 497 449 456 486 481 500 453 464 473 467 433 461 440 455 508 521 487 478 449 465 453 481 457 475 470 457 460 451 443 438 460 437 427 413 432 451 448 485 476 494 476 448 458 515 503 462 419 460 471 444 437 435 452 478 465 486 473 495 497 491 471 461 452 455 458 431 430 452 451 428 444 451 467 456 438 472 482 463 439 443 449 424 427 437 455 473 463 478 473 476 471 462 460 444 439 493 503 446 452 452 456 443 465 431 435 442 443 466 475 470 478 492 510 509 498 474 449 444 440 457 455 422 441 422 440 454 449 453 474 479 480 531 512 485 441 451 475 459 468 486 467 477 490 465 479 460 462 467 468 464 426 416 421 432 460 432 452 502 502 501 485 509 507 480 478 472 462 446 468 450 470 486 482 504 509 457 431 437 457 444 432 453 467 480 446 424 411 425 429 434 446 465 458 467 467 464 429 448 464 492 474 477 504 519 498 490 465 452 465 483 494 474 477 474 467 476 488 492 464 449 434 419 448 470 430 425 428 460 463 427 413 441 455 446 467 494 482 479 475 481 485 502 486 458 476 460 459 446 477 461 460 451 460 464 478 476 451 464 452 459 479 493 479 459 455 458 470 457 
vem trace:

