SDId: 34716374
energy: 2.54397e+18
zenith: 0.82379
azimuth: 2.4116
GPSSeconc: 1126579013
stid: 332
spdistance: 1858.94
radio trace:
496 475 516 552 540 540 535 496 486 483 481 498 511 516 540 539 557 513 553 530 513 552 559 521 495 523 548 536 505 508 513 501 518 512 503 554 536 560 551 544 529 510 533 509 517 547 552 575 560 531 550 535 540 536 538 536 544 569 549 521 567 558 539 540 504 513 548 550 558 577 546 517 528 534 550 529 545 512 511 519 509 561 544 510 515 516 526 522 495 524 506 507 468 479 462 488 518 490 518 546 529 553 544 553 533 480 494 480 510 505 496 516 523 538 545 524 501 512 501 476 524 539 494 499 545 542 573 562 523 518 515 522 507 497 536 546 546 541 536 544 549 543 536 505 515 539 566 547 545 509 511 489 513 529 483 467 493 531 524 558 514 520 560 523 516 533 543 557 570 568 524 530 525 520 512 533 541 554 535 517 525 554 536 515 533 521 526 544 513 514 521 526 509 468 510 518 541 546 536 502 526 513 497 486 526 542 571 554 518 518 539 539 540 546 544 548 537 529 531 560 538 529 554 478 476 512 547 522 527 538 551 529 498 476 499 497 536 514 502 556 549 525 544 503 552 549 583 562 547 531 518 529 538 558 543 561 581 580 587 557 535 529 507 486 524 543 535 485 503 529 531 552 528 519 488 482 474 501 520 521 540 553 526 538 564 544 550 558 562 541 520 527 506 497 529 505 530 542 556 534 559 558 532 527 529 512 484 497 512 513 518 512 530 550 528 550 530 533 516 548 523 503 496 534 543 560 548 537 544 533 521 541 523 534 514 518 533 517 548 555 572 560 512 490 510 527 571 576 555 529 545 564 537 534 523 482 478 460 491 501 508 501 505 489 526 567 541 512 518 540 541 539 543 557 557 535 505 513 522 545 542 536 533 541 539 539 520 529 548 540 558 590 574 567 531 513 498 504 537 542 528 534 516 567 547 507 527 563 518 499 519 532 502 478 478 504 509 523 524 517 496 525 515 530 532 535 499 506 542 590 564 562 540 532 531 538 553 561 559 541 568 520 501 498 524 509 523 527 526 506 496 475 506 521 547 502 483 493 528 508 530 530 549 565 522 490 496 537 536 490 524 537 520 530 535 546 526 510 519 519 523 541 559 561 533 492 530 563 568 556 540 560 571 544 533 512 547 523 532 509 509 524 510 534 504 524 547 539 532 568 569 550 530 522 538 566 551 508 506 522 536 535 552 565 561 535 530 506 509 560 585 595 546 479 485 515 526 490 492 491 490 508 505 524 550 539 547 550 543 557 560 559 584 555 538 517 485 525 504 509 512 540 557 520 496 524 501 497 513 540 539 546 549 525 538 525 507 512 511 518 537 496 508 536 560 553 569 527 487 485 506 502 479 481 487 486 538 562 560 513 532 527 515 515 546 498 480 510 537 553 552 523 544 533 535 532 527 524 523 534 543 534 503 512 541 535 508 542 511 508 527 484 511 540 528 551 524 517 529 512 492 468 476 488 514 536 521 514 542 534 549 499 476 493 517 526 538 557 516 509 499 503 542 546 543 545 548 543 538 546 533 533 533 520 485 507 548 556 555 540 511 547 524 528 549 547 578 556 554 513 534 553 542 506 499 479 511 488 493 470 515 518 523 521 519 546 553 564 586 526 511 517 546 559 551 528 501 500 507 520 527 522 491 523 534 513 531 523 552 526 534 492 525 569 549 543 496 488 518 538 549 520 513 496 511 495 493 473 520 524 517 531 523 524 504 487 489 518 544 550 545 555 541 548 567 574 541 503 
vem trace:

stid: 341
spdistance: 1369.19
radio trace:
518 478 483 478 457 464 454 488 486 455 456 441 427 447 476 496 522 522 467 432 493 461 487 539 505 488 511 498 463 457 467 464 448 405 426 438 483 461 485 485 492 468 477 494 461 500 557 542 498 484 510 524 544 531 502 465 487 498 499 488 493 487 509 504 505 479 487 502 487 489 514 501 491 485 502 470 444 465 485 519 471 462 474 477 456 494 479 468 457 471 511 497 496 480 466 502 530 524 474 504 509 493 481 486 490 498 481 453 499 548 498 479 495 499 471 471 511 509 477 486 487 475 489 479 478 459 456 450 466 473 454 465 479 441 469 456 442 459 423 443 469 481 464 451 468 474 465 488 495 471 482 511 502 507 486 523 525 532 505 454 449 494 516 458 443 501 503 481 487 494 520 484 455 466 507 526 508 518 518 484 494 536 528 490 489 505 493 486 495 513 510 497 489 424 436 463 501 487 493 511 524 507 478 480 498 511 544 533 518 518 520 504 506 484 491 510 511 519 479 461 477 470 480 464 454 490 518 514 522 513 491 501 500 513 491 459 498 499 487 434 415 429 451 462 484 464 462 450 464 482 472 465 484 527 510 488 478 444 483 502 511 473 500 486 486 484 507 537 509 489 483 477 496 490 484 490 502 495 496 454 494 489 538 541 546 499 464 483 503 477 479 496 493 507 468 486 480 491 523 540 505 529 526 486 459 435 422 507 464 437 425 404 452 468 450 434 452 480 486 489 466 489 522 485 465 425 454 471 471 463 472 436 393 438 476 465 463 456 459 456 463 430 444 439 460 458 488 496 475 489 488 498 490 486 486 500 487 463 469 475 455 471 473 508 504 476 450 480 478 499 494 512 527 531 477 483 497 478 478 501 495 516 540 511 508 510 509 502 526 533 542 498 479 502 549 532 539 556 513 485 491 464 462 503 510 458 422 455 498 487 499 500 490 521 534 555 564 559 523 510 477 497 487 497 502 475 467 467 492 512 508 514 529 476 452 432 457 468 485 511 446 454 451 452 432 432 441 469 441 435 433 473 521 498 492 504 506 495 472 473 493 506 482 482 498 510 506 509 511 495 500 470 501 468 496 532 536 535 507 474 482 494 478 495 521 513 501 493 479 483 492 489 494 486 491 499 501 488 481 500 488 464 464 509 495 493 502 531 555 544 572 529 547 542 545 506 505 509 484 520 510 505 495 485 502 469 466 452 463 472 425 472 486 500 488 496 543 508 497 529 541 545 523 487 476 511 477 491 526 507 507 516 511 482 499 484 518 530 519 509 492 454 448 465 448 521 548 537 484 466 512 473 487 503 473 545 517 497 460 470 528 502 525 556 518 508 485 430 426 469 494 491 507 494 495 478 493 478 500 481 486 462 449 498 481 501 467 483 496 523 533 493 489 472 504 468 485 495 502 499 450 479 465 453 502 536 520 491 505 505 512 517 501 496 528 526 494 471 477 479 481 498 486 499 498 479 471 467 473 485 489 462 466 481 504 497 447 446 505 498 469 463 483 475 470 455 513 506 530 518 506 533 502 487 494 483 491 472 498 475 434 452 472 444 479 503 538 550 530 532 498 488 477 464 462 488 472 512 529 497 523 508 497 506 494 436 420 439 461 487 494 493 468 523 530 511 489 456 495 518 525 543 517 466 464 458 453 464 498 483 504 519 469 488 519 533 486 487 474 476 512 505 520 506 480 481 437 468 476 459 466 468 479 502 493 504 502 473 461 520 526 492 480 466 446 466 464 499 
vem trace:

stid: 341
spdistance: 1369.19
radio trace:
518 478 483 478 457 464 454 488 486 455 456 441 427 447 476 496 522 522 467 432 493 461 487 539 505 488 511 498 463 457 467 464 448 405 426 438 483 461 485 485 492 468 477 494 461 500 557 542 498 484 510 524 544 531 502 465 487 498 499 488 493 487 509 504 505 479 487 502 487 489 514 501 491 485 502 470 444 465 485 519 471 462 474 477 456 494 479 468 457 471 511 497 496 480 466 502 530 524 474 504 509 493 481 486 490 498 481 453 499 548 498 479 495 499 471 471 511 509 477 486 487 475 489 479 478 459 456 450 466 473 454 465 479 441 469 456 442 459 423 443 469 481 464 451 468 474 465 488 495 471 482 511 502 507 486 523 525 532 505 454 449 494 516 458 443 501 503 481 487 494 520 484 455 466 507 526 508 518 518 484 494 536 528 490 489 505 493 486 495 513 510 497 489 424 436 463 501 487 493 511 524 507 478 480 498 511 544 533 518 518 520 504 506 484 491 510 511 519 479 461 477 470 480 464 454 490 518 514 522 513 491 501 500 513 491 459 498 499 487 434 415 429 451 462 484 464 462 450 464 482 472 465 484 527 510 488 478 444 483 502 511 473 500 486 486 484 507 537 509 489 483 477 496 490 484 490 502 495 496 454 494 489 538 541 546 499 464 483 503 477 479 496 493 507 468 486 480 491 523 540 505 529 526 486 459 435 422 507 464 437 425 404 452 468 450 434 452 480 486 489 466 489 522 485 465 425 454 471 471 463 472 436 393 438 476 465 463 456 459 456 463 430 444 439 460 458 488 496 475 489 488 498 490 486 486 500 487 463 469 475 455 471 473 508 504 476 450 480 478 499 494 512 527 531 477 483 497 478 478 501 495 516 540 511 508 510 509 502 526 533 542 498 479 502 549 532 539 556 513 485 491 464 462 503 510 458 422 455 498 487 499 500 490 521 534 555 564 559 523 510 477 497 487 497 502 475 467 467 492 512 508 514 529 476 452 432 457 468 485 511 446 454 451 452 432 432 441 469 441 435 433 473 521 498 492 504 506 495 472 473 493 506 482 482 498 510 506 509 511 495 500 470 501 468 496 532 536 535 507 474 482 494 478 495 521 513 501 493 479 483 492 489 494 486 491 499 501 488 481 500 488 464 464 509 495 493 502 531 555 544 572 529 547 542 545 506 505 509 484 520 510 505 495 485 502 469 466 452 463 472 425 472 486 500 488 496 543 508 497 529 541 545 523 487 476 511 477 491 526 507 507 516 511 482 499 484 518 530 519 509 492 454 448 465 448 521 548 537 484 466 512 473 487 503 473 545 517 497 460 470 528 502 525 556 518 508 485 430 426 469 494 491 507 494 495 478 493 478 500 481 486 462 449 498 481 501 467 483 496 523 533 493 489 472 504 468 485 495 502 499 450 479 465 453 502 536 520 491 505 505 512 517 501 496 528 526 494 471 477 479 481 498 486 499 498 479 471 467 473 485 489 462 466 481 504 497 447 446 505 498 469 463 483 475 470 455 513 506 530 518 506 533 502 487 494 483 491 472 498 475 434 452 472 444 479 503 538 550 530 532 498 488 477 464 462 488 472 512 529 497 523 508 497 506 494 436 420 439 461 487 494 493 468 523 530 511 489 456 495 518 525 543 517 466 464 458 453 464 498 483 504 519 469 488 519 533 486 487 474 476 512 505 520 506 480 481 437 468 476 459 466 468 479 502 493 504 502 473 461 520 526 492 480 466 446 466 464 499 
vem trace:

