SDId: 34667026
energy: 4.42991e+17
zenith: 0.492969
azimuth: 4.73042
GPSSeconc: 1126324749
stid: 341
spdistance: 825.723
radio trace:
509 511 515 557 532 516 517 507 540 544 560 550 515 534 554 525 510 488 480 496 470 486 517 520 480 499 536 539 535 544 537 567 585 503 497 516 512 497 492 455 468 481 518 530 537 539 511 514 485 536 515 536 525 528 524 574 576 534 516 536 566 589 550 526 492 519 507 523 507 483 523 505 507 508 529 517 489 507 537 559 552 540 557 570 536 552 537 534 519 509 541 546 527 548 518 503 526 465 475 489 497 483 494 538 516 535 552 566 581 538 503 518 562 586 549 537 562 571 565 548 509 499 472 449 457 466 474 529 549 517 534 553 553 528 508 477 494 509 559 561 604 562 532 525 527 569 583 515 492 488 498 507 491 497 506 491 502 502 505 480 452 491 505 503 525 543 540 544 504 524 526 516 529 518 528 506 483 481 489 553 529 510 504 487 542 562 586 580 545 519 514 491 503 506 475 487 533 509 484 496 537 545 579 559 550 539 534 540 514 499 522 512 533 483 481 483 488 477 513 495 526 515 530 526 518 503 528 543 560 542 516 507 514 512 514 500 522 554 489 498 485 496 486 519 528 500 501 512 506 503 539 509 487 492 479 504 504 499 522 498 466 499 485 517 495 527 476 516 563 507 492 512 499 504 487 498 498 537 529 502 508 508 546 556 546 537 532 525 504 530 578 585 574 569 530 479 453 446 502 528 549 573 515 506 512 537 513 492 516 515 520 534 548 476 470 464 483 485 473 485 503 511 480 493 504 523 557 564 561 527 539 512 515 526 522 503 565 559 558 552 548 549 494 454 512 515 520 525 512 509 506 485 490 576 563 537 513 524 520 513 487 489 505 554 581 566 533 536 551 553 530 539 532 478 500 485 537 506 505 479 551 540 518 524 489 457 474 484 518 558 530 526 478 453 473 458 485 511 514 518 491 500 537 553 562 558 547 525 511 495 476 500 499 459 482 466 502 497 467 495 494 502 513 499 478 487 512 546 531 507 496 463 468 560 531 520 537 507 524 492 540 530 530 529 567 514 470 461 490 480 507 532 553 523 511 499 519 522 524 534 535 503 472 514 520 510 494 531 510 512 516 527 552 556 524 517 503 516 555 551 551 570 515 528 526 519 520 552 512 526 512 492 505 522 511 533 536 536 518 538 561 559 557 560 536 492 512 486 491 483 470 476 488 460 469 491 507 505 547 528 505 472 453 501 497 488 526 513 514 561 547 534 518 520 502 514 499 516 508 533 568 554 535 535 481 520 540 531 533 508 513 524 498 534 513 487 526 533 538 524 515 511 524 547 531 538 537 515 530 535 537 516 518 535 516 510 488 505 471 466 496 512 564 575 560 524 481 484 433 470 522 540 520 528 543 524 495 509 499 486 491 469 477 460 452 479 507 541 505 510 522 551 560 555 572 590 615 609 547 487 471 479 498 508 524 542 537 554 516 501 522 493 498 528 549 514 506 495 495 506 543 551 523 509 516 486 501 479 514 528 544 543 529 501 488 501 547 552 541 515 491 501 528 516 546 572 579 570 549 514 482 483 458 482 508 512 533 546 561 528 507 481 486 518 483 475 489 483 490 481 516 542 537 523 502 510 545 538 533 510 510 525 478 510 506 516 521 517 533 537 514 518 528 542 559 535 541 505 470 475 468 528 533 509 512 530 524 521 515 468 483 543 595 564 529 489 487 518 514 479 512 505 530 497 516 528 520 549 555 523 522 557 538 518 504 490 485 493 473 471 450 474 459 481 507 525 511 495 
vem trace:

stid: 341
spdistance: 825.723
radio trace:
509 511 515 557 532 516 517 507 540 544 560 550 515 534 554 525 510 488 480 496 470 486 517 520 480 499 536 539 535 544 537 567 585 503 497 516 512 497 492 455 468 481 518 530 537 539 511 514 485 536 515 536 525 528 524 574 576 534 516 536 566 589 550 526 492 519 507 523 507 483 523 505 507 508 529 517 489 507 537 559 552 540 557 570 536 552 537 534 519 509 541 546 527 548 518 503 526 465 475 489 497 483 494 538 516 535 552 566 581 538 503 518 562 586 549 537 562 571 565 548 509 499 472 449 457 466 474 529 549 517 534 553 553 528 508 477 494 509 559 561 604 562 532 525 527 569 583 515 492 488 498 507 491 497 506 491 502 502 505 480 452 491 505 503 525 543 540 544 504 524 526 516 529 518 528 506 483 481 489 553 529 510 504 487 542 562 586 580 545 519 514 491 503 506 475 487 533 509 484 496 537 545 579 559 550 539 534 540 514 499 522 512 533 483 481 483 488 477 513 495 526 515 530 526 518 503 528 543 560 542 516 507 514 512 514 500 522 554 489 498 485 496 486 519 528 500 501 512 506 503 539 509 487 492 479 504 504 499 522 498 466 499 485 517 495 527 476 516 563 507 492 512 499 504 487 498 498 537 529 502 508 508 546 556 546 537 532 525 504 530 578 585 574 569 530 479 453 446 502 528 549 573 515 506 512 537 513 492 516 515 520 534 548 476 470 464 483 485 473 485 503 511 480 493 504 523 557 564 561 527 539 512 515 526 522 503 565 559 558 552 548 549 494 454 512 515 520 525 512 509 506 485 490 576 563 537 513 524 520 513 487 489 505 554 581 566 533 536 551 553 530 539 532 478 500 485 537 506 505 479 551 540 518 524 489 457 474 484 518 558 530 526 478 453 473 458 485 511 514 518 491 500 537 553 562 558 547 525 511 495 476 500 499 459 482 466 502 497 467 495 494 502 513 499 478 487 512 546 531 507 496 463 468 560 531 520 537 507 524 492 540 530 530 529 567 514 470 461 490 480 507 532 553 523 511 499 519 522 524 534 535 503 472 514 520 510 494 531 510 512 516 527 552 556 524 517 503 516 555 551 551 570 515 528 526 519 520 552 512 526 512 492 505 522 511 533 536 536 518 538 561 559 557 560 536 492 512 486 491 483 470 476 488 460 469 491 507 505 547 528 505 472 453 501 497 488 526 513 514 561 547 534 518 520 502 514 499 516 508 533 568 554 535 535 481 520 540 531 533 508 513 524 498 534 513 487 526 533 538 524 515 511 524 547 531 538 537 515 530 535 537 516 518 535 516 510 488 505 471 466 496 512 564 575 560 524 481 484 433 470 522 540 520 528 543 524 495 509 499 486 491 469 477 460 452 479 507 541 505 510 522 551 560 555 572 590 615 609 547 487 471 479 498 508 524 542 537 554 516 501 522 493 498 528 549 514 506 495 495 506 543 551 523 509 516 486 501 479 514 528 544 543 529 501 488 501 547 552 541 515 491 501 528 516 546 572 579 570 549 514 482 483 458 482 508 512 533 546 561 528 507 481 486 518 483 475 489 483 490 481 516 542 537 523 502 510 545 538 533 510 510 525 478 510 506 516 521 517 533 537 514 518 528 542 559 535 541 505 470 475 468 528 533 509 512 530 524 521 515 468 483 543 595 564 529 489 487 518 514 479 512 505 530 497 516 528 520 549 555 523 522 557 538 518 504 490 485 493 473 471 450 474 459 481 507 525 511 495 
vem trace:

