SDId: 34731755
energy: 7.99179e+17
zenith: 0.466887
azimuth: 5.86405
GPSSeconc: 1126666794
stid: 332
spdistance: 392.781
radio trace:
484 534 541 531 545 545 538 577 586 581 532 524 503 560 570 572 541 482 511 520 525 541 532 513 522 520 532 552 557 567 530 534 510 510 508 553 569 580 554 549 555 549 574 551 554 536 546 567 524 544 553 546 587 572 570 558 540 528 513 509 552 565 564 572 598 550 533 544 563 554 528 536 537 535 537 536 550 529 540 533 519 521 539 574 581 579 584 547 529 537 538 593 588 588 553 539 575 583 572 585 532 523 547 559 546 551 524 533 539 537 561 547 532 565 579 567 547 548 572 572 589 555 583 551 550 549 571 521 544 534 538 565 563 532 494 527 529 550 557 573 574 564 532 529 525 527 564 570 564 552 547 543 548 520 551 494 513 543 521 559 573 568 541 540 560 571 548 557 527 544 537 561 553 523 525 529 524 531 583 596 583 571 549 564 558 593 567 564 579 617 606 571 557 550 557 548 565 586 572 554 558 554 565 529 538 570 536 578 554 512 513 552 564 548 567 557 523 553 553 543 527 540 499 536 559 535 507 532 498 506 511 498 533 497 514 507 517 586 577 552 510 530 535 545 546 575 580 575 591 576 584 575 565 567 549 517 544 559 563 546 566 566 579 564 543 539 541 527 548 562 539 513 516 520 533 511 478 500 484 543 548 528 527 558 564 578 569 577 572 547 527 548 543 536 517 517 551 555 543 546 531 544 525 495 512 530 563 570 553 548 576 530 505 509 526 541 543 539 528 550 561 535 539 571 570 582 570 523 507 525 568 563 542 540 563 571 541 535 525 574 594 559 536 527 520 545 538 542 545 576 549 588 582 564 565 566 569 603 567 558 545 525 539 534 545 553 535 508 510 536 559 571 583 539 530 525 543 551 534 565 560 520 559 585 555 560 539 558 557 544 534 529 533 563 552 536 559 554 572 593 573 549 532 536 548 503 503 521 488 517 544 569 528 518 484 533 567 545 542 560 554 549 540 527 501 480 506 559 581 562 526 550 546 531 551 544 545 546 548 516 535 551 531 564 578 559 544 525 562 555 535 543 558 576 574 577 568 525 528 539 574 581 560 569 568 552 513 513 545 524 542 578 533 525 516 560 550 499 503 525 563 574 569 524 526 563 564 590 523 521 531 542 575 576 561 535 543 562 576 528 531 519 520 508 520 542 559 569 574 563 573 562 539 522 527 509 507 521 534 566 599 592 580 540 513 528 524 504 519 526 541 559 550 558 541 543 531 550 559 560 558 552 507 520 495 501 476 533 539 538 555 524 555 540 539 524 517 529 538 523 515 551 539 523 506 504 479 499 485 494 512 542 539 548 525 511 552 523 527 555 531 518 518 540 565 574 577 563 546 548 519 565 571 557 565 562 574 555 517 527 522 527 551 526 538 556 556 557 566 580 571 557 562 575 536 538 543 562 565 556 529 575 588 571 594 567 553 541 505 511 504 532 538 509 521 527 553 584 552 533 565 532 511 537 569 566 517 544 510 533 575 583 571 583 578 576 572 569 573 530 525 539 523 507 566 564 555 568 543 539 530 510 517 543 588 557 552 564 570 519 535 552 555 552 544 551 566 550 540 544 536 521 533 534 515 545 565 539 546 543 551 510 509 544 539 540 561 601 578 590 564 601 596 587 598 570 530 496 509 553 575 565 563 545 520 540 551 553 545 536 537 544 546 566 560 540 575 543 532 525 514 512 523 507 517 527 523 557 558 564 577 559 553 539 575 582 578 557 565 552 548 532 531 535 508 476 485 489 
vem trace:

stid: 341
spdistance: 1133.33
radio trace:
486 506 502 485 454 483 505 537 512 543 516 476 483 428 456 498 504 499 485 487 513 490 498 504 521 490 516 556 530 491 511 471 516 523 507 584 581 526 494 484 496 535 514 528 525 459 441 452 459 466 461 466 471 479 490 517 513 482 526 533 556 526 547 539 531 514 466 459 509 511 537 562 546 494 448 439 490 517 488 500 486 453 499 552 537 479 524 525 490 514 511 495 491 493 500 498 496 480 498 492 493 486 475 522 494 533 507 456 458 454 439 457 478 483 502 508 499 510 516 494 519 488 499 492 505 481 483 475 456 478 491 520 501 500 526 520 492 487 510 523 530 524 510 522 542 513 507 496 472 490 490 499 484 474 461 435 465 459 493 520 511 495 498 509 494 471 471 472 489 490 490 509 470 450 484 487 539 509 468 485 493 513 528 544 533 514 532 535 526 510 451 482 501 511 518 495 479 525 544 501 456 481 511 516 505 527 516 450 497 506 480 499 496 486 515 533 509 521 529 495 484 494 499 482 518 483 518 503 478 442 468 452 484 506 491 484 515 566 529 507 535 536 512 502 519 516 499 496 476 523 550 538 545 494 526 516 535 555 521 512 505 494 508 495 501 498 506 522 513 548 543 520 516 497 513 524 500 508 524 548 550 519 504 493 508 481 451 472 475 479 490 511 478 489 492 487 511 494 502 508 504 487 481 514 556 558 534 518 474 474 511 555 527 526 529 525 565 564 554 533 512 450 502 537 571 526 499 486 473 483 526 521 505 496 484 494 531 536 509 488 467 519 560 547 531 526 540 509 454 443 432 476 516 509 552 551 498 501 472 471 510 500 469 486 497 476 462 441 457 486 472 460 494 465 445 495 536 512 512 503 488 530 524 539 536 541 537 480 456 478 487 462 469 551 549 500 494 498 495 496 506 517 504 469 520 539 515 491 514 502 558 578 491 440 448 487 497 534 542 507 507 517 513 517 509 493 500 466 465 450 498 515 493 507 518 517 550 529 516 523 545 521 527 475 484 493 508 484 481 516 494 484 500 522 501 494 467 452 497 498 493 494 516 511 491 502 499 520 517 502 516 531 505 508 534 512 487 452 488 518 501 492 502 479 517 508 484 490 508 497 481 501 479 519 498 496 513 506 485 514 508 496 554 567 528 508 496 509 528 489 473 447 483 515 526 540 528 492 506 488 485 466 459 471 417 437 467 540 530 508 522 541 517 518 507 493 487 500 519 535 511 516 525 530 548 528 518 507 512 514 492 461 443 486 509 471 510 513 511 513 492 473 496 547 540 540 490 497 513 487 483 492 519 503 501 536 529 527 536 506 497 498 483 499 504 547 505 515 527 524 468 474 511 482 497 507 490 454 427 453 445 478 481 498 474 482 534 525 506 504 514 549 562 535 488 470 497 498 525 470 470 512 486 513 492 485 444 461 497 485 501 513 508 518 471 472 481 500 524 486 474 475 494 472 489 476 457 471 476 514 511 518 506 535 532 505 480 506 495 518 524 500 469 471 461 451 467 474 497 506 517 506 522 520 537 487 473 514 525 513 514 518 523 509 467 451 479 484 477 461 499 508 492 510 549 531 483 481 469 464 490 485 494 496 522 519 485 447 462 489 535 515 474 499 501 469 507 490 507 490 472 469 501 501 516 534 517 514 511 519 518 525 514 505 478 485 478 442 459 446 473 490 478 503 524 544 554 564 541 532 482 506 486 484 470 507 523 536 501 487 460 431 451 442 473 501 501 503 
vem trace:

stid: 341
spdistance: 1133.33
radio trace:
486 506 502 485 454 483 505 537 512 543 516 476 483 428 456 498 504 499 485 487 513 490 498 504 521 490 516 556 530 491 511 471 516 523 507 584 581 526 494 484 496 535 514 528 525 459 441 452 459 466 461 466 471 479 490 517 513 482 526 533 556 526 547 539 531 514 466 459 509 511 537 562 546 494 448 439 490 517 488 500 486 453 499 552 537 479 524 525 490 514 511 495 491 493 500 498 496 480 498 492 493 486 475 522 494 533 507 456 458 454 439 457 478 483 502 508 499 510 516 494 519 488 499 492 505 481 483 475 456 478 491 520 501 500 526 520 492 487 510 523 530 524 510 522 542 513 507 496 472 490 490 499 484 474 461 435 465 459 493 520 511 495 498 509 494 471 471 472 489 490 490 509 470 450 484 487 539 509 468 485 493 513 528 544 533 514 532 535 526 510 451 482 501 511 518 495 479 525 544 501 456 481 511 516 505 527 516 450 497 506 480 499 496 486 515 533 509 521 529 495 484 494 499 482 518 483 518 503 478 442 468 452 484 506 491 484 515 566 529 507 535 536 512 502 519 516 499 496 476 523 550 538 545 494 526 516 535 555 521 512 505 494 508 495 501 498 506 522 513 548 543 520 516 497 513 524 500 508 524 548 550 519 504 493 508 481 451 472 475 479 490 511 478 489 492 487 511 494 502 508 504 487 481 514 556 558 534 518 474 474 511 555 527 526 529 525 565 564 554 533 512 450 502 537 571 526 499 486 473 483 526 521 505 496 484 494 531 536 509 488 467 519 560 547 531 526 540 509 454 443 432 476 516 509 552 551 498 501 472 471 510 500 469 486 497 476 462 441 457 486 472 460 494 465 445 495 536 512 512 503 488 530 524 539 536 541 537 480 456 478 487 462 469 551 549 500 494 498 495 496 506 517 504 469 520 539 515 491 514 502 558 578 491 440 448 487 497 534 542 507 507 517 513 517 509 493 500 466 465 450 498 515 493 507 518 517 550 529 516 523 545 521 527 475 484 493 508 484 481 516 494 484 500 522 501 494 467 452 497 498 493 494 516 511 491 502 499 520 517 502 516 531 505 508 534 512 487 452 488 518 501 492 502 479 517 508 484 490 508 497 481 501 479 519 498 496 513 506 485 514 508 496 554 567 528 508 496 509 528 489 473 447 483 515 526 540 528 492 506 488 485 466 459 471 417 437 467 540 530 508 522 541 517 518 507 493 487 500 519 535 511 516 525 530 548 528 518 507 512 514 492 461 443 486 509 471 510 513 511 513 492 473 496 547 540 540 490 497 513 487 483 492 519 503 501 536 529 527 536 506 497 498 483 499 504 547 505 515 527 524 468 474 511 482 497 507 490 454 427 453 445 478 481 498 474 482 534 525 506 504 514 549 562 535 488 470 497 498 525 470 470 512 486 513 492 485 444 461 497 485 501 513 508 518 471 472 481 500 524 486 474 475 494 472 489 476 457 471 476 514 511 518 506 535 532 505 480 506 495 518 524 500 469 471 461 451 467 474 497 506 517 506 522 520 537 487 473 514 525 513 514 518 523 509 467 451 479 484 477 461 499 508 492 510 549 531 483 481 469 464 490 485 494 496 522 519 485 447 462 489 535 515 474 499 501 469 507 490 507 490 472 469 501 501 516 534 517 514 511 519 518 525 514 505 478 485 478 442 459 446 473 490 478 503 524 544 554 564 541 532 482 506 486 484 470 507 523 536 501 487 460 431 451 442 473 501 501 503 
vem trace:

