SDId: 34712950
energy: 1.32874e+18
zenith: 0.40714
azimuth: 4.66606
GPSSeconc: 1126561715
stid: 341
spdistance: 686.961
radio trace:
495 490 513 536 553 550 520 539 536 552 516 520 552 544 494 472 466 517 536 535 561 578 552 541 512 482 519 523 524 511 506 515 529 533 517 518 543 526 515 531 556 573 552 549 508 504 528 512 525 507 534 516 541 499 433 458 503 531 559 572 548 529 516 536 501 540 554 533 536 505 495 463 490 528 526 516 498 524 510 477 484 515 471 503 495 475 498 510 506 508 495 545 527 528 551 517 469 479 517 529 502 480 518 514 496 467 457 474 507 503 511 531 539 535 514 497 503 518 507 558 537 480 475 477 469 500 502 479 497 503 480 487 497 485 497 511 563 562 515 506 520 514 585 546 527 536 539 543 551 530 518 501 523 555 517 508 536 551 532 512 470 467 499 499 489 495 481 517 505 498 558 562 519 500 477 499 502 472 463 480 499 531 527 501 479 487 479 486 525 559 570 578 581 554 577 524 518 501 509 539 518 503 536 505 498 524 512 478 466 508 546 517 511 535 553 541 505 498 518 485 509 511 519 544 503 518 522 516 520 529 511 527 545 546 550 530 504 549 598 574 577 569 540 531 543 565 563 607 549 541 562 549 533 518 506 526 548 562 506 510 484 460 473 451 435 478 519 528 578 546 527 521 508 522 564 556 545 554 507 468 499 528 513 530 512 482 473 524 533 524 502 494 502 552 548 485 484 488 481 456 497 502 500 515 552 512 475 489 523 534 531 506 503 510 500 490 485 492 500 543 548 553 561 555 535 513 506 502 511 542 546 539 528 520 545 554 524 515 499 522 493 463 501 511 514 528 515 525 524 497 496 542 599 568 522 522 548 545 566 515 524 523 487 491 502 545 575 550 561 538 551 536 542 528 519 542 534 505 521 492 488 469 488 496 466 492 499 509 513 523 502 515 537 570 553 526 504 516 551 548 508 477 508 525 507 511 522 485 501 495 476 494 507 512 527 541 544 536 519 574 587 532 550 521 539 550 549 480 483 503 499 477 519 536 521 513 522 519 540 543 561 529 516 558 542 513 531 544 514 504 490 507 501 478 524 516 513 566 527 534 526 559 555 553 577 581 522 540 544 567 548 503 518 558 589 552 522 541 542 506 520 529 554 561 584 580 541 543 577 567 513 509 505 491 531 533 551 486 485 473 441 501 530 506 514 515 533 516 530 526 547 521 483 495 492 504 507 502 522 547 521 527 516 531 533 525 509 513 524 537 546 540 529 494 514 480 479 522 508 477 458 483 505 526 517 519 574 511 490 492 500 520 528 488 477 522 551 557 548 538 523 510 496 466 464 510 543 484 487 508 491 491 515 526 513 532 522 505 505 537 513 475 461 478 470 449 488 507 517 525 507 490 500 549 512 483 495 538 571 564 510 500 509 506 478 493 519 510 533 533 511 498 513 525 506 568 623 550 490 499 529 532 548 504 507 506 506 515 515 542 533 494 500 508 552 516 480 516 508 546 552 538 520 489 497 509 529 541 583 597 619 547 530 499 507 545 495 481 501 501 481 474 488 510 530 540 568 524 506 484 500 478 481 509 544 537 549 548 578 555 540 518 486 533 506 513 528 521 491 508 545 574 533 571 523 496 517 545 546 559 546 508 526 523 501 493 498 510 520 538 554 521 548 533 549 501 453 453 465 448 471 505 499 475 490 528 539 556 538 520 539 574 544 540 531 534 516 501 541 546 551 532 521 522 542 563 554 539 555 581 555 530 541 554 572 567 515 489 494 485 471 502 512 523 515 533 506 537 
vem trace:

stid: 341
spdistance: 686.961
radio trace:
495 490 513 536 553 550 520 539 536 552 516 520 552 544 494 472 466 517 536 535 561 578 552 541 512 482 519 523 524 511 506 515 529 533 517 518 543 526 515 531 556 573 552 549 508 504 528 512 525 507 534 516 541 499 433 458 503 531 559 572 548 529 516 536 501 540 554 533 536 505 495 463 490 528 526 516 498 524 510 477 484 515 471 503 495 475 498 510 506 508 495 545 527 528 551 517 469 479 517 529 502 480 518 514 496 467 457 474 507 503 511 531 539 535 514 497 503 518 507 558 537 480 475 477 469 500 502 479 497 503 480 487 497 485 497 511 563 562 515 506 520 514 585 546 527 536 539 543 551 530 518 501 523 555 517 508 536 551 532 512 470 467 499 499 489 495 481 517 505 498 558 562 519 500 477 499 502 472 463 480 499 531 527 501 479 487 479 486 525 559 570 578 581 554 577 524 518 501 509 539 518 503 536 505 498 524 512 478 466 508 546 517 511 535 553 541 505 498 518 485 509 511 519 544 503 518 522 516 520 529 511 527 545 546 550 530 504 549 598 574 577 569 540 531 543 565 563 607 549 541 562 549 533 518 506 526 548 562 506 510 484 460 473 451 435 478 519 528 578 546 527 521 508 522 564 556 545 554 507 468 499 528 513 530 512 482 473 524 533 524 502 494 502 552 548 485 484 488 481 456 497 502 500 515 552 512 475 489 523 534 531 506 503 510 500 490 485 492 500 543 548 553 561 555 535 513 506 502 511 542 546 539 528 520 545 554 524 515 499 522 493 463 501 511 514 528 515 525 524 497 496 542 599 568 522 522 548 545 566 515 524 523 487 491 502 545 575 550 561 538 551 536 542 528 519 542 534 505 521 492 488 469 488 496 466 492 499 509 513 523 502 515 537 570 553 526 504 516 551 548 508 477 508 525 507 511 522 485 501 495 476 494 507 512 527 541 544 536 519 574 587 532 550 521 539 550 549 480 483 503 499 477 519 536 521 513 522 519 540 543 561 529 516 558 542 513 531 544 514 504 490 507 501 478 524 516 513 566 527 534 526 559 555 553 577 581 522 540 544 567 548 503 518 558 589 552 522 541 542 506 520 529 554 561 584 580 541 543 577 567 513 509 505 491 531 533 551 486 485 473 441 501 530 506 514 515 533 516 530 526 547 521 483 495 492 504 507 502 522 547 521 527 516 531 533 525 509 513 524 537 546 540 529 494 514 480 479 522 508 477 458 483 505 526 517 519 574 511 490 492 500 520 528 488 477 522 551 557 548 538 523 510 496 466 464 510 543 484 487 508 491 491 515 526 513 532 522 505 505 537 513 475 461 478 470 449 488 507 517 525 507 490 500 549 512 483 495 538 571 564 510 500 509 506 478 493 519 510 533 533 511 498 513 525 506 568 623 550 490 499 529 532 548 504 507 506 506 515 515 542 533 494 500 508 552 516 480 516 508 546 552 538 520 489 497 509 529 541 583 597 619 547 530 499 507 545 495 481 501 501 481 474 488 510 530 540 568 524 506 484 500 478 481 509 544 537 549 548 578 555 540 518 486 533 506 513 528 521 491 508 545 574 533 571 523 496 517 545 546 559 546 508 526 523 501 493 498 510 520 538 554 521 548 533 549 501 453 453 465 448 471 505 499 475 490 528 539 556 538 520 539 574 544 540 531 534 516 501 541 546 551 532 521 522 542 563 554 539 555 581 555 530 541 554 572 567 515 489 494 485 471 502 512 523 515 533 506 537 
vem trace:

stid: 332
spdistance: 738.114
radio trace:
565 552 562 569 562 523 528 518 536 528 546 568 546 563 558 542 561 556 554 580 574 545 525 514 529 517 548 515 530 548 558 528 547 545 551 554 551 535 568 529 540 547 543 564 553 540 552 553 560 528 512 545 549 539 524 523 528 559 541 526 548 569 568 577 570 554 516 566 566 553 563 557 570 575 586 566 539 557 536 530 546 547 548 550 557 573 529 545 553 554 541 526 511 534 583 571 561 569 567 541 540 543 551 536 543 560 548 544 537 561 541 512 547 537 533 515 502 507 504 484 496 507 531 513 504 477 485 495 515 537 533 561 573 542 531 581 563 540 513 500 505 525 558 559 533 549 552 547 584 570 554 546 576 579 558 567 605 594 568 575 562 512 520 523 510 548 552 581 618 575 534 546 517 508 537 544 527 532 537 537 574 571 554 549 531 537 542 528 503 450 489 532 570 547 554 553 550 559 576 567 547 556 579 573 575 568 538 526 501 509 544 541 538 556 546 532 553 527 539 542 556 546 557 551 544 546 528 542 551 550 543 551 524 557 569 568 572 538 554 563 553 536 519 543 550 551 532 551 551 533 504 524 563 566 584 598 563 547 502 489 541 533 497 524 528 527 524 504 539 536 558 549 548 529 533 558 566 565 552 525 529 554 573 555 530 537 547 521 501 541 581 572 555 540 546 550 542 529 535 557 558 524 539 565 585 583 567 563 539 533 553 552 523 563 567 590 555 546 545 538 545 544 547 527 550 526 508 571 563 553 550 550 561 603 551 481 523 558 534 512 521 549 564 559 541 506 525 506 529 539 541 538 523 542 547 530 524 537 529 565 554 553 547 553 554 511 541 574 583 525 554 542 540 528 515 524 538 540 575 553 559 539 546 562 539 563 558 523 492 495 510 518 493 510 520 507 496 518 546 526 514 528 500 566 578 566 525 543 571 547 535 509 511 475 530 565 574 561 517 496 498 522 498 524 551 529 512 512 504 514 562 540 544 546 562 541 550 526 549 547 551 555 548 557 571 528 568 583 575 609 596 560 515 535 530 509 558 580 571 549 545 540 531 536 533 518 534 554 543 549 542 537 536 572 561 554 537 564 543 562 530 533 474 512 567 554 518 545 553 531 535 514 513 538 560 579 540 511 553 572 581 554 556 556 569 559 542 566 568 544 558 556 559 547 557 543 543 542 543 524 524 528 562 569 572 531 548 567 568 568 555 602 597 566 556 541 550 541 549 571 581 583 560 562 514 512 545 544 542 532 563 553 538 531 567 572 571 546 542 549 539 509 497 504 527 561 537 552 542 551 529 517 510 512 522 485 533 551 570 589 610 611 583 567 569 558 542 569 564 573 599 564 559 535 510 534 580 548 511 552 561 563 538 548 568 551 528 527 534 537 555 562 549 538 545 541 533 527 523 549 539 533 562 565 573 563 551 528 543 536 519 544 549 566 527 533 532 545 565 562 497 505 508 553 577 543 523 555 560 554 544 537 565 555 580 551 564 563 569 571 568 530 540 532 539 546 548 547 552 552 504 539 540 536 525 563 575 523 520 538 545 524 519 528 566 572 572 559 542 558 556 562 537 545 519 515 527 550 582 547 557 535 505 539 575 547 545 568 555 570 571 552 563 544 545 509 503 540 545 543 544 552 552 509 531 531 535 547 547 580 611 645 606 571 585 570 538 536 567 567 575 512 524 542 560 597 574 517 550 561 554 510 519 517 513 506 539 567 570 553 577 567 567 578 549 526 496 518 
vem trace:

stid: 342
spdistance: 1201.96
radio trace:
468 449 472 450 463 476 489 474 472 460 464 483 480 461 464 456 473 466 479 464 469 435 436 435 438 420 433 426 451 428 435 448 445 468 421 430 452 460 425 459 465 490 459 428 420 440 436 461 498 476 447 422 425 433 425 443 442 425 448 438 421 473 455 453 464 472 446 425 405 435 468 475 479 452 448 451 444 430 415 414 423 403 425 427 429 418 418 424 423 448 482 487 501 485 464 460 473 467 458 440 457 471 444 462 466 455 435 461 477 470 465 461 456 466 476 471 498 484 496 491 496 467 473 456 459 463 441 406 405 428 428 466 485 463 460 451 450 457 482 432 430 422 423 456 463 441 426 416 400 415 447 461 442 423 435 464 438 429 443 442 458 477 434 442 458 452 471 450 452 469 463 462 473 470 471 478 443 468 444 421 426 472 465 417 427 461 417 411 410 408 459 474 484 453 460 427 398 390 429 444 424 412 422 409 439 445 404 403 378 406 431 449 455 490 478 445 432 411 448 441 434 458 452 446 430 382 381 419 416 422 421 415 446 455 438 416 425 455 471 458 485 485 486 464 451 468 494 478 454 442 494 495 469 482 459 444 432 431 464 480 466 430 411 448 440 431 445 447 437 455 464 439 453 437 419 429 469 491 517 508 474 438 440 444 453 429 401 426 440 464 451 476 432 440 437 426 423 455 446 433 453 464 467 487 479 457 430 430 448 431 446 430 459 453 460 461 442 463 455 456 456 492 460 412 424 428 427 449 457 464 442 498 476 448 461 430 447 449 465 474 424 404 432 438 442 447 470 487 450 441 468 449 461 445 432 411 409 424 435 465 427 445 430 456 450 455 446 453 439 444 468 461 438 456 463 461 439 453 433 456 429 453 444 419 453 483 472 490 467 470 460 476 476 442 445 434 443 470 475 475 474 490 475 487 484 497 484 479 455 427 400 410 451 439 435 480 469 462 477 442 442 461 460 464 456 444 460 452 441 448 450 476 468 480 466 444 447 422 438 447 429 431 454 468 483 483 478 431 422 432 463 460 466 476 468 460 440 410 420 434 431 455 446 470 462 433 471 478 470 497 444 443 452 457 460 508 485 490 478 431 405 412 441 446 464 449 463 471 464 453 456 476 455 477 487 469 464 457 431 452 463 459 464 477 469 448 431 423 412 411 424 450 467 435 404 410 440 468 464 448 434 433 443 462 423 433 462 440 424 412 421 451 460 450 450 468 483 458 492 456 406 414 391 418 419 446 481 473 472 451 425 433 412 466 469 450 426 423 426 395 397 404 429 450 452 447 433 422 450 457 436 452 454 441 448 453 464 458 463 427 406 420 475 457 423 433 435 429 461 448 434 433 445 435 429 440 459 471 456 452 481 444 441 431 469 450 460 465 477 449 438 454 453 471 491 495 478 478 470 477 500 462 463 454 445 451 452 453 453 431 440 440 433 415 423 438 446 488 462 481 481 480 443 455 443 450 450 443 458 486 458 459 471 474 465 445 440 431 423 404 439 452 463 446 469 465 468 461 477 471 463 456 454 463 427 408 439 427 385 401 445 490 503 480 448 460 490 513 473 428 439 444 469 450 454 455 447 446 463 459 463 486 465 453 434 433 454 469 447 425 434 455 461 479 470 461 492 497 487 437 418 411 394 422 452 468 459 454 467 487 465 442 466 490 506 493 478 462 482 468 492 476 471 455 479 473 460 520 516 496 476 447 418 409 433 443 434 405 435 453 434 443 446 427 441 437 472 470 
vem trace:

