SDId: 34498578
energy: 4.33736e+17
zenith: 0.441865
azimuth: 5.19035
GPSSeconc: 1125243135
stid: 342
spdistance: 753.976
radio trace:
441 443 451 464 475 445 467 479 460 455 478 474 481 465 449 414 438 491 468 452 458 438 445 468 481 462 456 482 468 490 485 511 500 470 489 467 426 446 447 439 448 468 471 475 452 483 493 482 481 467 441 462 452 438 407 434 459 479 480 494 483 495 479 466 461 448 439 464 459 444 453 470 471 500 493 483 452 490 464 471 473 486 497 503 466 457 452 462 457 478 459 465 508 490 473 449 448 482 464 462 448 445 470 488 485 463 490 449 450 448 455 478 471 481 453 438 420 433 417 430 419 463 469 472 451 457 450 438 434 476 442 443 452 443 434 462 462 493 480 489 518 491 450 455 465 458 466 470 465 467 475 474 480 475 452 448 475 494 448 445 463 447 464 447 453 443 448 467 483 491 495 475 440 449 450 435 456 495 470 439 456 488 490 466 479 461 473 443 454 434 441 440 479 479 476 436 413 433 449 462 460 465 467 436 468 471 461 456 474 493 486 453 438 448 488 451 447 453 485 479 477 482 478 464 467 469 470 455 438 446 455 461 452 426 414 407 439 434 434 462 464 462 448 411 424 439 464 498 463 445 437 458 446 482 444 438 453 437 421 420 461 466 451 458 481 506 485 511 498 442 421 404 393 420 467 457 445 421 464 468 463 468 460 428 431 472 457 444 422 445 426 416 463 474 481 461 477 456 421 412 415 390 432 451 429 441 488 469 463 459 428 450 438 449 439 439 431 455 451 449 447 475 482 471 463 486 470 460 487 456 443 474 443 445 430 415 406 425 431 420 423 434 466 471 481 464 453 424 433 401 418 452 482 481 455 486 482 447 455 475 473 482 492 472 446 448 451 447 477 480 456 448 455 435 446 450 462 461 498 444 419 451 424 433 438 449 455 440 444 434 451 444 450 464 464 458 457 472 481 467 475 458 439 483 499 453 447 442 470 472 470 437 448 457 469 463 466 454 477 468 484 472 468 499 495 462 469 416 438 470 484 496 449 460 461 463 510 462 446 464 481 458 467 455 463 426 408 409 418 433 430 425 442 416 413 461 479 484 453 454 453 464 431 447 450 439 454 451 480 470 483 473 431 423 419 454 474 482 499 531 543 497 432 407 409 461 473 459 465 467 484 478 450 420 438 452 453 470 482 502 505 481 473 451 477 459 468 453 458 427 445 428 442 421 439 461 507 469 443 453 480 442 469 474 447 451 467 472 443 443 422 429 430 448 460 469 476 446 430 435 446 467 490 479 467 462 470 472 482 489 458 464 468 458 462 427 427 435 448 449 461 481 483 473 455 476 500 481 491 462 424 431 442 449 455 485 463 450 457 462 431 435 467 489 496 477 468 460 426 407 418 448 430 474 449 473 443 444 459 478 461 462 451 433 405 410 462 465 438 433 417 419 439 407 437 456 455 484 458 448 423 413 448 453 451 450 446 454 462 487 475 493 462 464 452 464 459 449 463 491 483 475 440 439 434 448 442 427 429 433 453 475 516 511 501 489 462 432 414 447 435 419 434 422 410 425 427 425 445 466 466 500 498 455 463 453 437 433 450 413 460 466 476 470 459 443 421 417 402 416 467 484 464 473 474 467 441 416 449 460 419 436 464 480 480 460 444 468 481 459 444 440 425 409 410 423 457 462 456 445 467 474 479 484 459 437 453 455 470 449 434 418 389 432 460 464 456 462 479 464 468 454 421 449 458 450 442 425 449 491 462 450 456 448 462 496 477 444 432 438 428 461 468 471 488 483 487 458 
vem trace:

stid: 419
spdistance: 788.102
radio trace:
552 481 487 458 434 413 411 448 435 449 461 497 508 488 478 443 482 516 515 464 505 475 547 521 513 466 468 458 476 448 432 386 419 469 489 505 464 481 467 499 488 476 484 501 479 530 531 534 498 488 490 439 487 506 515 500 532 474 486 497 504 466 459 449 487 469 483 490 459 492 504 493 475 504 498 511 524 517 510 463 468 488 507 506 526 535 527 523 507 448 429 464 512 510 520 502 495 453 488 516 481 466 497 474 474 551 481 466 458 449 519 524 522 493 510 492 466 468 512 499 466 485 512 518 475 440 445 428 424 462 479 450 470 461 483 511 507 524 494 471 468 494 491 449 422 457 458 499 498 461 529 486 506 457 487 468 466 433 482 477 496 486 465 455 467 446 472 446 425 452 459 487 520 512 469 497 505 489 512 476 516 495 490 486 461 505 523 518 489 492 474 500 514 488 462 454 437 410 431 390 381 458 512 528 498 469 459 438 471 486 513 497 464 507 498 490 508 466 477 470 457 502 516 523 504 473 444 431 487 477 462 464 446 450 475 455 510 475 444 414 420 405 444 474 488 472 486 510 497 496 489 472 453 482 485 455 422 445 428 464 469 429 427 434 468 517 498 483 472 457 446 484 501 492 533 484 458 494 482 471 480 513 541 502 502 470 476 412 424 448 494 484 444 469 503 509 479 475 476 505 492 451 453 480 476 539 511 464 436 436 461 486 458 465 466 454 388 429 456 461 490 464 424 439 444 431 439 469 465 500 544 529 450 428 467 452 444 456 457 465 443 450 453 440 468 453 464 423 440 413 424 424 449 471 478 479 453 465 449 449 474 483 446 454 443 465 463 487 522 476 455 474 476 473 438 454 502 478 425 474 461 450 477 485 469 494 467 508 495 530 506 498 529 533 509 494 492 490 504 529 470 487 471 474 470 510 534 536 532 505 443 487 473 472 509 437 470 506 487 465 479 457 462 460 472 496 528 503 503 491 512 517 487 479 433 429 445 433 465 472 511 496 490 489 465 476 486 491 444 516 500 508 488 502 494 513 538 522 518 514 464 458 469 459 467 453 443 454 460 467 434 465 491 494 501 498 459 461 446 426 435 510 478 442 511 523 559 539 462 480 461 505 546 523 511 500 539 522 524 488 430 479 506 478 473 451 449 476 493 472 483 472 528 508 470 518 460 488 518 542 532 540 489 471 519 500 457 476 497 515 522 522 558 522 474 465 447 446 458 504 517 550 534 455 428 471 459 487 469 511 514 496 461 460 473 476 521 532 499 511 519 498 530 498 505 489 480 446 446 431 446 426 454 466 504 515 460 441 437 463 461 434 451 466 499 471 446 457 474 455 504 487 491 459 456 490 481 493 443 410 470 500 492 504 488 476 462 489 521 504 506 500 469 493 490 449 490 511 526 494 506 498 477 427 464 524 556 547 541 540 505 538 527 475 476 448 474 454 434 433 459 476 500 519 501 488 500 525 490 498 480 451 446 456 458 449 505 491 495 444 429 466 488 468 462 447 448 407 462 462 507 483 438 480 515 540 518 517 513 547 519 471 469 444 452 492 468 471 454 432 447 500 524 480 481 488 508 495 495 475 497 505 502 407 403 397 394 441 498 470 455 460 478 463 457 483 498 480 495 468 476 478 465 464 477 486 488 511 493 486 512 511 489 480 461 491 483 470 475 502 497 467 474 466 466 461 500 532 533 518 488 474 497 461 483 503 489 479 463 480 462 460 467 470 459 450 464 480 
vem trace:

stid: 343
spdistance: 968.099
radio trace:
476 465 432 449 462 458 449 462 481 477 484 447 450 456 429 440 465 461 444 447 452 446 436 437 456 465 473 455 465 472 469 462 459 474 471 449 445 441 425 463 448 445 433 451 485 477 467 458 446 454 467 445 422 423 434 444 423 431 446 441 450 469 452 459 443 452 440 441 448 451 433 436 445 468 471 461 495 492 487 473 477 451 433 452 474 487 469 472 437 449 452 470 453 481 484 485 494 495 491 487 472 443 459 437 408 431 435 442 458 470 454 443 421 444 470 472 464 468 440 462 458 440 428 434 450 456 464 494 501 459 453 457 460 455 485 452 451 451 438 442 443 451 473 479 495 472 486 454 453 468 435 431 460 454 440 442 457 443 457 445 453 469 460 429 446 479 488 463 461 460 450 464 473 439 476 483 465 459 420 463 477 500 469 463 455 456 466 436 433 453 466 482 461 447 433 446 467 487 490 492 463 454 444 423 443 431 443 448 426 431 439 444 466 477 472 453 437 438 440 440 480 462 452 474 455 449 439 440 482 461 478 461 450 449 451 466 450 466 469 455 454 424 426 479 440 433 426 447 449 399 406 441 471 488 467 437 453 474 467 445 432 410 428 450 455 456 439 469 450 436 454 424 409 435 462 471 484 496 483 474 462 445 438 452 452 427 416 451 472 478 460 435 396 434 445 441 446 470 442 456 429 448 461 440 468 461 469 454 455 467 479 461 471 430 447 462 490 472 434 451 473 463 461 466 477 480 447 435 467 455 484 479 456 445 451 455 423 451 481 463 474 479 452 460 425 428 464 443 432 441 464 441 469 424 419 470 494 476 487 483 485 462 432 416 421 421 435 394 427 428 423 436 404 433 460 464 442 461 454 452 472 485 471 471 478 488 471 452 426 449 446 462 445 475 457 474 475 438 478 462 423 401 448 446 414 435 445 434 458 451 454 447 453 434 469 470 474 488 500 473 471 440 440 437 448 460 447 471 463 462 444 444 457 473 492 469 472 438 464 459 474 487 445 449 485 461 430 389 408 437 436 442 473 468 442 413 439 444 445 423 431 448 437 480 499 493 477 462 464 449 458 448 429 439 467 457 463 455 439 430 435 449 466 491 494 475 446 445 445 451 451 459 479 506 512 512 471 468 470 436 457 439 414 448 463 486 471 475 458 475 468 499 489 455 485 497 500 507 529 523 477 470 467 457 420 400 434 459 444 446 466 472 453 458 461 453 433 439 441 472 463 464 488 520 462 455 433 421 450 450 478 453 467 463 453 425 425 442 431 453 424 413 411 444 431 450 435 438 483 446 475 464 449 444 431 441 481 458 441 453 461 454 466 476 462 456 461 460 436 460 473 466 463 466 431 430 461 459 457 447 452 451 442 436 470 473 462 468 445 435 451 429 436 415 424 445 435 421 446 461 435 448 445 471 471 440 437 460 440 435 424 434 449 454 453 482 471 439 421 415 439 444 433 412 421 430 429 427 456 496 487 482 503 491 440 453 462 494 498 486 490 461 439 454 454 467 444 447 443 462 448 460 454 449 467 441 429 459 474 465 449 432 443 438 428 460 502 468 470 477 424 429 445 443 422 437 428 438 441 431 448 445 452 427 435 410 439 462 426 402 424 432 455 471 475 473 465 475 456 439 437 431 430 428 456 452 430 416 452 434 443 467 474 470 478 479 463 475 474 484 505 510 458 447 440 440 451 488 477 474 437 445 478 490 476 466 457 473 494 468 453 431 460 435 440 458 460 480 
vem trace:

