SDId: 34518518
energy: 3.26923e+17
zenith: 0.731806
azimuth: 1.98998
GPSSeconc: 1125369573
stid: 342
spdistance: 595.152
radio trace:
443 422 433 422 443 466 434 428 400 390 430 436 426 431 430 413 437 450 444 445 416 426 440 389 383 341 376 355 352 386 404 395 421 400 392 402 435 450 469 450 431 420 404 405 391 395 435 447 436 428 433 439 453 416 419 378 424 397 424 385 400 427 449 435 437 451 406 367 400 435 417 401 397 417 424 456 433 428 403 382 378 403 410 413 391 342 358 399 419 418 441 422 440 425 432 438 448 416 421 402 407 367 375 378 372 412 404 385 388 420 406 419 424 440 451 464 457 444 416 414 422 417 394 393 374 391 426 431 431 413 389 394 410 418 425 427 429 424 410 409 433 435 407 424 432 420 438 435 427 427 420 426 395 388 382 362 350 381 425 414 409 393 387 402 413 414 436 428 408 393 396 383 390 426 460 413 415 405 391 372 356 325 364 378 403 391 385 391 398 400 406 415 420 398 409 389 389 431 483 468 410 396 438 407 408 406 365 395 411 393 405 422 431 425 419 423 427 396 407 419 441 434 440 425 431 412 351 364 402 422 400 391 392 393 391 426 439 422 420 397 424 410 414 435 406 430 462 447 425 406 410 400 407 396 407 415 396 420 433 444 439 438 413 396 399 410 381 342 378 386 400 419 392 384 342 361 353 350 378 405 359 366 370 382 398 371 399 421 407 399 412 427 444 447 459 435 421 424 412 416 419 408 445 398 402 411 407 390 364 349 343 361 357 346 361 374 422 449 445 430 394 395 397 417 420 415 421 434 419 415 422 444 427 421 437 386 360 362 370 403 413 433 427 410 393 388 366 399 399 415 421 394 444 429 417 441 423 434 439 425 374 391 395 384 397 392 368 373 368 396 418 413 408 427 447 419 395 410 388 395 403 434 445 470 461 450 428 433 441 416 406 441 429 438 451 425 433 376 371 387 432 448 422 402 415 419 434 443 434 445 456 435 448 444 430 432 441 414 403 399 383 413 409 378 394 363 392 411 429 430 383 405 413 410 411 424 436 454 449 439 418 442 446 449 457 459 452 395 411 406 408 435 422 415 409 398 427 419 416 424 454 455 422 404 390 376 393 408 410 411 366 356 389 379 383 388 409 431 428 436 453 463 451 423 439 433 449 448 439 458 431 407 382 397 397 420 444 448 438 422 427 422 412 415 418 410 419 400 409 449 450 443 431 452 411 407 423 372 388 404 442 446 432 413 416 394 425 424 431 419 427 437 429 415 405 458 446 454 436 425 416 413 401 446 462 467 474 434 402 397 411 408 389 368 328 324 374 386 404 424 414 404 429 439 416 390 403 405 385 370 387 388 440 427 425 431 444 468 435 413 397 418 424 421 405 399 406 445 458 467 454 425 383 384 441 451 439 419 439 414 384 357 410 417 410 389 406 422 447 444 428 447 415 410 436 454 429 422 440 409 383 361 347 397 418 421 439 439 438 413 414 415 442 427 397 350 350 393 382 411 434 403 379 372 380 397 360 376 398 373 372 398 383 368 367 360 383 401 399 403 405 400 429 426 442 440 419 383 376 410 426 433 441 457 429 411 424 387 392 409 379 341 337 373 435 426 408 406 395 418 428 401 419 448 448 433 389 392 406 416 409 413 431 430 451 449 472 453 407 397 419 420 433 416 414 401 385 400 440 442 409 419 435 430 431 454 428 442 446 410 405 408 434 438 445 434 440 443 459 433 407 411 411 423 432 409 378 391 409 414 430 425 395 404 426 412 396 382 379 375 397 414 408 407 382 399 408 406 
vem trace:

stid: 419
spdistance: 809.37
radio trace:
457 466 483 466 472 446 433 493 468 442 448 446 460 449 468 481 430 439 451 407 429 435 498 481 524 484 404 428 503 454 398 461 481 441 416 425 441 430 464 450 457 453 429 423 459 438 458 473 418 396 403 401 408 426 463 481 471 468 444 357 420 470 438 457 484 457 402 459 466 477 417 426 413 406 394 404 432 423 452 474 479 512 517 472 408 451 485 487 488 493 535 521 468 473 485 482 427 485 467 438 445 426 394 400 462 458 473 454 415 444 462 406 425 453 466 439 437 412 429 472 443 471 461 489 460 433 430 471 443 461 451 466 480 438 417 402 419 424 392 433 427 399 425 498 458 495 480 487 476 457 453 448 459 447 441 447 444 446 446 444 488 485 444 449 407 459 462 458 482 466 437 463 490 502 454 470 452 431 448 447 419 432 452 512 501 460 471 430 404 437 478 455 456 440 465 461 484 465 409 410 456 406 394 432 447 480 480 475 465 426 413 396 434 447 460 449 455 487 501 464 467 475 466 502 542 542 457 438 436 412 424 412 398 416 452 474 491 496 511 459 440 427 405 451 443 447 444 413 453 476 448 461 453 432 424 433 461 394 396 466 441 410 449 446 476 449 453 477 458 462 506 513 426 410 437 477 467 463 494 498 498 482 472 467 427 447 429 407 412 421 418 440 430 460 462 434 429 459 442 450 475 431 451 481 491 500 498 473 472 486 440 439 430 421 452 470 477 509 505 486 443 409 436 455 480 456 415 446 485 457 445 425 458 482 476 440 457 450 451 441 451 420 377 416 475 458 438 438 471 492 485 489 457 429 399 441 427 459 466 466 438 433 390 370 399 397 441 429 392 415 403 447 443 475 483 487 484 484 469 443 432 459 469 490 470 468 459 434 470 480 458 413 455 402 437 443 433 476 462 440 412 457 415 384 381 400 462 449 470 466 479 438 507 488 470 464 472 462 453 457 458 464 476 498 402 422 393 384 447 470 451 477 497 501 460 474 460 453 441 471 500 479 490 445 448 485 461 442 440 441 462 487 459 431 466 424 449 462 426 446 483 480 483 432 427 481 414 420 445 438 458 398 429 429 382 414 439 469 513 492 445 459 394 454 452 423 421 437 456 487 489 450 428 378 406 451 417 411 453 487 516 524 494 437 473 469 491 424 395 427 471 481 480 467 453 414 365 374 412 396 388 461 486 456 408 417 414 402 438 440 412 484 487 484 493 459 476 478 498 483 501 487 472 415 411 466 468 463 413 410 409 391 433 452 484 514 469 447 435 410 419 417 371 391 430 460 465 456 466 456 449 439 441 460 424 405 419 444 418 444 429 450 497 455 428 446 408 438 491 467 449 405 424 458 485 480 486 459 430 437 411 441 435 464 479 457 457 479 509 510 505 444 450 441 469 452 422 447 447 477 462 474 419 458 506 518 554 527 494 459 496 512 509 501 498 468 449 462 476 433 427 424 475 436 424 466 494 506 499 483 443 432 458 464 460 406 407 426 438 446 438 415 446 448 392 389 417 435 480 473 489 503 505 432 412 424 438 474 472 479 461 458 454 437 440 424 506 522 487 476 441 465 478 462 434 443 424 409 422 429 449 447 479 449 442 479 506 488 469 460 460 440 422 473 474 466 500 505 462 419 459 437 434 425 375 396 460 454 468 456 454 486 472 432 419 440 421 426 445 467 480 499 486 508 516 490 491 463 455 476 459 459 451 417 447 444 440 472 456 439 468 450 415 400 430 464 455 483 
vem trace:

