SDId: 34870660
energy: 2.73902e+17
zenith: 0.568392
azimuth: 5.27321
GPSSeconc: 1127529749
stid: 341
spdistance: 880.538
radio trace:
485 477 493 495 474 439 489 524 508 507 532 565 597 542 554 546 539 536 520 529 503 477 496 522 494 491 542 497 502 489 499 520 485 489 526 510 532 562 531 518 528 543 551 538 536 547 568 564 547 550 552 535 518 538 563 594 561 543 529 566 573 520 530 570 582 578 557 561 569 545 554 592 588 555 551 524 528 493 531 531 527 510 516 536 521 507 543 548 499 517 539 565 560 532 502 483 509 498 508 542 510 512 511 524 530 498 558 591 583 553 548 519 484 515 540 525 526 531 540 544 519 541 574 551 518 492 484 507 527 535 560 553 529 515 515 528 503 493 510 548 566 537 518 532 552 536 524 514 503 510 489 493 492 485 494 546 537 536 498 486 506 521 544 477 508 531 561 572 581 562 504 511 530 526 496 517 492 515 506 518 542 517 492 491 530 506 544 522 496 480 488 511 523 537 532 504 550 583 541 527 486 490 521 493 510 464 426 485 530 550 536 523 521 508 565 551 517 513 504 524 554 512 511 507 511 509 532 590 535 511 488 493 540 519 484 488 517 527 532 490 486 506 506 494 514 542 528 522 513 547 546 580 567 548 520 496 495 547 554 544 539 501 502 535 508 485 469 552 558 543 542 520 546 552 524 508 536 559 576 547 522 538 550 542 544 510 495 491 527 549 554 545 517 538 560 539 500 496 526 502 512 500 528 504 520 513 515 541 516 518 512 555 567 554 516 518 528 539 524 559 538 554 505 497 475 504 499 522 544 540 527 531 559 558 568 576 571 529 516 543 563 548 580 570 557 534 509 527 509 510 531 584 542 536 524 543 505 476 486 513 550 510 515 484 473 466 471 523 544 540 530 543 496 461 499 524 553 541 539 536 537 529 498 500 497 486 510 519 494 513 528 514 550 546 551 573 555 521 529 518 587 590 601 570 577 568 576 566 554 563 540 538 505 513 504 534 497 500 496 489 478 512 506 549 534 526 528 524 511 565 600 566 543 520 533 582 566 549 520 503 538 551 556 578 583 548 505 571 554 545 550 521 513 495 467 448 443 490 487 536 542 557 556 579 546 552 530 516 508 502 484 517 519 523 550 532 548 554 551 554 556 551 532 503 495 516 513 522 537 530 526 507 541 517 555 530 543 586 580 574 561 536 537 558 555 526 512 519 557 520 537 531 545 551 564 529 464 461 498 514 517 527 511 519 536 539 547 534 533 510 512 510 511 524 515 537 497 455 477 486 509 565 537 511 507 505 521 538 504 495 489 515 539 518 495 532 522 496 508 532 533 563 544 541 549 537 525 498 489 507 552 573 588 580 568 514 513 513 507 520 500 516 515 459 438 459 468 499 483 494 451 467 482 494 510 534 546 510 512 539 561 550 521 484 473 477 512 524 538 548 539 540 506 529 493 479 521 497 546 540 547 520 536 509 525 555 566 546 535 556 557 574 589 551 546 575 533 508 541 531 458 482 489 497 494 495 558 561 547 516 524 546 519 486 457 467 529 531 509 511 520 516 533 500 484 520 520 545 546 515 515 516 481 510 528 506 512 497 487 512 514 489 517 513 532 528 557 545 519 541 525 514 542 560 533 531 575 534 513 457 513 546 569 582 533 544 518 519 520 503 507 522 503 522 512 496 532 548 501 501 500 493 523 546 510 527 572 560 555 548 541 519 527 565 551 563 549 530 458 477 486 503 522 489 525 479 474 503 500 539 559 569 565 530 526 572 568 521 520 507 464 473 466 480 532 563 577 560 
vem trace:

stid: 341
spdistance: 880.538
radio trace:
485 477 493 495 474 439 489 524 508 507 532 565 597 542 554 546 539 536 520 529 503 477 496 522 494 491 542 497 502 489 499 520 485 489 526 510 532 562 531 518 528 543 551 538 536 547 568 564 547 550 552 535 518 538 563 594 561 543 529 566 573 520 530 570 582 578 557 561 569 545 554 592 588 555 551 524 528 493 531 531 527 510 516 536 521 507 543 548 499 517 539 565 560 532 502 483 509 498 508 542 510 512 511 524 530 498 558 591 583 553 548 519 484 515 540 525 526 531 540 544 519 541 574 551 518 492 484 507 527 535 560 553 529 515 515 528 503 493 510 548 566 537 518 532 552 536 524 514 503 510 489 493 492 485 494 546 537 536 498 486 506 521 544 477 508 531 561 572 581 562 504 511 530 526 496 517 492 515 506 518 542 517 492 491 530 506 544 522 496 480 488 511 523 537 532 504 550 583 541 527 486 490 521 493 510 464 426 485 530 550 536 523 521 508 565 551 517 513 504 524 554 512 511 507 511 509 532 590 535 511 488 493 540 519 484 488 517 527 532 490 486 506 506 494 514 542 528 522 513 547 546 580 567 548 520 496 495 547 554 544 539 501 502 535 508 485 469 552 558 543 542 520 546 552 524 508 536 559 576 547 522 538 550 542 544 510 495 491 527 549 554 545 517 538 560 539 500 496 526 502 512 500 528 504 520 513 515 541 516 518 512 555 567 554 516 518 528 539 524 559 538 554 505 497 475 504 499 522 544 540 527 531 559 558 568 576 571 529 516 543 563 548 580 570 557 534 509 527 509 510 531 584 542 536 524 543 505 476 486 513 550 510 515 484 473 466 471 523 544 540 530 543 496 461 499 524 553 541 539 536 537 529 498 500 497 486 510 519 494 513 528 514 550 546 551 573 555 521 529 518 587 590 601 570 577 568 576 566 554 563 540 538 505 513 504 534 497 500 496 489 478 512 506 549 534 526 528 524 511 565 600 566 543 520 533 582 566 549 520 503 538 551 556 578 583 548 505 571 554 545 550 521 513 495 467 448 443 490 487 536 542 557 556 579 546 552 530 516 508 502 484 517 519 523 550 532 548 554 551 554 556 551 532 503 495 516 513 522 537 530 526 507 541 517 555 530 543 586 580 574 561 536 537 558 555 526 512 519 557 520 537 531 545 551 564 529 464 461 498 514 517 527 511 519 536 539 547 534 533 510 512 510 511 524 515 537 497 455 477 486 509 565 537 511 507 505 521 538 504 495 489 515 539 518 495 532 522 496 508 532 533 563 544 541 549 537 525 498 489 507 552 573 588 580 568 514 513 513 507 520 500 516 515 459 438 459 468 499 483 494 451 467 482 494 510 534 546 510 512 539 561 550 521 484 473 477 512 524 538 548 539 540 506 529 493 479 521 497 546 540 547 520 536 509 525 555 566 546 535 556 557 574 589 551 546 575 533 508 541 531 458 482 489 497 494 495 558 561 547 516 524 546 519 486 457 467 529 531 509 511 520 516 533 500 484 520 520 545 546 515 515 516 481 510 528 506 512 497 487 512 514 489 517 513 532 528 557 545 519 541 525 514 542 560 533 531 575 534 513 457 513 546 569 582 533 544 518 519 520 503 507 522 503 522 512 496 532 548 501 501 500 493 523 546 510 527 572 560 555 548 541 519 527 565 551 563 549 530 458 477 486 503 522 489 525 479 474 503 500 539 559 569 565 530 526 572 568 521 520 507 464 473 466 480 532 563 577 560 
vem trace:

