SDId: 34622200
energy: 2.25778e+18
zenith: 0.278801
azimuth: 2.7682
GPSSeconc: 1126092341
stid: 343
spdistance: 1356.91
radio trace:
412 422 428 440 436 418 430 449 467 454 451 436 431 438 438 452 464 437 418 444 417 426 444 441 471 483 435 428 453 442 415 452 448 431 425 462 494 496 457 472 431 431 435 440 423 447 503 485 472 430 394 437 410 414 435 420 426 455 458 442 442 430 397 395 383 373 412 435 417 420 435 483 514 499 469 442 458 446 449 447 438 430 441 464 464 430 415 404 401 402 419 418 439 463 454 442 480 478 458 462 463 444 443 462 445 466 461 452 443 418 440 427 440 474 474 457 474 479 438 461 455 414 441 469 479 449 414 423 466 474 449 430 472 441 435 456 455 424 437 453 445 478 462 488 461 463 448 475 444 441 408 409 397 430 444 440 423 406 455 479 431 422 424 396 427 434 439 441 403 428 428 423 400 417 438 470 481 470 437 405 424 457 455 429 433 440 452 470 448 439 439 452 453 472 457 449 447 455 444 422 451 444 454 438 431 450 466 458 441 416 450 447 438 400 433 452 447 447 449 438 459 450 433 447 468 462 462 470 474 426 460 426 435 428 396 431 468 494 462 460 447 478 476 487 497 488 455 435 430 435 459 427 430 449 435 403 386 401 436 449 448 440 432 436 439 444 455 433 421 429 464 435 433 442 444 443 455 445 430 431 447 483 405 422 457 450 455 454 461 488 479 495 490 498 464 450 437 426 430 421 451 458 441 451 449 434 423 437 423 456 453 461 456 445 450 463 451 427 448 494 472 465 448 437 400 440 435 432 447 445 468 441 420 441 466 447 459 471 452 444 459 456 445 453 467 471 436 440 443 472 474 468 458 470 474 471 437 437 444 453 457 437 449 402 417 428 453 440 453 422 440 463 484 483 467 467 465 439 432 454 464 457 463 462 467 413 400 437 430 435 435 420 430 434 457 452 466 464 456 445 457 467 414 351 395 434 449 463 474 476 460 469 471 478 460 440 463 490 470 432 463 457 443 404 406 426 422 440 465 441 415 427 410 426 422 430 436 439 415 433 422 463 465 455 435 453 468 485 492 489 453 449 444 425 411 442 444 432 430 421 425 421 443 439 451 444 432 407 376 394 426 461 428 418 434 433 430 397 423 425 415 422 423 434 418 430 438 454 471 443 420 441 431 458 458 471 420 396 419 421 457 459 437 416 420 422 395 421 443 471 474 494 484 457 409 367 368 404 446 461 456 432 439 433 425 438 430 446 432 442 446 457 453 429 440 440 421 385 402 417 417 438 444 437 470 482 461 451 439 422 406 400 428 419 431 446 441 412 452 421 420 457 440 463 494 454 433 431 438 457 470 456 456 480 455 443 475 458 450 480 480 484 463 460 465 475 484 468 475 488 461 432 474 439 462 447 427 420 451 433 438 452 440 445 432 430 452 454 479 480 442 446 443 432 449 437 381 402 446 441 446 435 411 428 438 441 447 463 457 452 449 460 478 462 440 433 419 413 402 403 406 410 416 451 435 434 445 445 475 433 427 450 442 471 467 429 421 419 417 413 428 445 452 448 470 468 437 420 413 446 434 456 441 452 478 455 439 468 441 449 435 449 445 444 409 413 419 428 416 418 421 423 446 433 407 413 417 428 451 472 465 475 449 413 388 411 428 448 457 449 447 450 451 449 422 440 440 459 435 415 420 427 468 485 485 465 410 402 420 440 454 460 469 471 476 473 439 405 445 449 453 461 481 465 444 439 448 446 436 428 439 446 439 462 460 434 446 457 456 437 483 478 481 463 481 454 457 476 
vem trace:

stid: 419
spdistance: 1357.32
radio trace:
473 462 453 434 444 452 434 478 482 450 460 433 434 438 447 428 459 459 456 458 426 421 446 492 509 457 456 501 493 474 457 468 488 473 463 485 455 474 452 450 498 461 456 457 486 443 478 482 432 459 466 458 522 526 494 482 447 436 434 391 390 415 406 421 450 491 487 465 430 441 447 399 422 445 446 418 475 471 449 492 488 451 451 482 467 498 480 491 468 446 467 438 436 441 481 488 437 435 447 424 456 431 445 450 483 460 449 431 438 456 457 441 450 452 449 460 472 477 489 486 505 541 479 479 480 434 461 485 447 409 447 431 460 453 427 444 475 496 517 500 444 457 453 432 449 478 450 464 437 445 453 447 437 387 416 426 418 443 439 448 434 445 458 499 468 457 418 403 434 452 434 480 472 441 431 432 479 528 523 491 495 470 459 435 470 471 434 425 438 499 486 441 438 445 468 476 476 470 484 480 467 441 435 460 461 413 458 436 424 400 467 485 467 471 432 392 408 403 397 443 468 463 448 403 455 485 504 477 448 441 425 419 415 457 498 472 416 446 423 436 482 485 484 457 477 468 472 490 516 486 488 473 503 491 484 497 480 507 528 461 476 483 469 443 404 448 470 428 478 442 386 434 457 469 485 465 435 453 471 507 542 561 516 478 483 488 521 458 439 475 470 459 451 492 499 462 465 484 535 527 492 519 519 517 466 470 447 451 478 445 445 469 474 422 433 396 453 457 472 461 424 418 432 463 495 500 496 462 471 404 420 460 453 413 471 446 440 460 439 456 448 430 466 470 477 513 482 454 482 512 502 488 478 461 442 455 467 437 398 452 444 472 446 432 440 479 484 467 453 449 425 466 468 407 437 466 449 441 434 448 466 476 453 489 481 481 460 485 507 517 482 503 459 415 457 493 500 477 456 444 421 425 437 460 446 486 467 463 424 439 472 479 468 518 499 490 443 497 516 473 445 508 469 463 436 444 418 392 473 435 453 481 508 491 454 468 473 422 455 469 496 459 428 442 433 457 458 478 515 558 534 509 461 398 397 416 478 465 496 499 476 451 415 394 407 416 411 390 403 431 396 382 442 434 421 435 458 481 470 439 445 448 433 476 470 458 448 466 456 427 463 459 465 470 476 454 424 457 479 461 422 433 445 474 496 515 479 439 449 473 487 489 481 513 458 410 466 516 488 494 486 479 385 378 438 477 470 445 429 466 466 479 460 430 436 463 504 492 446 469 472 487 455 395 392 390 428 445 418 409 413 418 418 446 460 491 499 489 463 455 438 424 375 369 388 447 457 457 418 446 460 439 432 478 419 418 400 431 407 377 422 427 446 494 504 528 493 478 454 425 430 433 458 430 411 408 432 439 438 427 454 456 475 488 446 412 423 473 483 475 479 470 522 472 436 390 375 426 393 410 420 457 478 519 458 487 445 465 455 468 473 543 492 473 499 485 487 477 476 482 512 462 494 497 513 482 484 456 427 441 456 400 442 477 494 476 468 454 474 461 469 518 503 448 431 482 484 465 475 484 475 487 478 472 470 471 495 490 498 467 511 537 535 463 482 490 530 541 505 521 551 529 508 479 455 468 452 508 498 520 551 496 423 430 476 491 456 473 457 460 472 449 470 525 489 498 489 513 518 482 505 514 493 520 495 481 476 502 458 443 483 498 458 450 446 481 512 484 480 476 470 407 386 402 408 444 441 503 507 503 536 524 522 444 463 504 509 453 418 437 422 450 470 418 429 473 449 470 
vem trace:

