SDId: 34610833
energy: 2.65815e+17
zenith: 0.799298
azimuth: 5.63113
GPSSeconc: 1126045174
stid: 342
spdistance: 787.013
radio trace:
445 441 464 430 414 421 434 419 411 426 417 441 438 437 447 445 443 420 416 456 456 467 468 434 406 447 439 442 467 480 455 438 442 453 448 462 456 459 464 474 460 445 451 466 470 473 459 431 423 397 389 441 436 468 459 461 453 450 437 472 443 457 484 470 449 430 448 479 489 489 480 494 478 475 455 468 448 433 422 421 417 405 403 437 420 456 475 446 477 492 461 439 421 442 446 464 441 433 460 450 448 428 432 434 455 452 478 430 460 423 457 445 446 444 421 447 431 426 439 449 465 471 470 454 432 461 439 441 451 446 456 451 471 462 457 451 471 468 430 450 472 442 448 461 483 451 478 488 467 484 486 491 475 460 478 454 492 479 468 465 452 463 447 429 428 444 437 443 473 444 451 455 448 469 478 461 444 459 449 467 462 449 476 485 487 474 461 446 474 456 465 456 467 466 470 484 492 448 447 465 437 429 482 498 482 467 447 453 435 446 475 475 477 490 511 481 509 505 466 464 473 460 470 485 477 460 462 461 454 444 455 466 458 472 413 413 438 457 427 460 449 460 431 436 441 444 430 432 446 429 428 455 448 439 419 434 446 422 437 422 440 433 418 463 430 452 452 438 439 462 472 474 494 485 485 451 446 448 474 441 411 386 436 490 483 488 491 483 470 460 461 465 468 480 441 430 440 427 421 413 420 412 443 454 478 468 414 418 439 449 428 451 445 480 487 500 452 430 450 456 488 478 469 447 443 468 461 455 451 447 439 442 450 436 441 436 452 461 461 470 468 468 458 447 459 422 436 439 449 447 462 433 434 423 438 441 464 472 482 498 477 469 467 449 465 440 448 460 472 474 474 462 458 442 439 430 440 446 423 440 433 440 441 448 419 422 472 448 444 473 448 435 419 435 465 471 444 449 438 439 417 405 459 464 452 433 444 431 461 459 447 452 452 447 453 462 458 450 464 502 468 464 455 458 458 446 434 409 455 447 447 473 455 444 469 481 467 428 426 422 405 438 434 441 472 472 460 448 428 454 456 469 438 439 442 414 424 418 419 421 446 466 459 453 432 431 445 446 451 442 463 466 448 451 450 454 440 442 445 443 432 473 444 447 438 442 462 457 461 466 470 420 438 424 454 462 461 461 445 437 448 469 480 478 480 456 458 429 420 445 444 450 454 435 429 435 436 436 465 479 482 469 465 466 447 465 491 482 483 466 465 455 436 426 431 446 439 446 437 447 431 428 444 433 448 473 479 450 456 440 421 455 472 467 456 472 454 463 475 481 465 465 466 453 453 442 451 486 497 483 463 423 404 439 442 490 458 459 458 452 461 471 446 413 401 411 420 423 461 468 465 470 456 481 473 475 457 464 465 478 442 421 425 439 457 480 478 448 417 417 444 481 473 458 447 452 454 441 458 479 447 453 437 446 456 450 444 407 438 462 462 437 433 428 432 450 434 419 419 452 458 467 443 443 464 479 481 493 464 481 456 466 445 426 422 427 447 468 458 481 477 495 477 462 486 505 473 436 479 455 445 442 443 461 492 483 436 452 466 461 446 450 429 448 423 420 447 453 431 403 422 436 438 427 395 375 433 443 446 441 466 490 505 486 467 470 475 472 472 462 461 487 487 492 488 480 462 481 452 412 444 449 449 443 454 487 481 464 451 478 446 467 460 442 465 496 472 464 449 456 473 463 431 449 485 478 495 474 453 419 417 449 432 459 461 458 404 437 428 423 423 445 453 444 446 484 477 447 
vem trace:

stid: 419
spdistance: 925.274
radio trace:
467 505 451 460 485 522 483 484 484 467 480 509 497 512 512 515 531 492 454 489 489 478 469 509 513 489 445 511 494 463 479 489 521 524 539 515 505 524 528 520 494 492 521 551 545 513 495 456 477 505 522 489 466 503 545 553 499 482 490 461 439 469 511 514 471 523 524 498 471 512 525 477 474 490 450 476 516 485 492 523 497 442 468 496 526 465 484 493 421 440 500 498 455 468 495 500 487 497 519 500 473 451 441 469 476 494 491 496 491 515 480 433 433 453 481 448 457 452 427 458 487 493 495 502 487 501 514 534 475 475 477 437 454 479 495 465 471 506 475 447 494 466 466 447 472 500 517 487 495 534 542 506 422 445 446 470 451 472 512 550 504 485 504 496 470 498 504 509 503 520 504 533 508 505 467 449 430 491 486 467 490 480 463 441 422 468 448 473 480 515 508 507 477 481 474 433 474 503 511 533 494 483 517 504 480 526 507 474 435 440 478 445 452 459 481 474 492 509 453 461 450 449 476 468 473 484 505 510 466 472 488 470 479 490 514 480 469 487 517 515 466 465 498 468 453 427 446 480 446 445 447 410 458 501 521 457 491 488 511 492 505 522 508 511 485 497 503 515 509 507 488 457 481 495 487 513 509 497 452 478 517 457 431 473 468 498 522 545 487 470 499 488 474 471 472 427 457 459 505 527 515 539 535 501 487 437 471 470 484 517 510 501 501 520 475 483 490 472 453 473 477 459 460 477 527 557 524 503 516 484 417 383 422 453 480 506 463 483 455 444 476 484 495 467 470 493 497 486 462 491 491 498 462 451 464 484 474 497 481 493 467 457 489 472 508 468 425 456 480 440 495 485 495 523 527 485 491 477 444 483 443 457 476 504 504 508 494 497 515 511 511 466 437 402 401 411 463 488 471 490 493 470 449 469 471 457 452 467 522 508 518 535 522 526 543 516 501 501 475 481 499 512 503 445 455 471 450 445 449 470 477 460 501 478 452 455 456 438 406 417 437 457 474 465 494 489 469 485 452 433 419 455 486 478 537 523 485 469 444 481 487 514 510 443 445 498 486 497 450 473 478 488 519 473 436 454 482 487 467 441 480 528 515 492 480 459 465 501 492 488 475 474 445 421 421 441 468 466 485 489 510 505 514 520 510 503 462 501 485 461 443 471 486 466 468 464 442 448 486 483 526 486 461 492 468 490 483 524 512 500 490 440 451 465 487 491 455 448 460 429 450 486 504 491 474 495 498 490 488 463 499 479 480 483 505 477 440 438 450 487 480 505 504 491 493 473 500 532 491 473 470 482 523 509 503 485 482 522 548 532 526 489 485 467 496 467 476 486 515 498 472 477 505 486 475 486 459 453 500 501 491 464 461 459 493 484 503 523 511 455 455 523 509 476 450 463 467 475 486 510 525 489 478 467 492 495 531 516 507 478 482 472 453 463 519 500 426 425 456 423 464 460 474 482 482 487 482 502 473 454 429 447 493 497 475 502 507 550 529 497 487 501 520 506 501 495 475 458 462 492 484 491 508 509 489 485 482 517 495 509 470 482 480 492 482 474 510 529 525 472 501 508 460 464 470 479 511 529 532 518 497 524 559 496 446 490 462 479 523 483 440 427 457 467 457 483 476 505 496 484 445 485 470 471 481 469 499 456 463 494 480 481 502 475 479 489 500 502 520 542 512 503 487 466 440 462 492 493 481 498 512 501 517 539 538 483 464 504 469 456 449 446 491 478 487 491 482 462 
vem trace:

