SDId: 34636512
energy: 3.78445e+17
zenith: 0.252691
azimuth: 1.62256
GPSSeconc: 1126164150
stid: 341
spdistance: 953.914
radio trace:
505 491 475 476 480 467 476 468 473 476 472 488 507 449 494 510 492 517 493 491 458 481 489 468 477 510 496 483 510 498 506 481 517 479 479 517 515 532 513 517 509 483 451 473 437 441 462 495 542 477 460 451 464 455 475 493 500 495 421 426 461 462 446 446 478 486 473 420 459 437 449 456 469 478 472 485 473 474 481 525 496 466 479 493 464 462 490 487 487 477 490 472 444 431 468 485 490 475 532 537 486 519 510 497 503 454 439 455 483 492 506 505 475 487 477 486 483 477 519 521 511 482 436 429 448 474 512 518 506 519 508 500 486 447 450 449 465 468 439 435 451 482 448 486 527 515 512 495 500 509 496 437 426 485 464 488 487 474 483 508 502 486 463 482 472 492 481 492 476 439 480 493 493 459 484 515 542 539 487 447 498 500 468 480 449 486 476 462 446 476 471 486 499 517 509 495 501 532 492 467 489 498 467 439 497 473 470 477 490 499 472 497 509 496 484 478 468 441 458 486 470 478 484 477 498 561 578 522 483 463 479 490 487 481 484 474 473 445 433 475 482 485 516 487 493 516 484 478 502 481 469 457 468 459 440 490 499 524 499 464 453 480 458 446 438 447 447 409 447 457 444 452 511 496 479 489 465 442 467 498 534 485 484 511 477 484 480 491 474 465 490 491 510 516 512 506 498 485 542 527 518 499 488 498 461 456 454 456 485 511 519 501 501 468 491 482 470 446 446 443 451 473 446 498 532 510 492 501 467 489 460 505 504 495 471 492 476 499 515 502 462 453 449 462 469 447 450 516 498 513 519 496 477 480 454 484 480 482 492 513 553 556 541 518 491 486 494 463 499 506 514 495 463 511 524 519 471 465 511 469 479 435 494 504 495 479 470 480 473 441 443 496 489 460 494 490 471 447 430 446 445 461 470 505 493 498 525 499 503 498 510 487 450 450 455 418 468 495 479 489 503 471 479 515 472 467 485 481 497 531 502 505 461 435 417 438 489 490 485 476 439 486 453 408 420 444 443 471 486 496 515 484 495 509 501 484 506 482 476 456 450 436 442 470 472 493 504 526 494 517 493 523 542 532 518 517 507 492 496 487 452 475 501 484 515 526 486 464 442 462 532 516 505 458 493 489 484 502 486 484 511 515 531 496 470 502 498 487 500 512 513 488 491 497 487 487 472 517 499 510 508 491 484 515 554 493 505 496 482 483 509 502 486 448 467 477 443 470 477 468 482 520 523 538 538 536 497 489 452 445 472 478 481 508 497 518 525 506 476 477 490 464 458 455 473 485 459 464 460 485 459 465 451 488 472 443 435 443 408 459 474 451 495 504 485 473 480 445 429 466 473 493 501 523 472 476 497 551 567 514 448 508 509 512 493 492 478 496 499 505 520 510 456 445 460 433 439 469 489 501 486 486 487 516 534 494 507 497 457 445 482 499 478 464 496 492 485 510 505 487 470 480 468 456 443 490 489 481 499 500 496 525 519 519 526 483 477 494 485 449 440 446 491 468 426 446 488 454 444 470 489 490 471 460 481 497 517 515 535 526 496 454 462 460 458 490 519 492 505 520 504 471 477 508 500 484 497 511 490 491 485 499 460 454 459 467 465 483 477 481 491 513 521 511 501 494 485 487 481 515 519 515 518 515 511 489 506 496 468 515 482 482 509 497 501 533 552 515 474 492 521 539 507 490 513 497 480 503 503 503 491 501 447 452 485 504 485 491 529 517 465 475 475 487 479 448 472 452 
vem trace:

stid: 341
spdistance: 953.914
radio trace:
505 491 475 476 480 467 476 468 473 476 472 488 507 449 494 510 492 517 493 491 458 481 489 468 477 510 496 483 510 498 506 481 517 479 479 517 515 532 513 517 509 483 451 473 437 441 462 495 542 477 460 451 464 455 475 493 500 495 421 426 461 462 446 446 478 486 473 420 459 437 449 456 469 478 472 485 473 474 481 525 496 466 479 493 464 462 490 487 487 477 490 472 444 431 468 485 490 475 532 537 486 519 510 497 503 454 439 455 483 492 506 505 475 487 477 486 483 477 519 521 511 482 436 429 448 474 512 518 506 519 508 500 486 447 450 449 465 468 439 435 451 482 448 486 527 515 512 495 500 509 496 437 426 485 464 488 487 474 483 508 502 486 463 482 472 492 481 492 476 439 480 493 493 459 484 515 542 539 487 447 498 500 468 480 449 486 476 462 446 476 471 486 499 517 509 495 501 532 492 467 489 498 467 439 497 473 470 477 490 499 472 497 509 496 484 478 468 441 458 486 470 478 484 477 498 561 578 522 483 463 479 490 487 481 484 474 473 445 433 475 482 485 516 487 493 516 484 478 502 481 469 457 468 459 440 490 499 524 499 464 453 480 458 446 438 447 447 409 447 457 444 452 511 496 479 489 465 442 467 498 534 485 484 511 477 484 480 491 474 465 490 491 510 516 512 506 498 485 542 527 518 499 488 498 461 456 454 456 485 511 519 501 501 468 491 482 470 446 446 443 451 473 446 498 532 510 492 501 467 489 460 505 504 495 471 492 476 499 515 502 462 453 449 462 469 447 450 516 498 513 519 496 477 480 454 484 480 482 492 513 553 556 541 518 491 486 494 463 499 506 514 495 463 511 524 519 471 465 511 469 479 435 494 504 495 479 470 480 473 441 443 496 489 460 494 490 471 447 430 446 445 461 470 505 493 498 525 499 503 498 510 487 450 450 455 418 468 495 479 489 503 471 479 515 472 467 485 481 497 531 502 505 461 435 417 438 489 490 485 476 439 486 453 408 420 444 443 471 486 496 515 484 495 509 501 484 506 482 476 456 450 436 442 470 472 493 504 526 494 517 493 523 542 532 518 517 507 492 496 487 452 475 501 484 515 526 486 464 442 462 532 516 505 458 493 489 484 502 486 484 511 515 531 496 470 502 498 487 500 512 513 488 491 497 487 487 472 517 499 510 508 491 484 515 554 493 505 496 482 483 509 502 486 448 467 477 443 470 477 468 482 520 523 538 538 536 497 489 452 445 472 478 481 508 497 518 525 506 476 477 490 464 458 455 473 485 459 464 460 485 459 465 451 488 472 443 435 443 408 459 474 451 495 504 485 473 480 445 429 466 473 493 501 523 472 476 497 551 567 514 448 508 509 512 493 492 478 496 499 505 520 510 456 445 460 433 439 469 489 501 486 486 487 516 534 494 507 497 457 445 482 499 478 464 496 492 485 510 505 487 470 480 468 456 443 490 489 481 499 500 496 525 519 519 526 483 477 494 485 449 440 446 491 468 426 446 488 454 444 470 489 490 471 460 481 497 517 515 535 526 496 454 462 460 458 490 519 492 505 520 504 471 477 508 500 484 497 511 490 491 485 499 460 454 459 467 465 483 477 481 491 513 521 511 501 494 485 487 481 515 519 515 518 515 511 489 506 496 468 515 482 482 509 497 501 533 552 515 474 492 521 539 507 490 513 497 480 503 503 503 491 501 447 452 485 504 485 491 529 517 465 475 475 487 479 448 472 452 
vem trace:

