SDId: 34793819
energy: 4.94092e+17
zenith: 0.712801
azimuth: 4.6002
GPSSeconc: 1127042970
stid: 343
spdistance: 204.953
radio trace:
434 428 437 431 431 425 426 476 447 416 452 473 461 462 478 471 441 439 436 430 428 438 448 496 480 466 450 458 467 499 491 499 465 464 456 455 439 449 446 447 456 415 415 440 439 459 460 467 441 437 442 446 444 438 429 438 415 442 457 455 460 460 441 422 416 428 449 467 455 447 439 448 457 475 465 486 458 458 460 473 484 453 442 464 458 473 495 471 455 466 458 453 461 467 499 454 440 415 430 434 441 460 464 432 435 449 473 459 462 432 447 452 454 466 452 455 471 475 457 459 469 463 457 425 416 463 460 426 434 412 403 430 452 408 437 433 439 469 482 462 463 468 471 490 464 469 488 470 478 463 466 453 456 462 440 448 461 443 455 457 465 473 478 466 448 462 468 482 438 436 454 431 410 422 410 404 439 455 446 451 463 465 479 458 460 463 456 452 436 414 454 425 452 475 439 426 457 480 477 473 448 430 430 432 441 478 482 437 443 474 469 469 484 466 461 452 458 480 479 457 462 464 474 477 470 468 429 445 467 472 483 466 457 447 449 430 447 457 463 419 434 463 442 447 421 407 413 443 471 441 452 450 443 467 471 492 485 474 469 437 430 416 428 456 443 429 439 449 467 481 477 436 426 436 458 468 462 448 461 457 437 429 447 435 423 435 450 437 436 441 442 461 477 465 465 450 450 468 463 419 456 451 417 433 445 427 430 412 423 442 451 456 467 471 466 486 471 447 451 443 451 442 468 475 469 451 452 474 467 451 457 472 463 464 465 454 439 477 440 441 467 471 452 434 465 464 438 459 434 435 424 442 429 452 443 438 436 434 433 441 443 428 424 447 471 436 440 457 493 451 426 428 434 433 436 454 473 476 484 470 465 476 470 433 458 454 456 478 453 445 463 469 440 441 448 455 438 453 437 451 444 420 411 415 403 441 436 431 435 445 459 457 441 440 408 410 444 432 435 466 486 464 444 474 472 452 458 454 464 465 441 437 447 459 406 408 430 456 491 456 449 441 432 435 444 453 443 425 412 438 459 498 504 491 475 488 449 417 455 489 490 442 451 475 462 473 491 461 442 437 454 445 423 417 426 416 417 443 452 440 454 414 411 434 422 450 481 461 430 414 424 442 431 474 482 469 439 465 458 425 446 451 458 458 436 448 440 431 438 456 463 484 476 464 467 447 468 453 435 432 439 439 454 425 414 429 432 457 488 477 490 482 442 422 457 457 462 458 454 463 481 466 456 440 446 449 417 453 446 461 454 441 446 500 487 477 457 453 434 471 483 458 432 429 450 428 432 438 445 487 471 466 468 455 439 427 441 441 430 437 443 441 447 445 471 472 453 457 455 450 478 469 449 453 454 451 452 450 476 485 437 438 448 447 445 429 450 473 456 425 432 452 427 411 442 445 438 448 460 479 497 478 482 468 427 421 449 468 464 419 433 422 428 427 459 422 398 393 435 422 429 436 468 461 494 489 446 462 440 421 412 406 459 469 466 445 439 432 440 424 437 437 455 450 461 464 449 462 464 455 441 435 421 442 435 437 431 459 478 452 456 464 451 440 460 448 459 440 435 447 439 464 416 435 440 444 474 441 431 425 454 467 468 440 438 400 435 464 448 434 427 435 451 443 433 439 485 483 448 428 457 463 449 426 470 457 472 458 462 462 466 426 450 450 467 441 446 455 443 462 420 420 432 476 479 466 478 492 489 497 519 480 470 468 467 455 441 438 457 446 455 459 451 464 482 456 468 471 
vem trace:

stid: 419
spdistance: 1306.75
radio trace:
496 502 498 490 498 496 479 474 432 436 481 475 426 415 435 425 382 420 417 408 414 445 453 487 457 463 454 417 428 481 498 473 423 401 420 453 451 431 446 463 491 509 460 477 443 453 479 507 486 480 460 429 471 451 423 406 411 381 382 409 400 403 438 466 447 449 480 483 490 478 439 428 461 494 489 457 454 447 457 441 479 481 476 494 500 465 458 455 492 486 496 460 477 487 432 387 388 384 454 446 446 421 452 470 492 461 468 440 419 457 420 459 474 451 445 459 478 482 502 506 514 484 506 502 442 401 414 384 448 467 510 502 491 508 512 478 425 449 453 415 432 436 436 462 467 460 466 482 473 467 451 461 480 464 440 415 427 417 437 442 475 494 496 482 434 451 417 432 494 487 506 494 484 441 431 419 426 442 461 439 464 470 494 520 478 456 443 446 484 457 456 468 457 431 435 411 428 479 449 475 473 506 469 439 457 435 443 443 461 462 484 480 485 453 511 530 513 536 495 509 513 506 527 480 417 455 458 439 476 450 452 494 449 481 461 461 472 484 501 509 516 531 499 440 445 449 461 485 469 455 456 445 484 483 479 478 437 482 465 462 445 464 452 480 467 460 458 465 449 420 427 415 444 440 460 468 439 486 436 448 458 460 450 448 454 406 425 472 487 482 496 513 485 471 476 438 460 465 469 481 505 493 468 452 447 453 433 441 465 460 464 477 462 485 450 455 460 495 485 493 487 438 432 447 438 408 436 441 446 464 420 457 485 515 499 478 476 448 479 476 499 468 461 459 489 443 437 423 429 465 505 486 458 430 452 490 455 441 417 413 450 418 437 425 458 427 442 442 433 414 410 434 480 456 442 408 457 438 427 444 451 450 427 439 445 431 397 433 439 440 418 419 464 442 440 443 446 472 456 483 513 458 489 511 509 498 502 513 469 447 484 498 486 513 468 477 445 456 466 470 483 474 478 421 421 481 530 513 474 416 383 425 445 451 469 478 491 471 446 484 483 487 472 448 446 508 487 477 498 475 406 439 454 468 471 444 432 449 457 442 460 495 486 486 460 484 437 451 464 478 448 493 434 412 466 449 444 484 444 386 435 493 477 449 431 423 471 424 449 511 478 445 463 455 432 455 438 438 440 451 448 449 473 454 459 420 429 440 424 393 399 419 431 418 464 472 468 480 508 510 476 504 494 424 448 422 484 461 450 421 436 470 467 434 470 471 453 474 491 442 431 468 448 461 504 504 489 481 464 440 435 426 445 483 467 479 502 428 412 455 437 474 494 496 446 487 490 456 482 485 504 457 472 467 437 418 459 441 466 478 479 429 403 403 435 428 477 461 467 479 474 434 450 482 464 480 459 479 510 512 491 456 464 475 451 455 517 502 504 449 453 489 461 437 459 483 482 470 457 452 496 470 480 495 483 452 494 499 489 409 393 409 426 471 437 437 403 404 434 435 446 430 395 418 449 477 430 478 491 453 418 428 468 501 512 527 514 447 438 466 474 472 430 458 463 472 496 477 418 404 420 446 437 467 474 454 473 464 479 476 476 438 467 458 451 515 506 498 450 434 408 447 440 415 425 447 482 473 489 445 444 502 470 475 486 519 494 476 480 480 475 483 458 468 501 487 475 501 522 525 492 514 458 390 421 446 440 487 482 518 488 467 453 456 473 461 461 490 505 517 450 487 528 533 474 449 478 467 438 477 461 455 481 458 413 452 467 444 436 474 476 497 470 501 466 469 454 441 
vem trace:

