SDId: 34502219
energy: 2.30728e+17
zenith: 0.438617
azimuth: 4.80347
GPSSeconc: 1125267638
stid: 332
spdistance: 720.012
radio trace:
535 532 500 484 529 536 528 525 530 505 560 541 550 565 527 529 522 505 514 523 531 570 550 558 543 508 561 588 573 562 588 561 543 524 489 484 486 481 514 503 518 524 518 504 544 522 526 542 533 502 532 538 546 566 569 531 535 500 514 497 478 513 536 573 579 553 526 556 586 550 532 528 533 520 494 484 503 521 556 546 554 553 547 529 523 539 541 544 561 546 531 521 551 551 581 556 546 568 582 581 567 591 595 570 584 562 547 539 511 482 499 529 533 536 543 578 588 560 562 577 535 509 516 491 530 537 555 541 495 472 504 522 564 567 561 547 557 542 545 535 519 493 497 490 510 552 546 508 551 555 567 572 542 542 552 537 551 521 547 548 570 563 545 557 560 545 537 539 518 523 509 500 519 540 531 546 517 530 549 561 543 524 519 498 535 512 523 528 540 548 524 571 557 540 554 537 514 539 561 551 543 545 512 499 531 570 546 571 537 570 563 524 528 536 545 557 550 564 564 578 534 528 553 537 559 594 587 522 506 505 491 487 495 500 539 547 537 527 495 491 479 522 526 563 562 545 522 528 523 542 513 524 531 486 540 537 516 537 561 562 567 547 551 542 514 552 560 556 542 542 575 553 483 503 508 527 530 544 552 529 543 497 522 541 518 529 547 552 559 582 518 492 483 502 562 531 498 508 552 542 576 591 566 555 577 563 572 533 539 562 554 541 551 533 549 541 567 588 557 522 532 504 550 543 521 518 529 543 544 552 563 564 559 506 535 516 516 539 554 513 517 545 553 545 559 559 528 558 543 542 538 521 548 561 575 532 503 518 534 558 528 561 566 562 546 545 563 534 512 517 543 529 536 521 538 539 542 542 537 514 485 481 527 495 521 529 524 537 526 558 562 535 522 556 599 558 529 514 515 531 565 546 562 574 546 563 564 551 580 590 559 550 530 571 559 535 522 512 496 502 530 543 516 521 499 520 540 524 547 525 527 545 553 556 542 541 524 519 506 520 532 565 575 536 526 533 536 520 547 554 573 539 545 564 544 532 522 519 542 532 526 512 544 523 510 508 497 540 573 563 587 546 515 497 518 534 514 514 550 535 547 562 555 554 533 518 536 507 535 514 515 490 482 515 537 547 543 546 580 569 542 522 541 533 524 540 553 513 521 532 533 545 544 547 528 564 563 538 516 490 507 510 523 533 536 537 530 559 585 552 557 529 543 555 565 563 576 566 586 557 570 607 561 519 527 525 525 538 485 495 505 483 495 515 541 549 562 590 570 543 547 539 540 518 543 538 545 594 583 585 569 573 547 554 539 509 497 537 517 505 505 523 525 541 561 537 550 550 504 505 510 556 530 542 531 544 556 519 517 494 526 529 533 533 535 522 525 534 542 546 529 531 552 543 494 472 491 473 503 549 548 547 558 595 554 537 527 506 541 559 568 522 530 506 497 541 547 534 542 530 520 547 554 541 558 584 590 576 601 560 561 560 556 535 503 539 528 544 555 545 535 566 569 528 557 582 582 515 543 559 545 541 529 541 552 536 528 526 531 519 534 515 517 504 506 521 542 515 512 519 513 489 516 485 500 508 517 523 520 529 522 500 525 532 546 523 546 558 536 534 546 524 540 562 587 599 557 528 533 510 543 536 568 573 558 561 564 596 557 553 541 582 602 585 544 558 570 504 505 513 521 555 551 560 536 542 536 551 524 561 549 541 525 516 509 528 510 506 491 540 550 528 526 513 535 528 525 536 
vem trace:

stid: 333
spdistance: 778.916
radio trace:
457 465 439 452 414 409 442 450 452 434 450 455 401 410 427 410 408 437 459 471 463 400 396 422 383 413 477 483 485 486 505 495 437 456 497 500 479 434 476 432 427 451 426 424 433 409 393 423 442 431 442 434 416 386 391 414 416 442 443 452 453 446 442 446 461 430 410 429 459 487 458 447 440 443 469 475 474 445 458 460 452 471 449 468 477 479 457 412 432 452 464 464 477 479 459 463 466 428 417 436 435 464 464 450 458 457 468 449 443 444 459 461 508 523 486 438 402 415 431 408 418 417 428 445 451 464 457 425 448 447 448 435 435 426 464 467 430 422 428 413 426 429 422 437 464 492 487 440 421 473 473 447 422 394 404 413 450 432 450 459 433 460 450 446 444 438 404 424 431 451 442 450 437 478 457 432 435 425 435 412 407 444 459 426 458 464 470 488 473 480 470 489 495 473 443 427 427 414 394 417 413 403 419 433 404 417 404 422 392 420 432 418 453 436 431 420 439 465 456 467 437 439 421 407 424 424 417 420 410 443 445 452 441 436 473 439 414 456 459 514 504 494 447 422 416 424 440 458 449 458 438 416 439 455 480 469 447 458 448 467 455 423 439 457 433 457 454 447 432 400 403 397 404 427 454 472 440 445 461 501 507 454 411 433 455 430 398 454 439 449 445 442 452 431 446 493 510 465 456 459 421 410 419 446 413 436 421 415 428 422 463 464 454 462 481 463 458 469 447 425 429 423 431 443 457 426 432 452 455 419 412 386 431 455 421 431 470 470 467 480 446 445 471 476 457 447 461 468 446 432 428 426 422 396 391 440 487 515 475 466 419 413 418 430 459 442 417 450 456 453 454 459 467 453 448 446 448 450 418 441 441 427 455 439 445 442 415 458 482 485 473 407 430 444 433 434 451 483 504 532 515 487 438 438 485 475 468 466 442 451 452 448 470 437 437 439 460 444 434 423 452 471 469 464 463 477 498 462 429 456 473 443 455 411 413 441 439 444 448 461 468 437 434 442 473 486 460 504 482 437 468 450 466 439 431 422 377 402 443 445 432 436 447 484 453 464 471 480 511 460 472 458 458 449 457 447 460 422 437 451 438 418 436 444 432 467 454 447 474 441 415 390 409 420 448 432 427 417 443 468 472 459 450 452 460 440 420 417 429 449 482 450 418 426 427 447 432 460 481 497 454 466 472 446 409 460 451 432 432 426 422 408 409 405 413 433 439 407 439 447 450 445 427 429 442 449 462 468 455 457 463 480 479 446 480 468 454 448 453 480 407 439 452 447 428 421 434 452 458 471 467 446 438 452 454 455 438 432 414 421 449 477 484 487 459 454 448 436 426 429 430 467 441 445 411 422 453 432 414 440 477 456 446 440 453 479 467 481 468 434 428 437 422 404 413 425 418 447 433 424 436 448 440 458 462 446 452 411 432 439 451 444 463 479 467 467 440 430 441 424 434 424 450 483 487 463 411 401 443 454 438 431 415 437 457 479 481 463 479 459 454 434 407 449 424 406 408 393 453 468 453 483 459 439 440 439 417 393 420 416 431 422 421 419 435 421 427 436 455 433 467 436 466 493 447 466 453 469 481 465 442 444 474 464 451 428 439 465 473 430 409 408 418 435 447 462 451 436 433 455 463 444 475 477 466 449 423 436 440 424 385 384 444 492 476 504 489 498 462 442 449 465 436 410 427 451 452 461 450 476 459 474 480 449 459 459 432 476 461 473 461 476 434 458 464 468 494 466 
vem trace:

