SDId: 34854753
energy: 3.26481e+17
zenith: 0.750413
azimuth: 5.92881
GPSSeconc: 1127431774
stid: 341
spdistance: 538.921
radio trace:
528 532 540 523 515 503 527 531 509 535 552 543 490 520 555 530 541 539 537 531 540 576 546 524 522 521 510 502 522 559 539 547 472 476 519 551 554 583 558 514 513 571 539 537 513 484 534 539 506 460 464 499 537 552 556 528 585 554 531 524 500 488 485 507 518 518 521 481 454 504 497 523 507 524 504 472 496 491 501 474 461 527 560 549 542 521 546 533 515 529 523 513 543 550 560 561 586 600 567 538 516 526 541 504 490 523 539 534 515 546 554 533 562 540 568 526 466 478 530 500 534 540 532 525 511 522 518 526 510 511 492 504 552 573 552 570 523 490 515 527 531 564 553 517 532 573 588 583 549 535 572 574 565 514 527 565 577 586 532 491 514 534 522 491 513 506 477 500 507 544 524 531 515 524 514 509 536 567 559 558 550 539 516 517 529 518 518 519 522 514 537 558 549 522 496 506 492 472 489 514 523 519 515 470 503 525 525 532 499 506 514 488 539 562 498 490 510 533 539 523 516 509 508 506 510 515 506 514 516 549 540 558 506 507 523 516 491 494 529 550 487 478 445 511 552 573 561 512 488 502 511 504 508 522 514 521 499 502 553 587 558 496 479 548 535 523 514 524 527 536 514 517 512 463 488 527 530 523 548 510 489 518 541 524 548 517 543 516 499 514 534 548 556 543 538 533 518 525 529 529 542 545 531 557 511 512 546 581 541 545 556 517 527 505 535 546 572 584 547 521 529 522 519 529 550 542 544 532 525 512 517 526 532 526 502 477 470 518 548 544 502 542 531 517 525 543 529 503 500 525 531 529 507 535 560 539 509 510 517 529 558 521 498 495 491 459 482 522 531 558 548 568 554 577 538 537 534 531 504 476 497 542 560 589 581 549 490 471 506 555 566 540 548 560 573 518 491 498 503 509 484 472 496 528 532 543 582 571 550 533 538 516 487 487 505 530 572 554 560 544 516 530 512 504 505 474 497 530 540 546 563 516 508 522 528 558 555 509 544 571 548 528 532 520 547 581 570 523 546 545 524 492 473 489 520 546 545 538 523 565 575 509 503 558 565 538 525 523 542 526 504 529 522 536 494 510 508 548 516 486 507 502 520 529 536 543 537 506 494 496 503 501 493 506 521 563 534 519 525 500 489 483 532 548 516 528 546 541 547 549 494 508 523 523 556 513 488 535 512 527 511 516 501 522 561 494 496 494 498 494 474 526 542 497 504 516 511 508 525 524 544 529 479 471 493 495 526 523 500 537 504 507 497 462 475 504 571 571 585 536 529 524 502 519 543 590 574 548 530 519 504 501 516 485 521 579 535 505 532 540 547 531 508 496 506 494 529 535 583 566 509 504 557 547 544 493 495 498 476 466 478 492 487 514 473 480 541 558 518 502 505 515 514 474 525 495 532 546 542 533 505 511 496 538 544 532 499 518 507 546 592 573 556 519 562 540 558 523 527 537 537 522 535 542 541 500 497 517 507 483 470 528 568 568 523 533 505 536 494 461 498 506 533 517 522 551 568 540 527 565 562 537 513 552 564 572 527 516 526 545 570 583 596 564 531 504 519 563 569 519 502 499 520 538 574 520 542 532 555 531 526 516 536 565 543 521 534 511 506 524 538 555 498 476 431 454 508 505 523 534 493 496 493 509 568 547 529 538 503 528 525 499 504 525 528 509 539 551 568 538 532 528 511 518 500 505 519 571 542 557 559 539 575 514 522 488 507 502 504 554 540 525 542 557 520 539 546 534 
vem trace:

stid: 341
spdistance: 538.921
radio trace:
528 532 540 523 515 503 527 531 509 535 552 543 490 520 555 530 541 539 537 531 540 576 546 524 522 521 510 502 522 559 539 547 472 476 519 551 554 583 558 514 513 571 539 537 513 484 534 539 506 460 464 499 537 552 556 528 585 554 531 524 500 488 485 507 518 518 521 481 454 504 497 523 507 524 504 472 496 491 501 474 461 527 560 549 542 521 546 533 515 529 523 513 543 550 560 561 586 600 567 538 516 526 541 504 490 523 539 534 515 546 554 533 562 540 568 526 466 478 530 500 534 540 532 525 511 522 518 526 510 511 492 504 552 573 552 570 523 490 515 527 531 564 553 517 532 573 588 583 549 535 572 574 565 514 527 565 577 586 532 491 514 534 522 491 513 506 477 500 507 544 524 531 515 524 514 509 536 567 559 558 550 539 516 517 529 518 518 519 522 514 537 558 549 522 496 506 492 472 489 514 523 519 515 470 503 525 525 532 499 506 514 488 539 562 498 490 510 533 539 523 516 509 508 506 510 515 506 514 516 549 540 558 506 507 523 516 491 494 529 550 487 478 445 511 552 573 561 512 488 502 511 504 508 522 514 521 499 502 553 587 558 496 479 548 535 523 514 524 527 536 514 517 512 463 488 527 530 523 548 510 489 518 541 524 548 517 543 516 499 514 534 548 556 543 538 533 518 525 529 529 542 545 531 557 511 512 546 581 541 545 556 517 527 505 535 546 572 584 547 521 529 522 519 529 550 542 544 532 525 512 517 526 532 526 502 477 470 518 548 544 502 542 531 517 525 543 529 503 500 525 531 529 507 535 560 539 509 510 517 529 558 521 498 495 491 459 482 522 531 558 548 568 554 577 538 537 534 531 504 476 497 542 560 589 581 549 490 471 506 555 566 540 548 560 573 518 491 498 503 509 484 472 496 528 532 543 582 571 550 533 538 516 487 487 505 530 572 554 560 544 516 530 512 504 505 474 497 530 540 546 563 516 508 522 528 558 555 509 544 571 548 528 532 520 547 581 570 523 546 545 524 492 473 489 520 546 545 538 523 565 575 509 503 558 565 538 525 523 542 526 504 529 522 536 494 510 508 548 516 486 507 502 520 529 536 543 537 506 494 496 503 501 493 506 521 563 534 519 525 500 489 483 532 548 516 528 546 541 547 549 494 508 523 523 556 513 488 535 512 527 511 516 501 522 561 494 496 494 498 494 474 526 542 497 504 516 511 508 525 524 544 529 479 471 493 495 526 523 500 537 504 507 497 462 475 504 571 571 585 536 529 524 502 519 543 590 574 548 530 519 504 501 516 485 521 579 535 505 532 540 547 531 508 496 506 494 529 535 583 566 509 504 557 547 544 493 495 498 476 466 478 492 487 514 473 480 541 558 518 502 505 515 514 474 525 495 532 546 542 533 505 511 496 538 544 532 499 518 507 546 592 573 556 519 562 540 558 523 527 537 537 522 535 542 541 500 497 517 507 483 470 528 568 568 523 533 505 536 494 461 498 506 533 517 522 551 568 540 527 565 562 537 513 552 564 572 527 516 526 545 570 583 596 564 531 504 519 563 569 519 502 499 520 538 574 520 542 532 555 531 526 516 536 565 543 521 534 511 506 524 538 555 498 476 431 454 508 505 523 534 493 496 493 509 568 547 529 538 503 528 525 499 504 525 528 509 539 551 568 538 532 528 511 518 500 505 519 571 542 557 559 539 575 514 522 488 507 502 504 554 540 525 542 557 520 539 546 534 
vem trace:

