SDId: 34857571
energy: 2.68362e+17
zenith: 0.278626
azimuth: 0.843032
GPSSeconc: 1127449254
stid: 341
spdistance: 4303.76
radio trace:
550 494 518 539 534 517 521 552 521 557 513 472 532 519 533 535 526 522 536 496 490 497 491 497 520 519 526 516 506 490 469 470 464 463 466 479 506 556 513 551 567 525 498 491 495 508 533 481 475 499 521 527 538 520 517 533 497 520 513 515 507 492 515 529 534 520 540 546 550 536 533 509 533 557 523 535 524 526 539 492 512 532 537 511 472 482 503 477 494 532 485 471 486 528 535 531 559 562 528 537 524 505 513 515 510 512 517 481 477 499 504 529 489 463 451 523 532 493 471 502 529 507 500 522 504 497 501 549 542 522 517 527 495 515 535 531 558 549 536 564 538 537 559 522 549 571 543 522 529 503 493 505 482 515 507 477 481 487 466 487 484 491 464 507 518 528 510 544 544 535 562 584 561 559 504 516 514 528 461 458 482 503 516 523 515 493 474 504 506 524 540 537 582 557 496 504 462 463 506 522 474 432 483 514 518 520 506 467 507 543 548 526 467 517 575 569 554 564 542 498 503 541 518 519 489 461 481 548 568 564 571 576 544 529 528 535 547 557 555 499 487 450 445 477 505 471 479 517 513 516 513 523 525 519 572 537 537 521 483 504 502 504 485 477 484 486 448 483 496 498 480 508 537 501 522 492 508 530 523 566 559 547 546 564 552 568 557 510 476 479 519 517 528 525 524 534 537 520 566 542 548 558 567 512 460 475 484 488 501 509 488 494 484 502 519 489 507 546 572 553 560 525 510 499 519 509 551 566 592 573 513 469 470 491 447 457 494 447 445 472 478 468 497 455 464 495 461 474 511 523 512 492 486 492 504 523 534 510 535 570 525 548 536 540 533 492 474 493 531 521 529 524 540 477 474 472 470 521 523 528 549 556 515 499 517 541 528 515 520 503 524 491 504 502 525 539 497 509 497 511 469 479 477 520 539 521 520 485 481 475 471 476 520 510 517 534 534 555 523 512 514 524 532 488 485 470 510 488 477 469 526 558 563 542 507 543 550 518 543 530 529 528 555 471 453 483 520 483 502 516 495 499 529 522 536 539 520 536 523 495 512 567 571 535 533 488 458 419 455 491 553 532 546 542 536 531 512 528 533 544 536 519 505 453 490 521 494 467 495 485 534 531 535 522 511 495 530 573 538 482 513 565 525 495 479 501 533 515 515 535 539 494 513 539 505 499 487 492 510 500 493 487 485 468 483 536 545 538 527 525 505 544 503 494 519 492 526 498 537 507 512 555 551 551 505 506 481 481 495 494 455 451 450 485 487 453 450 501 500 507 495 503 522 513 474 497 508 507 540 507 508 527 488 518 506 498 548 571 560 544 549 530 514 538 551 549 549 543 599 560 536 529 501 482 502 537 525 515 515 508 546 540 484 513 510 510 490 507 519 499 476 492 528 546 515 478 452 513 512 512 509 536 489 475 474 490 529 534 548 555 531 529 535 532 534 502 504 532 493 475 475 488 471 456 467 441 495 565 512 486 491 521 504 528 557 538 463 492 555 541 532 517 513 517 486 471 467 466 483 471 444 482 501 502 549 538 545 486 466 482 541 524 518 481 490 512 516 525 509 499 518 516 490 479 492 506 529 522 487 507 503 502 448 452 477 494 506 494 503 503 471 505 501 498 531 552 551 543 534 554 599 581 503 506 513 508 525 536 604 600 535 530 520 503 485 478 503 534 524 528 519 475 469 514 514 504 489 476 481 490 512 523 495 468 468 494 514 489 477 496 523 531 500 503 506 468 460 498 
vem trace:

stid: 341
spdistance: 4303.76
radio trace:
550 494 518 539 534 517 521 552 521 557 513 472 532 519 533 535 526 522 536 496 490 497 491 497 520 519 526 516 506 490 469 470 464 463 466 479 506 556 513 551 567 525 498 491 495 508 533 481 475 499 521 527 538 520 517 533 497 520 513 515 507 492 515 529 534 520 540 546 550 536 533 509 533 557 523 535 524 526 539 492 512 532 537 511 472 482 503 477 494 532 485 471 486 528 535 531 559 562 528 537 524 505 513 515 510 512 517 481 477 499 504 529 489 463 451 523 532 493 471 502 529 507 500 522 504 497 501 549 542 522 517 527 495 515 535 531 558 549 536 564 538 537 559 522 549 571 543 522 529 503 493 505 482 515 507 477 481 487 466 487 484 491 464 507 518 528 510 544 544 535 562 584 561 559 504 516 514 528 461 458 482 503 516 523 515 493 474 504 506 524 540 537 582 557 496 504 462 463 506 522 474 432 483 514 518 520 506 467 507 543 548 526 467 517 575 569 554 564 542 498 503 541 518 519 489 461 481 548 568 564 571 576 544 529 528 535 547 557 555 499 487 450 445 477 505 471 479 517 513 516 513 523 525 519 572 537 537 521 483 504 502 504 485 477 484 486 448 483 496 498 480 508 537 501 522 492 508 530 523 566 559 547 546 564 552 568 557 510 476 479 519 517 528 525 524 534 537 520 566 542 548 558 567 512 460 475 484 488 501 509 488 494 484 502 519 489 507 546 572 553 560 525 510 499 519 509 551 566 592 573 513 469 470 491 447 457 494 447 445 472 478 468 497 455 464 495 461 474 511 523 512 492 486 492 504 523 534 510 535 570 525 548 536 540 533 492 474 493 531 521 529 524 540 477 474 472 470 521 523 528 549 556 515 499 517 541 528 515 520 503 524 491 504 502 525 539 497 509 497 511 469 479 477 520 539 521 520 485 481 475 471 476 520 510 517 534 534 555 523 512 514 524 532 488 485 470 510 488 477 469 526 558 563 542 507 543 550 518 543 530 529 528 555 471 453 483 520 483 502 516 495 499 529 522 536 539 520 536 523 495 512 567 571 535 533 488 458 419 455 491 553 532 546 542 536 531 512 528 533 544 536 519 505 453 490 521 494 467 495 485 534 531 535 522 511 495 530 573 538 482 513 565 525 495 479 501 533 515 515 535 539 494 513 539 505 499 487 492 510 500 493 487 485 468 483 536 545 538 527 525 505 544 503 494 519 492 526 498 537 507 512 555 551 551 505 506 481 481 495 494 455 451 450 485 487 453 450 501 500 507 495 503 522 513 474 497 508 507 540 507 508 527 488 518 506 498 548 571 560 544 549 530 514 538 551 549 549 543 599 560 536 529 501 482 502 537 525 515 515 508 546 540 484 513 510 510 490 507 519 499 476 492 528 546 515 478 452 513 512 512 509 536 489 475 474 490 529 534 548 555 531 529 535 532 534 502 504 532 493 475 475 488 471 456 467 441 495 565 512 486 491 521 504 528 557 538 463 492 555 541 532 517 513 517 486 471 467 466 483 471 444 482 501 502 549 538 545 486 466 482 541 524 518 481 490 512 516 525 509 499 518 516 490 479 492 506 529 522 487 507 503 502 448 452 477 494 506 494 503 503 471 505 501 498 531 552 551 543 534 554 599 581 503 506 513 508 525 536 604 600 535 530 520 503 485 478 503 534 524 528 519 475 469 514 514 504 489 476 481 490 512 523 495 468 468 494 514 489 477 496 523 531 500 503 506 468 460 498 
vem trace:

