SDId: 34744049
energy: 2.00163e+18
zenith: 1.05216
azimuth: 2.42498
GPSSeconc: 1126735630
stid: 333
spdistance: 798.63
radio trace:
520 517 508 495 446 416 418 417 417 452 481 497 507 518 522 484 476 474 451 460 449 462 445 454 428 429 470 444 442 452 468 511 456 445 421 445 485 488 460 464 438 465 463 435 429 447 415 409 424 450 477 466 461 431 458 452 449 466 458 467 475 483 470 483 475 476 495 494 503 502 481 455 460 461 463 461 499 484 493 494 495 469 433 437 460 494 434 448 466 466 445 489 441 451 445 447 492 496 484 482 477 484 489 457 468 442 478 484 467 475 468 420 420 442 434 451 447 460 440 459 503 468 443 463 427 455 455 423 420 462 487 493 504 483 487 461 469 482 476 424 484 490 478 458 449 445 424 451 465 491 450 428 418 450 468 477 486 461 451 461 431 465 467 480 457 430 432 438 415 425 409 442 442 437 419 442 455 458 427 438 441 416 456 464 504 497 510 494 469 464 457 477 453 456 420 414 402 435 457 434 448 473 472 450 430 449 469 446 476 517 496 495 455 421 400 439 446 452 470 466 448 447 440 439 441 466 454 446 456 442 446 447 459 441 498 457 455 480 468 454 459 463 399 393 407 368 411 467 428 432 447 472 456 456 450 430 457 479 482 510 472 460 442 404 442 475 483 474 472 447 453 450 466 479 477 494 491 456 478 434 419 445 462 453 420 439 456 421 437 442 440 449 444 408 437 399 427 445 443 448 478 468 456 452 446 431 397 399 409 456 469 434 439 463 465 451 433 438 452 457 412 453 483 492 496 493 478 450 430 395 414 484 469 471 426 418 460 464 447 471 455 470 455 427 443 462 484 489 460 486 507 483 479 487 488 462 456 427 378 375 407 443 464 423 414 439 462 442 467 458 442 463 452 448 478 461 463 454 478 463 440 438 434 432 440 452 440 466 431 455 453 464 464 433 439 445 440 424 447 443 444 451 494 454 455 483 476 485 460 434 452 435 437 430 462 482 479 442 462 476 454 420 438 407 386 401 457 419 396 443 480 487 495 488 442 473 496 480 487 483 465 458 450 462 464 473 462 465 445 447 462 470 481 478 458 457 453 451 448 487 468 437 416 441 470 442 431 436 431 439 414 419 437 446 464 465 477 469 440 439 441 438 448 468 470 465 490 483 467 427 402 441 458 417 435 437 486 492 481 459 472 446 459 449 447 477 449 447 459 457 419 410 455 465 443 443 460 439 467 452 446 481 478 480 476 484 466 471 488 499 518 491 460 459 472 476 439 463 465 467 420 411 409 467 453 436 452 457 491 477 492 476 467 452 439 467 456 450 467 486 496 493 496 484 460 439 465 475 500 504 489 462 484 492 463 470 488 459 460 459 448 435 460 469 474 496 478 488 470 498 487 455 454 434 452 480 474 484 447 444 489 473 493 472 488 477 501 483 440 450 453 445 446 447 442 432 476 469 456 459 470 460 457 467 480 461 449 454 457 448 465 474 498 459 431 476 491 442 406 429 425 437 468 469 464 489 465 470 435 458 454 446 458 466 454 453 450 481 469 439 435 444 427 446 430 442 446 471 453 444 408 450 443 443 421 473 511 508 512 493 461 440 434 459 456 474 441 422 434 433 428 451 471 438 466 459 467 456 449 456 440 401 408 444 422 431 436 416 445 472 495 459 475 504 485 473 494 487 467 461 448 451 401 438 453 460 454 494 485 449 472 496 463 427 403 441 450 436 430 482 478 433 449 476 473 490 509 452 429 453 449 432 421 452 478 491 471 477 487 521 515 474 434 458 475 491 528 497 
vem trace:

stid: 419
spdistance: 2308.1
radio trace:
528 526 484 478 468 491 469 487 505 513 485 514 498 496 467 466 487 470 444 462 454 490 507 507 505 506 553 539 505 441 461 442 478 454 473 489 466 485 479 493 478 465 502 483 483 488 475 481 531 535 542 564 516 529 547 527 526 514 473 501 518 467 492 482 465 441 456 444 473 476 506 513 501 501 539 474 483 516 517 530 485 480 464 473 490 463 479 509 509 490 492 524 518 507 517 482 449 448 475 480 471 465 490 502 505 504 521 523 502 472 468 443 461 455 452 470 503 524 512 471 456 471 471 483 469 483 492 533 543 493 447 458 476 475 448 485 495 445 462 444 495 539 533 499 491 488 467 455 455 465 487 490 451 474 479 472 427 427 434 457 452 476 525 517 517 490 479 485 503 521 467 477 502 508 491 522 486 429 453 475 491 504 509 498 469 446 457 512 528 504 483 465 501 506 510 568 531 476 498 507 481 487 527 533 474 464 435 492 497 504 520 511 513 512 529 455 439 506 469 437 487 514 498 492 425 485 479 450 450 453 438 472 487 458 458 438 460 470 470 453 447 475 467 491 515 483 492 533 555 572 538 563 533 534 500 468 484 495 533 496 502 467 443 496 509 476 505 487 487 508 479 491 502 498 462 477 521 524 499 466 460 449 438 466 462 457 477 494 450 475 503 497 517 492 472 468 450 493 467 483 516 498 492 503 504 519 560 529 512 481 497 510 481 465 468 498 524 486 428 459 508 491 485 509 523 482 484 486 473 442 426 471 443 461 489 489 488 474 510 473 453 488 488 493 465 476 466 479 492 489 499 499 465 465 434 468 485 496 468 494 478 495 461 440 475 500 500 463 487 490 483 469 466 484 516 535 522 531 527 478 493 503 477 472 465 454 476 493 488 499 482 505 486 447 477 476 463 492 518 518 500 481 491 505 492 485 473 492 486 468 493 433 457 460 478 498 511 513 484 475 502 522 501 506 506 490 464 463 453 499 495 504 507 481 505 468 443 492 500 497 485 504 524 523 526 474 504 498 481 459 417 425 448 465 476 477 465 478 508 502 485 487 482 493 514 542 549 499 450 397 439 444 473 492 513 482 486 463 476 507 527 534 496 465 488 466 471 515 493 517 502 509 470 459 465 431 455 485 486 498 488 490 483 504 514 492 462 453 446 472 462 461 509 469 449 474 480 461 503 538 556 561 545 517 512 521 491 441 409 453 431 440 473 519 490 452 437 441 453 453 435 473 477 490 484 525 491 541 500 435 442 486 508 514 538 535 501 513 511 487 490 475 506 457 460 477 487 483 463 442 439 420 433 486 498 517 490 488 479 513 491 494 488 472 474 490 491 557 530 513 502 503 508 515 474 497 507 481 473 477 497 479 448 479 528 507 485 481 441 453 469 483 481 485 489 501 451 472 479 475 493 501 493 489 504 507 481 488 494 501 511 542 501 470 501 527 497 478 494 486 507 497 502 517 530 504 489 525 491 493 507 522 495 484 451 464 488 513 512 504 492 485 497 499 520 473 477 532 517 496 462 469 480 490 511 473 491 499 445 465 494 517 516 494 478 481 494 483 505 498 463 435 498 538 516 501 535 521 506 489 491 486 474 506 494 482 441 448 480 441 455 458 460 518 492 522 530 511 466 467 481 496 511 504 507 481 520 503 439 480 438 474 484 484 467 471 508 516 515 522 505 506 465 465 492 541 531 515 498 479 485 494 478 511 501 535 492 429 457 459 477 456 475 481 521 468 481 509 
vem trace:

