SDId: 34763255
energy: 4.48156e+17
zenith: 0.680056
azimuth: 5.63121
GPSSeconc: 1126848341
stid: 342
spdistance: 604.145
radio trace:
459 459 474 453 434 450 444 429 433 419 437 435 433 460 471 450 438 447 423 417 449 414 425 420 396 421 441 411 401 418 433 433 454 455 471 466 442 442 436 445 463 442 433 423 420 408 413 424 419 431 438 478 469 472 464 445 440 451 447 433 427 444 435 426 407 424 429 421 433 439 420 428 438 439 428 419 425 424 405 412 432 446 458 459 447 466 451 435 429 429 417 405 448 439 427 443 453 440 401 423 477 478 437 428 460 444 455 435 425 423 434 441 449 441 457 443 431 437 416 419 418 429 415 413 415 415 389 405 399 438 438 447 407 414 435 446 427 434 424 411 421 416 407 412 413 411 426 451 437 459 443 456 443 464 427 439 457 464 462 458 448 418 430 426 426 455 474 417 398 415 435 432 431 459 448 438 441 454 443 398 412 429 456 464 418 394 421 412 413 442 434 432 427 469 489 477 462 481 474 458 448 450 446 424 404 443 426 433 422 413 407 436 455 449 443 421 412 389 433 455 448 430 435 411 438 434 444 433 437 452 451 461 412 398 390 415 411 401 429 440 420 434 424 462 479 442 439 445 446 451 462 456 448 441 452 452 462 491 479 456 461 407 402 390 397 423 425 450 448 450 407 393 403 402 421 416 394 426 430 455 440 422 410 406 406 420 427 409 429 468 475 485 469 454 432 414 410 405 435 452 459 470 460 475 479 470 451 468 461 428 418 422 424 484 456 450 425 432 419 414 414 422 435 429 413 437 407 453 473 449 446 452 483 460 450 410 417 430 437 397 395 419 452 427 434 427 438 446 461 482 478 429 439 467 458 414 440 455 421 429 427 446 425 442 449 453 464 469 459 471 468 429 456 437 433 468 448 386 375 426 439 470 449 466 455 404 407 438 425 426 440 428 398 427 423 426 414 423 439 411 421 446 443 451 443 433 443 423 435 440 432 439 449 423 409 454 488 479 449 439 455 467 467 417 389 418 440 435 455 463 470 462 452 446 421 439 450 461 474 476 463 437 439 427 420 402 403 408 408 383 448 450 450 438 432 431 416 422 437 423 445 453 426 437 474 470 479 495 484 471 446 402 410 428 419 411 436 451 432 430 382 378 409 445 428 422 415 428 436 454 457 433 452 475 464 454 458 462 429 417 428 426 425 445 465 469 450 476 486 466 423 431 433 414 441 465 455 490 456 428 441 427 441 434 430 431 422 412 412 419 389 377 383 423 428 425 443 454 408 429 465 443 440 450 472 458 411 420 405 412 435 418 424 427 452 432 447 436 464 481 458 454 442 423 412 433 421 434 455 460 438 442 465 450 427 408 453 439 436 393 407 399 416 412 423 408 428 459 487 414 385 399 427 439 432 426 422 438 445 460 431 420 439 436 427 445 454 452 463 428 475 458 441 426 416 411 422 438 484 464 456 451 412 413 419 432 456 469 456 447 439 425 426 427 456 436 422 406 430 457 427 445 458 421 404 420 462 467 480 478 435 411 436 440 451 416 433 414 443 471 444 413 422 416 440 437 436 396 426 457 436 416 398 405 417 417 427 444 434 394 394 428 448 428 440 407 431 439 407 389 435 449 455 456 416 397 447 439 436 434 435 404 388 388 429 423 412 410 427 419 415 441 435 426 421 420 404 431 439 447 450 448 452 440 431 418 415 420 419 416 391 410 418 397 403 426 446 432 462 478 447 431 442 429 425 415 430 403 414 440 450 450 447 462 453 475 488 496 464 447 444 444 471 435 452 480 473 455 
vem trace:

stid: 341
spdistance: 695.067
radio trace:
502 486 490 541 543 542 512 484 522 528 536 517 505 493 498 473 498 494 504 508 503 513 499 553 545 544 514 476 471 507 490 491 496 503 485 460 450 456 480 492 502 523 516 494 538 516 528 492 529 521 493 471 506 498 504 513 508 522 507 531 553 553 534 552 597 573 539 501 516 540 544 570 545 543 535 518 520 501 493 497 523 510 502 514 518 482 476 462 469 475 446 516 536 508 538 553 509 507 517 528 578 591 548 503 488 492 492 451 485 471 486 485 482 487 477 534 544 511 527 496 510 457 488 509 520 489 470 462 444 486 511 474 493 494 533 511 512 487 494 485 483 551 516 503 502 499 487 503 490 493 525 520 496 488 493 527 520 511 501 530 502 507 486 483 513 498 504 520 489 512 493 454 487 520 549 519 530 553 546 547 525 544 531 536 480 496 503 491 539 524 499 487 474 501 477 518 511 509 478 513 538 550 545 494 517 508 470 474 470 523 548 542 561 493 481 524 510 515 552 550 556 503 513 513 520 514 532 517 515 490 475 472 507 494 511 502 467 450 465 481 511 564 564 517 502 488 482 472 432 463 481 450 438 475 512 494 495 511 519 488 508 515 491 505 504 530 535 521 582 541 492 449 499 490 481 491 525 490 511 519 510 497 514 520 545 538 452 455 482 456 507 499 510 520 534 543 506 491 508 502 548 563 510 491 502 511 534 499 508 475 471 496 527 541 515 526 541 511 504 477 489 502 473 460 475 523 517 510 542 507 492 504 475 485 492 504 523 499 512 491 499 512 502 495 541 553 523 511 490 533 560 559 529 476 497 508 525 508 520 523 489 488 460 499 521 496 510 503 506 495 483 497 513 457 459 463 494 474 483 450 482 484 486 478 507 533 563 547 522 508 514 518 480 500 525 502 472 492 490 510 521 523 474 485 470 496 534 509 512 504 493 527 511 519 504 502 476 477 469 505 529 495 480 462 464 463 493 509 506 505 477 484 500 557 557 480 483 462 497 472 504 496 482 520 504 504 514 506 505 488 526 525 489 521 502 507 486 498 508 507 515 543 496 474 478 503 516 483 497 488 476 478 482 449 492 511 490 479 450 445 475 497 520 508 475 473 499 491 483 499 512 503 509 486 495 462 494 501 463 447 496 524 514 541 562 487 434 477 491 524 549 545 496 502 507 537 498 465 507 501 487 508 464 488 486 522 526 480 475 440 478 535 523 513 540 476 497 483 480 542 526 507 510 534 507 479 520 520 514 499 498 508 519 513 511 509 535 514 526 500 502 504 473 496 529 560 533 550 557 547 552 557 517 513 526 497 501 506 489 539 551 504 492 531 513 518 509 462 471 493 518 535 504 485 478 498 524 497 502 511 526 512 536 542 520 507 504 456 469 488 497 478 479 512 548 558 534 561 555 502 519 518 503 485 503 509 474 471 491 498 526 534 500 499 495 479 462 470 467 472 508 527 500 509 547 509 474 516 504 510 517 477 458 449 481 493 512 499 515 510 524 524 490 494 496 479 497 490 453 440 465 455 457 497 517 509 540 565 595 537 512 513 482 469 520 489 465 488 520 531 537 548 519 506 489 489 476 486 463 495 509 516 476 491 511 523 530 486 467 475 454 480 494 525 532 559 548 553 547 532 491 474 512 543 545 473 520 495 469 486 491 515 484 487 490 515 467 475 462 482 482 480 485 466 448 512 541 537 564 540 486 505 504 517 513 534 556 496 476 524 489 487 481 472 462 496 509 504 
vem trace:

stid: 341
spdistance: 695.067
radio trace:
502 486 490 541 543 542 512 484 522 528 536 517 505 493 498 473 498 494 504 508 503 513 499 553 545 544 514 476 471 507 490 491 496 503 485 460 450 456 480 492 502 523 516 494 538 516 528 492 529 521 493 471 506 498 504 513 508 522 507 531 553 553 534 552 597 573 539 501 516 540 544 570 545 543 535 518 520 501 493 497 523 510 502 514 518 482 476 462 469 475 446 516 536 508 538 553 509 507 517 528 578 591 548 503 488 492 492 451 485 471 486 485 482 487 477 534 544 511 527 496 510 457 488 509 520 489 470 462 444 486 511 474 493 494 533 511 512 487 494 485 483 551 516 503 502 499 487 503 490 493 525 520 496 488 493 527 520 511 501 530 502 507 486 483 513 498 504 520 489 512 493 454 487 520 549 519 530 553 546 547 525 544 531 536 480 496 503 491 539 524 499 487 474 501 477 518 511 509 478 513 538 550 545 494 517 508 470 474 470 523 548 542 561 493 481 524 510 515 552 550 556 503 513 513 520 514 532 517 515 490 475 472 507 494 511 502 467 450 465 481 511 564 564 517 502 488 482 472 432 463 481 450 438 475 512 494 495 511 519 488 508 515 491 505 504 530 535 521 582 541 492 449 499 490 481 491 525 490 511 519 510 497 514 520 545 538 452 455 482 456 507 499 510 520 534 543 506 491 508 502 548 563 510 491 502 511 534 499 508 475 471 496 527 541 515 526 541 511 504 477 489 502 473 460 475 523 517 510 542 507 492 504 475 485 492 504 523 499 512 491 499 512 502 495 541 553 523 511 490 533 560 559 529 476 497 508 525 508 520 523 489 488 460 499 521 496 510 503 506 495 483 497 513 457 459 463 494 474 483 450 482 484 486 478 507 533 563 547 522 508 514 518 480 500 525 502 472 492 490 510 521 523 474 485 470 496 534 509 512 504 493 527 511 519 504 502 476 477 469 505 529 495 480 462 464 463 493 509 506 505 477 484 500 557 557 480 483 462 497 472 504 496 482 520 504 504 514 506 505 488 526 525 489 521 502 507 486 498 508 507 515 543 496 474 478 503 516 483 497 488 476 478 482 449 492 511 490 479 450 445 475 497 520 508 475 473 499 491 483 499 512 503 509 486 495 462 494 501 463 447 496 524 514 541 562 487 434 477 491 524 549 545 496 502 507 537 498 465 507 501 487 508 464 488 486 522 526 480 475 440 478 535 523 513 540 476 497 483 480 542 526 507 510 534 507 479 520 520 514 499 498 508 519 513 511 509 535 514 526 500 502 504 473 496 529 560 533 550 557 547 552 557 517 513 526 497 501 506 489 539 551 504 492 531 513 518 509 462 471 493 518 535 504 485 478 498 524 497 502 511 526 512 536 542 520 507 504 456 469 488 497 478 479 512 548 558 534 561 555 502 519 518 503 485 503 509 474 471 491 498 526 534 500 499 495 479 462 470 467 472 508 527 500 509 547 509 474 516 504 510 517 477 458 449 481 493 512 499 515 510 524 524 490 494 496 479 497 490 453 440 465 455 457 497 517 509 540 565 595 537 512 513 482 469 520 489 465 488 520 531 537 548 519 506 489 489 476 486 463 495 509 516 476 491 511 523 530 486 467 475 454 480 494 525 532 559 548 553 547 532 491 474 512 543 545 473 520 495 469 486 491 515 484 487 490 515 467 475 462 482 482 480 485 466 448 512 541 537 564 540 486 505 504 517 513 534 556 496 476 524 489 487 481 472 462 496 509 504 
vem trace:

stid: 332
spdistance: 1198.9
radio trace:
558 512 526 543 540 562 544 541 541 519 510 525 524 547 531 528 519 511 546 540 541 578 550 567 569 563 578 535 549 534 556 563 560 537 522 525 541 562 536 541 538 542 542 533 545 574 573 536 550 529 542 532 569 548 572 554 545 523 517 498 519 572 534 529 561 595 552 549 579 536 508 489 530 543 524 522 539 564 531 549 569 590 592 597 556 550 542 571 576 585 574 570 569 544 580 565 527 529 508 494 512 519 515 496 528 531 533 544 542 516 512 530 544 574 540 530 553 542 537 525 537 548 505 505 482 516 509 500 522 545 564 521 527 519 529 513 552 555 561 563 521 523 531 543 527 557 570 580 562 537 564 568 590 560 539 542 512 531 552 540 500 543 562 528 553 590 591 591 587 554 520 532 533 519 517 504 523 546 557 564 582 568 550 544 539 573 574 570 548 520 552 558 555 558 543 545 550 542 532 540 548 546 548 548 563 555 534 528 521 547 558 572 531 543 559 571 559 547 553 568 545 506 478 539 545 498 518 540 539 530 557 569 578 555 558 545 545 546 565 523 515 543 544 541 548 544 529 547 532 547 555 555 497 483 470 491 536 548 541 545 547 542 541 525 551 545 529 534 528 550 550 582 566 536 553 545 543 549 544 527 558 583 583 585 563 527 576 551 556 571 542 524 551 544 547 555 563 556 570 563 532 533 518 534 541 478 510 525 531 511 520 520 564 555 513 489 539 537 532 488 498 539 521 507 505 520 541 580 571 578 548 525 509 520 525 517 527 517 551 535 536 545 524 509 531 515 515 545 582 589 572 561 584 579 582 582 569 558 540 562 535 574 541 541 529 549 541 537 533 547 566 542 489 519 534 567 562 568 520 545 560 533 543 535 552 548 558 516 534 549 557 562 547 528 535 521 508 528 576 551 516 517 506 532 556 537 561 577 543 549 562 555 561 560 569 556 590 591 577 575 564 541 501 538 533 543 540 524 542 515 550 544 515 548 554 535 527 506 535 543 568 574 557 542 535 539 566 514 519 537 542 527 540 544 560 534 526 532 533 527 521 516 537 544 563 573 579 560 565 557 562 553 548 570 577 593 553 584 559 547 542 513 509 512 533 511 542 527 514 494 481 540 539 543 569 596 565 559 566 546 541 535 555 540 553 582 564 522 541 526 555 559 590 594 571 550 557 538 510 510 528 557 595 574 540 505 493 515 533 540 549 535 556 538 537 555 546 555 541 548 536 548 565 593 567 566 582 556 560 553 545 539 572 548 539 561 572 571 554 528 520 540 538 504 529 548 554 552 552 540 549 540 556 527 560 560 526 526 534 570 543 579 575 560 534 533 568 531 510 525 549 527 476 464 516 526 553 541 539 562 562 565 569 565 512 508 503 512 513 553 577 547 529 494 485 534 543 580 554 537 564 578 581 541 567 569 586 551 544 565 554 548 546 532 512 532 565 564 547 589 602 563 551 553 522 563 537 500 534 540 537 534 513 562 554 569 541 518 550 529 523 547 543 554 570 552 524 556 559 576 537 530 536 568 583 609 601 578 577 575 547 562 561 585 552 562 576 557 521 515 566 554 529 553 566 571 583 567 543 564 576 523 512 522 508 528 526 524 516 569 519 539 537 533 533 545 543 542 523 531 560 537 547 503 526 533 567 585 592 619 630 594 563 545 583 574 568 557 533 552 538 559 556 536 574 545 540 547 558 501 522 544 522 524 549 568 587 551 569 593 544 537 553 532 534 539 545 543 
vem trace:

