SDId: 34889342
energy: 3.11939e+17
zenith: 0.498405
azimuth: 1.1194
GPSSeconc: 1127648901
stid: 342
spdistance: 924.461
radio trace:
456 432 408 390 405 412 420 432 442 428 427 458 450 439 444 411 387 406 429 408 431 453 470 467 444 423 431 432 402 417 430 420 400 396 407 429 420 398 418 458 468 439 466 453 461 434 426 433 436 429 441 422 391 416 427 425 422 420 399 435 464 455 443 411 414 431 426 403 398 431 456 454 431 456 487 460 446 445 430 415 433 420 422 453 401 415 408 405 418 400 423 429 438 453 440 435 422 439 439 412 433 401 401 402 439 433 423 415 430 431 443 452 427 466 486 452 464 452 451 441 418 435 445 446 421 401 419 437 416 411 421 416 402 443 448 443 446 424 432 414 406 392 403 426 399 430 416 399 429 432 460 435 444 444 451 465 454 448 451 444 448 435 436 418 445 460 454 448 455 460 413 426 438 418 402 448 455 423 457 466 435 431 425 423 396 391 419 467 460 454 429 405 406 402 428 445 440 452 424 401 409 444 451 469 468 433 463 462 484 453 443 426 446 468 420 405 416 430 419 416 426 443 439 426 407 420 431 439 435 416 445 456 439 428 434 429 433 444 446 450 483 455 456 443 457 463 442 431 430 449 448 478 454 441 423 453 456 468 438 455 461 439 454 444 418 431 408 400 411 418 438 436 441 428 459 439 453 453 448 431 433 441 434 456 470 477 468 435 420 398 380 391 418 426 429 453 416 432 451 454 463 437 425 416 422 433 421 436 419 398 419 409 398 396 431 441 428 401 424 425 457 458 439 420 447 433 455 468 454 435 409 406 413 432 432 422 428 430 422 425 397 415 415 395 418 422 446 455 443 462 461 453 459 439 437 458 441 435 436 445 451 444 423 414 419 442 408 425 432 446 457 434 449 472 482 456 427 416 427 395 386 409 423 409 427 449 440 470 438 450 467 450 460 451 436 421 439 446 426 450 455 454 450 432 442 433 442 423 418 410 392 394 411 400 402 388 392 411 419 421 460 463 440 420 447 445 450 415 435 425 454 439 412 383 393 411 414 437 450 453 428 426 455 453 472 467 455 462 447 434 397 395 431 417 416 406 439 458 451 440 416 423 439 427 419 386 415 426 432 458 422 420 417 444 466 479 442 430 444 418 438 422 426 401 415 414 423 435 447 440 427 446 462 427 439 456 457 477 458 449 429 418 426 468 457 437 441 438 426 452 452 425 433 447 445 440 437 440 429 426 434 406 399 412 402 399 432 395 409 437 434 431 450 434 451 465 433 425 454 463 414 444 425 430 402 411 431 423 418 445 469 450 419 417 424 448 471 464 450 460 464 406 420 422 435 426 450 476 448 438 454 461 421 400 427 419 410 402 385 398 399 410 402 418 430 431 425 433 437 453 437 417 428 443 437 420 417 404 405 387 376 404 434 456 458 469 461 471 444 449 445 452 419 403 418 453 448 409 423 432 451 450 416 428 434 462 484 492 491 470 437 421 423 445 424 411 431 477 453 449 445 406 411 428 430 401 400 402 415 410 413 399 408 432 436 439 436 402 408 419 414 424 429 404 404 420 437 448 436 454 442 424 422 421 459 475 442 445 433 453 448 444 458 443 431 444 446 423 429 430 432 398 410 418 413 438 467 467 452 437 440 445 438 416 402 408 444 453 450 431 446 449 433 408 412 418 393 402 417 444 455 440 413 387 389 422 476 449 431 398 413 440 432 437 451 426 435 407 422 412 428 400 429 436 439 425 467 474 438 405 410 440 444 424 442 448 424 445 448 466 440 428 434 422 468 431 431 422 
vem trace:

stid: 333
spdistance: 1239.63
radio trace:
393 420 434 435 415 412 418 420 452 453 432 424 408 439 436 436 443 431 428 448 451 414 356 365 385 400 423 427 429 418 434 423 418 423 442 463 436 431 472 452 432 428 465 483 446 458 424 449 472 456 450 455 466 440 453 478 472 437 430 417 452 444 417 394 422 406 397 423 422 438 430 420 425 449 426 423 397 410 433 409 443 455 461 434 429 446 464 447 402 448 437 381 407 425 423 421 457 477 424 408 389 429 440 412 414 375 371 376 411 450 463 433 440 452 417 439 438 446 425 431 436 464 411 415 417 393 445 465 448 447 434 467 472 459 417 396 406 415 411 406 435 454 478 460 420 451 489 449 448 442 459 479 452 455 462 467 452 464 439 440 438 443 440 456 457 453 482 448 425 440 478 433 431 451 473 449 445 439 416 453 445 452 460 429 430 442 446 427 412 413 404 406 455 442 427 434 420 465 457 427 406 395 424 429 442 441 455 466 464 461 453 458 441 415 430 455 457 433 415 428 426 410 404 412 441 431 419 383 380 369 403 418 406 446 448 471 457 463 421 414 415 441 436 474 467 452 451 395 414 442 436 447 460 443 455 467 446 449 443 449 431 410 421 419 437 444 457 461 406 408 421 446 439 429 454 482 450 449 427 417 402 415 405 439 443 460 453 433 443 442 453 460 441 427 420 421 406 426 439 439 433 432 420 428 444 434 436 420 448 431 437 427 454 429 411 435 423 437 411 437 445 471 480 441 462 466 450 455 450 465 435 446 449 457 465 436 405 392 397 398 416 455 470 453 419 431 414 432 417 399 417 409 397 421 420 420 424 462 477 474 459 460 470 459 483 479 478 454 451 472 441 476 484 482 464 427 435 424 406 394 423 410 418 442 472 453 472 446 429 419 424 430 400 406 410 382 385 382 434 436 442 444 465 433 427 415 409 395 420 406 415 434 440 403 383 413 438 438 437 434 422 460 451 439 449 456 427 477 483 472 441 441 440 432 426 436 445 443 485 466 460 422 393 395 406 413 436 461 472 472 462 406 411 467 441 442 388 342 380 396 431 407 410 416 409 437 441 418 444 483 486 481 438 426 447 465 465 452 437 437 393 431 455 483 456 429 390 415 440 432 407 405 391 417 434 407 440 449 435 447 438 414 417 384 422 460 456 459 442 412 396 421 448 440 435 456 425 421 442 455 469 467 458 472 447 438 473 471 479 465 464 455 451 443 474 442 416 388 374 414 409 424 439 452 464 472 451 409 419 416 458 437 447 447 443 433 427 423 421 409 419 452 451 436 441 462 427 432 427 413 414 461 469 482 460 441 452 453 447 407 416 419 429 403 385 365 385 424 448 420 408 427 454 445 470 464 436 424 453 481 474 450 486 445 437 439 435 437 460 429 435 441 405 398 432 452 452 432 445 463 478 453 446 419 437 456 427 455 441 448 446 441 425 416 432 420 428 453 441 449 487 486 445 458 435 429 420 434 425 415 456 460 452 429 418 400 409 427 408 411 439 436 455 467 477 483 485 491 437 430 416 452 450 411 392 416 467 467 452 447 424 423 413 416 472 438 433 464 451 475 485 470 465 454 428 456 448 418 400 432 421 459 415 415 436 417 406 377 393 422 441 439 457 463 435 439 440 417 451 423 431 451 421 394 440 436 449 433 431 488 484 469 457 443 423 456 400 408 408 429 428 429 392 419 441 461 447 444 440 430 436 436 420 395 387 420 403 403 422 429 459 473 465 461 448 438 444 423 
vem trace:

