SDId: 34634732
energy: 1.32053e+17
zenith: 0.761862
azimuth: 3.18789
GPSSeconc: 1126157402
stid: 341
spdistance: 366.665
radio trace:
485 457 451 484 464 462 476 461 498 515 518 508 459 508 445 432 454 488 470 505 479 505 512 527 529 550 529 497 498 468 457 447 464 494 487 470 462 461 431 453 469 490 518 521 494 517 513 507 488 480 457 504 525 506 484 483 463 494 523 504 526 527 477 474 509 519 535 536 520 515 507 486 517 519 535 496 505 522 490 460 480 523 504 467 476 488 481 489 484 478 477 478 441 486 491 453 462 489 498 481 470 452 492 466 461 496 474 508 522 489 478 473 505 493 516 468 471 457 441 431 433 458 478 468 514 530 507 468 468 461 503 461 451 417 362 408 407 428 461 456 438 450 485 472 472 474 480 489 501 503 515 505 508 525 545 522 531 502 503 520 519 516 550 523 499 500 485 487 473 519 508 466 476 511 502 500 489 476 468 459 471 497 530 527 520 534 491 472 454 445 492 474 455 437 437 470 506 553 547 521 503 488 474 470 474 505 467 482 511 511 452 430 442 498 514 485 442 453 455 491 490 458 467 472 503 464 482 474 497 496 457 483 528 532 523 541 524 525 513 498 500 493 474 487 496 512 528 506 497 492 483 487 456 468 509 551 535 522 517 526 497 469 481 514 524 517 459 473 471 479 518 508 485 484 516 518 509 495 468 483 496 456 471 457 479 488 468 490 475 478 501 467 475 482 502 539 503 468 464 477 486 463 486 472 466 460 450 462 486 533 513 503 508 525 517 533 548 527 493 486 488 475 466 503 508 502 490 509 539 526 496 481 499 500 495 510 497 461 480 506 491 501 468 480 492 516 480 494 472 497 484 471 445 464 505 494 470 484 474 451 477 456 470 458 470 477 475 478 483 484 502 488 465 474 503 503 529 503 467 461 492 468 528 561 524 476 476 505 507 513 513 505 478 481 522 554 534 511 534 512 480 455 471 463 428 476 482 463 462 463 479 491 476 498 469 479 477 482 478 510 510 543 541 530 512 474 445 438 478 481 521 557 524 499 483 495 459 452 448 471 482 480 481 497 504 555 512 495 489 452 495 499 514 511 523 530 520 523 502 488 453 481 496 413 473 475 503 488 468 437 417 443 429 444 444 444 484 491 507 527 480 468 495 506 488 472 512 500 465 489 463 482 458 440 447 478 502 502 472 492 505 464 433 443 449 443 446 490 504 464 495 482 467 451 450 483 531 511 515 496 465 520 496 437 450 448 473 489 485 502 513 516 477 462 461 491 517 476 478 492 455 471 481 461 488 522 540 485 464 462 489 492 487 498 509 502 501 446 420 446 472 465 452 455 503 532 537 528 522 499 487 502 461 504 519 498 490 500 483 478 460 486 468 492 485 476 492 484 520 478 471 513 525 524 531 513 490 500 487 500 495 493 457 474 468 465 465 472 437 478 508 506 505 513 510 510 503 529 529 516 486 498 492 455 454 446 446 472 505 507 525 499 477 499 521 532 547 520 443 473 467 450 467 487 492 495 511 498 481 480 474 476 497 444 420 465 446 456 504 464 444 435 423 440 455 440 444 486 467 460 510 496 526 514 507 514 472 482 501 502 472 473 465 480 431 489 526 520 533 516 467 473 500 444 432 469 486 506 507 504 494 512 511 475 502 459 460 484 508 510 486 487 466 490 493 473 484 472 505 480 483 490 460 461 463 454 457 431 448 472 487 453 487 513 493 472 455 492 503 486 504 488 476 479 521 489 472 483 481 453 517 505 486 462 477 473 483 467 458 454 456 491 498 499 515 500 499 462 
vem trace:

stid: 341
spdistance: 366.665
radio trace:
485 457 451 484 464 462 476 461 498 515 518 508 459 508 445 432 454 488 470 505 479 505 512 527 529 550 529 497 498 468 457 447 464 494 487 470 462 461 431 453 469 490 518 521 494 517 513 507 488 480 457 504 525 506 484 483 463 494 523 504 526 527 477 474 509 519 535 536 520 515 507 486 517 519 535 496 505 522 490 460 480 523 504 467 476 488 481 489 484 478 477 478 441 486 491 453 462 489 498 481 470 452 492 466 461 496 474 508 522 489 478 473 505 493 516 468 471 457 441 431 433 458 478 468 514 530 507 468 468 461 503 461 451 417 362 408 407 428 461 456 438 450 485 472 472 474 480 489 501 503 515 505 508 525 545 522 531 502 503 520 519 516 550 523 499 500 485 487 473 519 508 466 476 511 502 500 489 476 468 459 471 497 530 527 520 534 491 472 454 445 492 474 455 437 437 470 506 553 547 521 503 488 474 470 474 505 467 482 511 511 452 430 442 498 514 485 442 453 455 491 490 458 467 472 503 464 482 474 497 496 457 483 528 532 523 541 524 525 513 498 500 493 474 487 496 512 528 506 497 492 483 487 456 468 509 551 535 522 517 526 497 469 481 514 524 517 459 473 471 479 518 508 485 484 516 518 509 495 468 483 496 456 471 457 479 488 468 490 475 478 501 467 475 482 502 539 503 468 464 477 486 463 486 472 466 460 450 462 486 533 513 503 508 525 517 533 548 527 493 486 488 475 466 503 508 502 490 509 539 526 496 481 499 500 495 510 497 461 480 506 491 501 468 480 492 516 480 494 472 497 484 471 445 464 505 494 470 484 474 451 477 456 470 458 470 477 475 478 483 484 502 488 465 474 503 503 529 503 467 461 492 468 528 561 524 476 476 505 507 513 513 505 478 481 522 554 534 511 534 512 480 455 471 463 428 476 482 463 462 463 479 491 476 498 469 479 477 482 478 510 510 543 541 530 512 474 445 438 478 481 521 557 524 499 483 495 459 452 448 471 482 480 481 497 504 555 512 495 489 452 495 499 514 511 523 530 520 523 502 488 453 481 496 413 473 475 503 488 468 437 417 443 429 444 444 444 484 491 507 527 480 468 495 506 488 472 512 500 465 489 463 482 458 440 447 478 502 502 472 492 505 464 433 443 449 443 446 490 504 464 495 482 467 451 450 483 531 511 515 496 465 520 496 437 450 448 473 489 485 502 513 516 477 462 461 491 517 476 478 492 455 471 481 461 488 522 540 485 464 462 489 492 487 498 509 502 501 446 420 446 472 465 452 455 503 532 537 528 522 499 487 502 461 504 519 498 490 500 483 478 460 486 468 492 485 476 492 484 520 478 471 513 525 524 531 513 490 500 487 500 495 493 457 474 468 465 465 472 437 478 508 506 505 513 510 510 503 529 529 516 486 498 492 455 454 446 446 472 505 507 525 499 477 499 521 532 547 520 443 473 467 450 467 487 492 495 511 498 481 480 474 476 497 444 420 465 446 456 504 464 444 435 423 440 455 440 444 486 467 460 510 496 526 514 507 514 472 482 501 502 472 473 465 480 431 489 526 520 533 516 467 473 500 444 432 469 486 506 507 504 494 512 511 475 502 459 460 484 508 510 486 487 466 490 493 473 484 472 505 480 483 490 460 461 463 454 457 431 448 472 487 453 487 513 493 472 455 492 503 486 504 488 476 479 521 489 472 483 481 453 517 505 486 462 477 473 483 467 458 454 456 491 498 499 515 500 499 462 
vem trace:

stid: 342
spdistance: 918.145
radio trace:
404 418 418 415 411 368 339 383 402 375 382 415 415 401 396 405 412 421 427 430 414 407 388 382 367 369 390 392 401 358 382 403 430 400 377 368 351 408 406 389 367 362 414 444 444 400 392 393 396 401 413 375 377 407 409 413 408 378 378 364 357 358 374 383 378 372 378 371 399 405 385 400 409 384 392 397 392 374 370 375 387 354 333 373 393 398 392 429 424 413 426 436 422 447 441 443 413 404 409 375 378 402 392 386 392 394 377 379 401 415 410 403 392 363 377 380 393 409 419 413 419 410 396 389 388 384 391 406 392 399 428 421 435 446 425 424 390 356 398 406 382 397 392 402 411 398 401 409 413 432 428 402 405 411 369 370 382 392 389 418 409 398 414 432 423 404 395 396 359 352 366 366 403 417 412 427 419 396 379 400 415 409 415 420 403 433 438 404 409 391 380 388 376 395 418 374 382 391 378 398 414 405 399 408 391 389 402 403 406 382 412 418 416 411 406 410 392 379 405 419 421 385 393 389 393 404 410 422 432 440 427 382 374 399 428 421 410 383 378 366 409 412 395 402 403 393 359 383 378 375 400 420 412 423 409 411 385 390 390 361 388 405 430 432 421 423 420 414 422 425 411 396 419 417 416 439 411 438 413 406 420 419 399 399 402 403 395 412 403 398 382 375 376 389 402 415 419 402 412 438 420 379 373 399 401 389 376 378 379 374 378 402 402 402 406 399 395 385 400 397 415 433 431 420 423 395 402 389 401 390 394 388 367 404 407 416 427 426 407 402 431 413 425 442 446 416 414 395 401 403 396 419 406 387 361 376 408 425 423 398 388 395 351 352 382 397 394 425 403 396 406 383 419 412 436 435 392 404 394 410 421 429 382 381 379 404 431 428 408 414 407 375 407 400 404 392 389 383 389 379 364 382 385 403 406 406 401 384 416 412 378 392 393 379 401 394 400 422 435 425 420 419 416 411 430 419 439 404 374 380 383 394 426 419 410 416 394 403 383 372 381 406 385 396 392 390 422 434 437 405 390 356 399 385 374 372 393 376 373 391 387 392 400 396 385 348 347 331 381 404 413 390 388 383 389 414 442 414 414 440 421 406 391 373 388 393 392 395 385 396 376 377 373 379 377 399 407 404 380 400 382 406 432 417 407 370 392 399 404 397 398 406 380 385 390 390 406 404 403 399 401 412 445 448 442 393 408 390 406 396 403 427 416 414 407 372 392 392 400 375 359 366 411 428 404 405 407 414 440 410 402 415 413 405 421 415 383 405 413 407 404 396 396 404 376 366 389 408 384 404 417 434 423 406 393 398 395 390 410 401 387 384 388 397 433 429 399 414 424 398 398 397 405 398 399 413 377 385 401 430 421 417 433 414 375 391 384 384 389 404 387 386 397 397 363 375 394 418 413 411 415 423 383 395 389 399 406 392 409 416 388 367 392 397 420 419 419 420 394 396 390 367 380 388 391 414 418 387 405 427 376 374 397 388 399 404 377 384 396 407 413 399 393 384 407 420 427 427 410 414 420 394 431 420 412 390 384 390 381 381 415 417 409 394 384 397 367 383 404 393 399 390 397 398 425 422 415 423 401 407 402 411 397 393 400 401 419 399 400 410 404 386 399 405 408 408 399 385 398 391 379 399 409 412 402 393 371 373 399 432 413 360 355 378 394 413 405 374 388 368 354 394 376 414 405 420 399 411 429 392 416 421 376 359 361 381 387 409 395 417 411 391 358 365 359 387 389 403 
vem trace:

stid: 343
spdistance: 1046.59
radio trace:
439 465 468 451 473 488 454 453 462 440 467 417 445 467 452 468 450 445 441 420 407 441 441 484 452 421 426 440 437 451 468 473 459 458 445 451 448 455 434 430 421 436 404 430 462 442 451 420 431 436 448 438 432 429 458 412 445 442 442 451 432 460 446 447 457 441 430 445 441 468 453 462 463 472 501 458 430 444 442 439 454 429 451 451 419 408 419 429 431 430 428 457 484 460 422 424 452 458 460 467 467 423 424 440 470 449 434 451 416 410 398 414 428 444 454 474 468 465 479 481 451 435 441 421 469 489 469 424 430 462 459 456 449 426 442 451 461 443 447 435 420 458 456 411 410 437 432 466 454 439 425 442 458 469 444 456 458 445 428 419 435 421 426 432 453 453 449 454 451 453 453 428 424 409 430 439 463 432 418 394 420 425 454 426 430 434 420 430 423 427 430 431 407 431 464 460 463 423 453 446 435 461 437 453 469 442 458 425 428 451 408 404 430 446 440 446 419 419 427 429 434 436 441 450 421 443 446 441 424 452 479 438 420 427 435 466 441 442 453 464 446 477 475 475 453 416 406 445 455 435 408 415 425 432 455 454 481 472 465 428 430 426 420 401 412 402 435 444 440 440 450 447 453 462 462 466 454 452 452 425 430 444 436 451 441 448 451 456 400 413 390 405 392 381 390 435 463 458 452 416 419 420 457 472 454 451 448 479 472 450 451 436 446 455 452 463 432 422 429 468 468 450 423 419 438 474 470 426 435 443 433 441 450 446 424 383 376 418 435 428 446 427 461 442 467 469 472 472 476 437 457 466 474 474 452 405 438 431 449 434 452 429 431 440 450 477 489 448 393 397 433 427 422 422 439 420 438 424 417 421 442 434 419 423 418 409 428 442 453 448 452 445 462 450 422 423 428 411 415 411 458 448 431 420 407 443 443 431 448 426 405 402 400 425 463 447 437 416 449 447 434 430 446 435 433 444 444 464 462 447 438 432 426 428 420 466 441 441 446 474 470 419 413 450 443 430 469 468 451 423 426 419 387 395 431 395 429 458 476 465 445 434 455 473 436 458 463 459 432 428 412 445 418 410 422 470 422 406 417 410 427 395 450 435 423 438 446 442 441 465 461 429 419 433 410 375 411 432 422 419 442 424 437 419 445 414 436 426 465 463 444 425 454 463 458 448 427 440 440 436 433 451 478 467 469 472 446 419 449 455 443 419 443 460 473 412 435 469 464 455 450 473 449 433 425 430 443 446 468 501 491 467 448 428 436 449 447 418 452 460 446 458 431 423 436 427 457 460 431 445 456 449 439 436 450 409 411 434 479 462 437 440 432 438 445 469 460 459 453 444 438 418 398 428 457 460 474 471 465 456 438 465 438 448 457 413 430 462 472 448 432 442 451 469 440 454 452 457 437 457 474 456 448 441 420 430 459 457 456 420 439 452 467 472 423 418 435 425 444 459 482 478 505 495 481 492 435 426 425 433 443 449 441 434 435 436 451 441 443 469 489 459 473 468 460 448 440 473 482 451 432 439 459 439 446 430 425 463 461 451 438 420 401 429 427 440 414 427 452 439 454 418 428 431 417 421 413 418 416 425 443 448 426 440 459 441 446 415 400 428 436 468 480 451 437 447 453 449 431 443 433 439 452 450 434 452 454 414 431 425 444 454 456 459 469 467 430 415 431 440 412 402 409 442 451 439 454 421 433 452 436 433 446 433 460 445 428 418 426 441 461 456 425 420 410 434 443 456 
vem trace:

