SDId: 34824306
energy: 1.23232e+18
zenith: 0.599249
azimuth: 0.449372
GPSSeconc: 1127236417
stid: 341
spdistance: 1367.88
radio trace:
540 554 533 510 497 512 516 529 495 493 501 547 535 513 492 509 514 552 549 561 519 472 471 499 520 528 536 556 557 513 490 498 509 542 552 525 550 552 554 512 485 508 545 523 533 520 508 502 497 497 501 488 512 558 544 484 545 571 587 604 535 533 549 552 524 515 510 506 500 520 546 565 519 529 555 574 567 517 504 527 516 493 494 487 557 558 568 629 608 592 544 497 478 496 517 534 535 547 553 534 537 575 559 503 503 536 585 570 580 529 533 571 533 579 533 562 532 513 502 532 482 469 472 466 528 536 542 523 555 559 520 486 507 529 545 573 561 559 531 540 495 472 437 467 498 489 550 562 568 578 545 538 532 487 514 512 521 516 548 557 540 553 519 514 536 543 513 515 495 475 535 558 565 515 520 539 531 510 524 522 522 559 545 608 587 533 554 560 530 504 474 455 457 483 518 504 559 552 517 505 510 507 580 555 559 528 537 537 534 532 514 479 509 506 531 505 503 530 555 523 552 538 534 534 550 540 526 516 514 529 530 493 504 491 533 579 606 604 569 546 536 498 511 510 496 525 524 521 514 539 562 580 564 568 547 548 552 503 526 536 505 536 519 529 550 531 555 548 535 505 498 464 468 450 464 469 484 529 571 556 534 496 486 520 525 570 560 543 544 551 551 526 539 518 556 564 569 569 520 514 535 512 517 529 550 572 558 537 517 525 470 491 515 513 511 550 537 574 565 517 513 525 542 497 480 537 552 536 518 527 520 576 544 523 532 534 561 567 546 505 521 511 500 505 478 485 486 493 484 481 517 564 564 519 518 534 542 575 587 576 564 532 512 509 470 487 534 569 584 572 591 574 548 527 542 518 492 490 497 525 502 545 578 534 546 482 496 491 491 528 533 525 535 535 537 560 571 567 539 523 566 571 542 546 556 609 587 530 538 512 486 472 506 525 521 546 543 561 552 524 534 536 520 516 558 539 540 551 510 505 499 549 569 500 459 513 496 516 523 523 568 529 528 534 537 562 569 529 545 563 565 565 560 577 556 531 520 512 494 550 546 556 592 562 502 501 531 539 552 572 555 579 556 531 550 548 551 553 580 575 542 498 452 471 496 532 563 535 526 561 568 538 539 509 528 522 555 573 560 542 517 522 546 555 534 498 504 482 493 524 538 515 517 532 517 519 537 549 520 492 523 558 583 576 546 506 520 536 531 546 546 540 561 570 553 520 547 532 546 544 515 481 464 491 489 558 583 532 509 548 586 594 579 572 558 562 537 492 503 534 549 554 509 523 539 539 513 544 515 529 532 533 538 541 531 520 539 541 550 571 583 549 565 560 538 495 479 527 551 541 508 542 551 483 463 506 514 521 552 565 560 579 571 561 535 540 532 572 543 552 527 502 513 516 578 593 570 533 549 576 542 524 534 535 541 534 545 533 511 484 524 544 567 555 568 540 514 530 502 495 521 539 478 473 530 546 550 553 549 538 489 571 566 562 529 512 507 485 522 498 511 525 501 488 512 518 524 510 501 543 554 561 516 507 546 565 543 535 530 509 554 518 556 552 569 547 543 547 583 575 559 520 482 483 511 507 474 531 529 514 517 563 539 541 519 546 534 548 591 598 583 570 561 545 582 575 527 519 486 475 464 494 532 560 567 508 521 516 541 522 513 481 491 490 501 529 558 522 548 541 534 529 535 570 543 509 502 527 521 504 491 490 529 513 518 549 534 529 552 554 544 518 542 566 557 558 533 576 
vem trace:

stid: 341
spdistance: 1367.88
radio trace:
540 554 533 510 497 512 516 529 495 493 501 547 535 513 492 509 514 552 549 561 519 472 471 499 520 528 536 556 557 513 490 498 509 542 552 525 550 552 554 512 485 508 545 523 533 520 508 502 497 497 501 488 512 558 544 484 545 571 587 604 535 533 549 552 524 515 510 506 500 520 546 565 519 529 555 574 567 517 504 527 516 493 494 487 557 558 568 629 608 592 544 497 478 496 517 534 535 547 553 534 537 575 559 503 503 536 585 570 580 529 533 571 533 579 533 562 532 513 502 532 482 469 472 466 528 536 542 523 555 559 520 486 507 529 545 573 561 559 531 540 495 472 437 467 498 489 550 562 568 578 545 538 532 487 514 512 521 516 548 557 540 553 519 514 536 543 513 515 495 475 535 558 565 515 520 539 531 510 524 522 522 559 545 608 587 533 554 560 530 504 474 455 457 483 518 504 559 552 517 505 510 507 580 555 559 528 537 537 534 532 514 479 509 506 531 505 503 530 555 523 552 538 534 534 550 540 526 516 514 529 530 493 504 491 533 579 606 604 569 546 536 498 511 510 496 525 524 521 514 539 562 580 564 568 547 548 552 503 526 536 505 536 519 529 550 531 555 548 535 505 498 464 468 450 464 469 484 529 571 556 534 496 486 520 525 570 560 543 544 551 551 526 539 518 556 564 569 569 520 514 535 512 517 529 550 572 558 537 517 525 470 491 515 513 511 550 537 574 565 517 513 525 542 497 480 537 552 536 518 527 520 576 544 523 532 534 561 567 546 505 521 511 500 505 478 485 486 493 484 481 517 564 564 519 518 534 542 575 587 576 564 532 512 509 470 487 534 569 584 572 591 574 548 527 542 518 492 490 497 525 502 545 578 534 546 482 496 491 491 528 533 525 535 535 537 560 571 567 539 523 566 571 542 546 556 609 587 530 538 512 486 472 506 525 521 546 543 561 552 524 534 536 520 516 558 539 540 551 510 505 499 549 569 500 459 513 496 516 523 523 568 529 528 534 537 562 569 529 545 563 565 565 560 577 556 531 520 512 494 550 546 556 592 562 502 501 531 539 552 572 555 579 556 531 550 548 551 553 580 575 542 498 452 471 496 532 563 535 526 561 568 538 539 509 528 522 555 573 560 542 517 522 546 555 534 498 504 482 493 524 538 515 517 532 517 519 537 549 520 492 523 558 583 576 546 506 520 536 531 546 546 540 561 570 553 520 547 532 546 544 515 481 464 491 489 558 583 532 509 548 586 594 579 572 558 562 537 492 503 534 549 554 509 523 539 539 513 544 515 529 532 533 538 541 531 520 539 541 550 571 583 549 565 560 538 495 479 527 551 541 508 542 551 483 463 506 514 521 552 565 560 579 571 561 535 540 532 572 543 552 527 502 513 516 578 593 570 533 549 576 542 524 534 535 541 534 545 533 511 484 524 544 567 555 568 540 514 530 502 495 521 539 478 473 530 546 550 553 549 538 489 571 566 562 529 512 507 485 522 498 511 525 501 488 512 518 524 510 501 543 554 561 516 507 546 565 543 535 530 509 554 518 556 552 569 547 543 547 583 575 559 520 482 483 511 507 474 531 529 514 517 563 539 541 519 546 534 548 591 598 583 570 561 545 582 575 527 519 486 475 464 494 532 560 567 508 521 516 541 522 513 481 491 490 501 529 558 522 548 541 534 529 535 570 543 509 502 527 521 504 491 490 529 513 518 549 534 529 552 554 544 518 542 566 557 558 533 576 
vem trace:

