SDId: 34610338
energy: 8.56553e+17
zenith: 0.778702
azimuth: 5.85831
GPSSeconc: 1126042142
stid: 333
spdistance: 76.7429
radio trace:
454 449 441 414 425 429 472 502 469 444 457 470 461 471 497 496 481 477 433 486 492 490 481 451 396 420 439 439 419 427 435 451 424 432 439 457 463 478 478 488 475 448 445 481 448 418 386 409 418 439 430 438 465 431 440 439 464 466 470 466 433 412 443 475 477 503 509 472 486 487 477 469 476 482 471 446 444 445 459 474 420 431 449 448 465 458 421 429 457 466 412 414 415 467 475 502 507 471 456 515 502 462 450 428 421 426 437 446 469 455 460 463 436 428 418 408 438 478 477 474 455 468 470 479 487 490 483 478 453 411 401 443 451 479 482 449 441 423 461 474 474 469 438 478 439 443 471 411 398 433 454 466 459 447 467 436 401 439 479 474 443 444 437 437 434 475 434 427 465 480 474 493 505 506 520 502 499 475 497 512 468 435 463 475 471 446 471 506 494 493 488 467 455 460 465 454 452 449 466 493 496 463 482 482 482 463 455 462 456 425 423 429 437 480 445 456 452 471 476 469 466 459 462 478 481 491 476 463 462 493 469 483 482 476 464 416 435 474 433 437 468 483 469 457 462 467 481 473 474 471 484 503 495 524 496 471 428 462 493 497 473 440 477 476 503 501 511 525 489 476 460 435 490 485 485 472 472 457 442 456 460 447 426 438 437 430 453 481 480 474 480 501 467 437 449 463 438 443 435 412 438 438 470 482 437 416 406 419 435 441 455 466 478 468 500 508 513 533 524 502 541 486 430 441 458 439 438 427 395 392 411 451 471 479 463 471 483 451 470 463 487 453 495 492 476 504 456 416 425 430 452 476 450 452 457 475 480 460 473 469 476 430 473 486 510 538 500 481 491 443 479 497 457 499 496 462 442 471 445 450 454 479 508 509 491 470 448 438 451 507 524 463 478 453 476 477 448 451 448 473 488 508 480 459 484 454 453 446 442 467 460 452 440 433 428 422 462 503 498 491 502 515 461 423 447 466 526 482 429 452 452 447 462 459 496 493 473 482 453 450 437 452 416 433 460 459 452 454 438 451 456 446 460 470 471 479 473 427 451 434 442 471 470 449 431 447 463 467 453 401 446 481 483 481 474 497 470 466 473 468 460 430 432 437 435 434 476 443 427 438 451 452 451 439 433 448 454 483 444 452 457 441 446 463 446 450 456 447 488 477 469 472 461 434 436 478 519 455 457 453 466 457 464 469 466 472 467 452 420 447 457 470 458 451 456 463 484 477 444 489 506 495 480 453 430 420 418 465 471 478 481 473 489 469 445 462 470 478 490 490 501 480 484 476 512 478 445 441 461 454 473 474 470 472 482 501 476 475 453 438 478 498 457 458 462 475 474 475 508 489 456 447 435 457 489 471 445 444 464 473 460 479 456 464 475 458 439 445 479 482 476 468 463 444 470 491 491 452 441 436 450 470 464 475 475 465 494 470 474 476 455 467 488 453 459 475 519 489 464 442 444 445 453 486 504 455 445 474 499 463 487 467 462 491 473 436 474 462 448 484 461 444 444 458 484 437 454 492 462 466 444 449 442 450 471 467 443 480 481 509 457 484 484 486 472 453 475 485 475 474 437 471 499 520 479 462 475 441 428 433 448 500 505 474 479 452 467 460 479 455 471 471 448 442 458 462 460 455 458 470 469 483 461 445 457 510 505 494 504 490 498 453 453 446 466 448 410 445 471 474 453 447 456 499 506 472 448 448 473 485 479 467 469 478 458 454 480 536 524 510 487 503 502 504 510 484 452 444 
vem trace:

stid: 332
spdistance: 1173.54
radio trace:
576 561 568 564 544 538 542 565 549 514 511 497 502 509 565 550 538 538 533 518 507 535 549 541 539 541 542 577 583 560 624 614 563 538 545 571 580 580 544 506 529 531 515 524 527 514 502 500 539 563 551 514 522 522 509 553 545 523 541 524 530 517 509 525 542 563 542 532 530 521 514 517 536 541 573 584 586 570 572 542 528 501 496 517 556 555 512 564 532 541 521 536 552 585 590 557 545 571 532 541 542 549 531 517 543 578 552 551 537 541 555 506 512 544 525 531 532 526 541 556 542 565 590 558 581 574 568 566 545 535 539 525 500 470 486 525 523 519 530 529 529 549 516 517 549 529 472 489 500 535 522 547 546 546 519 534 542 547 535 535 560 549 562 549 549 580 547 526 533 509 531 541 556 525 516 556 547 540 519 536 535 532 527 507 535 552 545 534 563 536 534 533 516 514 519 533 508 528 552 569 545 517 513 517 563 567 584 590 566 552 575 578 591 551 522 536 499 503 573 586 557 522 542 539 530 553 544 541 559 571 582 573 516 542 576 559 567 521 541 523 551 542 558 557 548 553 537 563 565 544 531 571 583 556 515 507 537 552 529 568 542 518 541 514 497 522 514 522 519 512 539 555 549 540 512 523 508 494 534 518 490 524 507 530 533 548 506 504 548 576 546 526 557 538 519 543 527 532 536 534 531 549 555 573 590 604 576 559 543 529 520 495 497 493 499 530 505 470 491 525 563 536 537 531 540 565 566 579 521 518 517 532 532 526 530 512 523 528 527 508 531 550 520 536 577 594 563 537 527 554 559 578 552 522 547 565 550 571 538 533 562 586 592 559 532 567 535 537 541 512 548 562 543 510 522 501 522 515 500 502 520 512 532 548 528 523 514 511 515 549 555 578 527 517 541 534 543 530 519 560 542 494 483 521 535 548 504 537 506 547 606 597 544 518 495 485 517 524 519 541 526 547 556 571 564 552 543 542 530 539 520 520 557 534 545 556 529 558 543 568 586 569 556 570 546 561 544 503 501 509 520 537 561 553 592 576 542 550 545 535 531 517 523 532 538 509 538 549 555 541 573 559 558 580 595 592 549 557 558 520 511 541 507 537 543 569 549 532 537 523 526 509 536 528 530 524 569 570 520 497 488 518 529 560 537 526 538 522 549 532 519 513 521 537 577 535 523 542 533 525 505 543 557 538 542 520 517 531 534 582 547 529 538 517 510 536 541 549 569 521 522 569 529 510 489 501 522 524 529 530 549 553 587 573 560 535 545 560 524 516 541 553 531 542 564 545 520 521 544 532 539 563 547 511 515 558 558 525 549 537 518 526 549 545 564 568 548 546 566 552 584 555 557 579 581 568 561 557 553 569 588 533 550 524 564 570 555 558 587 541 535 557 546 554 549 546 533 527 501 518 575 574 528 525 537 545 571 568 570 573 591 573 544 523 541 558 539 519 524 539 549 548 531 571 541 527 571 560 560 564 537 530 536 533 537 530 517 515 557 566 578 575 569 549 569 564 559 528 501 536 552 529 542 553 551 535 525 506 556 548 536 541 533 527 552 570 579 566 545 508 518 520 499 523 540 534 524 528 518 499 519 547 543 578 577 536 542 572 545 515 483 529 543 549 571 546 527 530 527 533 531 534 534 522 536 524 560 526 505 507 538 549 521 488 480 518 517 552 556 554 551 519 530 564 550 564 593 579 525 517 546 563 582 604 553 558 544 548 524 524 546 530 542 522 513 517 539 566 
vem trace:

