SDId: 34504777
energy: 2.18507e+18
zenith: 1.02692
azimuth: 3.23985
GPSSeconc: 1125285539
stid: 332
spdistance: 897.942
radio trace:
550 546 527 498 505 512 516 518 538 557 559 544 509 550 558 535 544 531 520 480 509 504 531 509 514 559 572 564 550 525 543 530 519 523 529 527 513 526 517 522 522 504 493 499 529 527 531 518 494 560 591 575 538 521 533 538 564 566 513 526 502 519 571 540 504 515 545 532 548 582 576 562 525 542 554 551 524 516 526 508 502 526 557 557 528 513 502 509 539 539 544 549 515 526 531 534 518 530 515 498 507 507 530 529 521 521 483 496 541 560 559 535 484 507 552 521 558 584 538 554 554 551 544 510 473 538 542 525 527 503 551 528 513 512 507 508 521 531 519 535 529 524 522 492 493 495 502 501 529 533 546 547 540 530 533 535 549 524 484 482 532 551 512 514 501 514 506 524 509 507 535 549 540 526 539 504 516 533 542 560 540 570 545 572 591 594 578 541 536 536 520 511 512 495 501 540 558 548 531 536 565 538 547 554 542 566 549 527 513 545 564 548 565 560 548 520 529 522 519 492 486 514 485 471 476 479 509 494 489 468 545 540 548 560 570 536 530 506 515 507 515 524 521 519 497 495 508 522 534 532 523 494 540 511 509 528 568 569 581 546 520 533 538 553 544 573 530 499 536 513 542 555 560 527 530 505 483 517 510 517 544 546 531 531 539 542 514 520 529 559 539 541 575 563 572 546 554 564 519 550 544 522 532 521 508 492 456 489 518 520 511 514 540 561 543 528 553 563 538 537 517 512 568 561 538 504 501 515 539 511 484 476 512 567 551 545 563 515 524 518 526 527 517 540 520 502 528 557 522 500 577 558 547 551 534 509 475 503 551 565 507 497 533 516 508 512 546 518 537 540 525 483 507 523 536 546 516 496 456 478 484 508 527 527 533 531 534 513 512 527 531 527 505 485 492 563 533 530 523 491 503 500 461 463 514 552 542 553 535 479 533 511 550 533 520 506 505 512 511 506 498 531 528 527 530 529 526 504 494 520 552 525 527 531 528 499 520 553 560 545 522 512 541 534 521 534 485 499 530 525 533 527 540 548 536 541 545 558 516 521 533 549 553 547 563 568 553 557 541 535 509 503 521 523 497 511 510 518 509 544 541 541 526 541 503 523 502 551 530 531 541 545 538 532 518 499 509 552 546 552 567 536 523 538 586 556 548 504 512 512 512 539 505 510 489 514 528 551 553 541 546 524 518 534 540 558 561 547 505 476 494 500 489 519 520 531 527 566 551 528 526 540 545 538 497 498 499 514 527 547 546 524 517 534 527 539 570 555 534 490 484 488 508 544 524 558 589 546 511 539 552 530 483 495 490 534 559 555 555 561 559 560 532 536 514 520 504 512 536 532 490 486 482 517 515 489 478 525 528 527 520 537 519 535 519 554 555 522 523 520 514 526 558 542 512 495 513 507 471 512 557 521 530 551 509 516 472 496 522 551 540 560 571 577 547 517 514 520 507 506 509 547 524 497 507 551 548 532 562 530 540 543 502 508 504 496 543 573 538 533 514 533 527 528 558 543 526 479 536 544 533 521 566 525 518 529 524 524 513 509 493 523 550 544 527 515 541 554 537 538 548 505 515 541 515 513 542 565 547 549 570 563 533 532 520 514 524 513 497 541 505 519 534 526 530 534 517 520 532 517 564 538 527 511 516 543 528 526 547 510 512 523 563 552 548 545 532 533 553 519 511 539 544 539 538 534 529 527 521 538 539 542 551 543 555 513 508 499 508 483 517 523 490 472 489 474 463 510 
vem trace:

stid: 333
spdistance: 1031.67
radio trace:
380 345 358 394 434 432 450 465 460 451 407 426 402 381 396 418 422 418 440 471 447 454 444 429 416 432 399 407 422 444 436 431 460 442 418 430 438 421 467 460 439 450 446 447 420 405 413 397 410 380 394 379 421 428 446 409 457 441 429 431 412 401 401 395 402 419 410 421 457 439 447 412 366 400 392 404 404 411 398 393 421 433 406 407 418 438 486 475 458 463 455 417 423 434 435 399 383 407 430 454 482 469 459 402 415 415 421 431 413 401 430 416 434 443 442 450 464 434 433 438 434 385 425 445 406 398 468 433 440 446 426 448 462 414 387 381 392 425 421 445 445 433 428 429 434 416 428 415 393 434 414 429 426 430 464 431 451 440 449 399 395 403 427 428 433 427 435 417 411 436 417 402 382 416 445 464 472 440 464 418 435 412 394 431 418 416 411 415 446 463 421 423 425 424 432 399 431 456 445 430 410 423 396 392 456 455 447 467 492 474 437 440 431 423 405 400 414 433 433 442 435 437 453 476 472 429 425 422 419 401 392 419 406 418 422 443 427 424 419 424 422 398 418 444 451 442 431 426 422 410 394 395 435 440 436 435 423 428 441 468 457 443 418 426 418 425 427 403 403 406 401 405 438 443 445 429 420 413 420 397 383 401 389 425 442 439 425 447 442 438 410 384 426 447 444 412 408 398 439 453 446 454 443 448 420 405 445 429 405 419 420 433 415 430 415 442 430 428 448 434 408 428 455 476 479 460 428 408 415 408 440 430 412 424 440 431 400 393 430 462 469 430 401 383 413 431 390 414 425 423 411 395 427 428 400 424 410 406 422 449 421 417 452 439 441 435 395 411 389 399 430 427 404 444 474 471 448 446 439 419 448 418 392 373 404 400 393 411 433 407 443 448 453 464 475 438 437 408 420 422 371 367 399 429 405 437 456 480 491 464 471 463 486 489 469 415 442 417 385 378 438 474 483 459 450 413 431 417 403 435 469 481 495 460 443 465 443 422 424 402 442 440 445 467 435 456 414 400 432 454 427 430 427 418 414 401 408 442 438 448 465 439 444 447 443 460 447 451 463 472 469 459 436 451 443 427 435 442 437 463 435 424 411 393 388 385 389 398 423 433 437 444 421 389 376 431 461 457 428 424 420 427 422 389 435 450 464 468 414 414 421 428 422 400 402 406 413 420 436 436 438 389 396 398 423 434 435 453 436 409 416 401 428 413 435 451 407 394 403 408 432 403 415 384 394 414 449 461 442 442 449 426 416 419 418 433 439 437 430 386 416 420 410 385 399 414 423 437 464 432 421 442 454 452 428 439 416 429 469 446 447 444 435 411 406 408 408 423 411 396 424 426 420 399 394 386 390 363 397 406 407 407 442 428 468 429 436 428 436 447 469 458 470 476 447 406 404 414 420 453 463 438 426 431 443 426 413 414 439 455 455 445 430 443 421 398 395 399 425 437 458 474 432 410 428 433 430 441 448 437 444 413 433 445 402 403 448 442 429 462 470 440 451 457 417 423 436 452 440 441 403 406 413 393 409 418 401 450 460 429 425 395 399 404 445 429 426 452 444 459 430 426 417 422 417 428 450 485 437 437 434 403 415 412 381 392 420 430 426 453 404 420 447 436 418 445 450 454 445 453 456 447 454 432 416 440 467 451 415 446 457 455 445 429 436 432 447 434 430 411 421 448 448 394 397 398 428 416 395 381 395 421 426 431 431 414 411 363 408 411 420 417 411 388 436 452 466 476 
vem trace:

