SDId: 34830901
energy: 6.85366e+17
zenith: 0.435765
azimuth: 3.64056
GPSSeconc: 1127279466
stid: 342
spdistance: 620.077
radio trace:
406 390 399 411 421 422 396 422 417 402 441 453 419 399 403 418 443 447 426 409 431 438 418 402 431 442 423 417 423 407 387 395 379 378 392 423 417 445 437 426 432 435 418 385 423 425 405 386 383 388 398 395 411 401 419 435 466 462 424 425 433 440 442 429 413 402 408 405 442 421 423 382 392 400 385 387 393 417 420 436 423 402 405 432 445 438 425 422 423 432 420 418 407 398 397 422 433 420 440 423 392 376 393 401 414 413 404 407 441 440 433 401 415 407 410 416 413 396 409 395 415 382 363 387 390 386 376 381 407 401 429 420 431 424 418 431 424 436 434 422 429 450 457 441 417 410 416 428 403 411 433 422 435 417 433 444 442 413 432 422 410 405 392 391 423 445 433 416 398 402 423 416 414 382 390 422 419 415 415 428 415 413 408 417 416 424 408 439 456 413 376 397 405 402 402 411 382 407 407 413 408 408 419 443 435 416 425 430 442 417 375 383 419 420 403 425 439 420 451 465 447 418 419 435 423 426 421 445 431 424 428 443 439 427 419 371 390 381 391 410 430 424 419 460 464 429 415 415 420 420 407 377 395 390 416 438 424 397 377 398 406 398 394 399 419 436 434 394 372 395 413 433 444 438 416 444 414 419 412 386 370 386 405 406 419 439 457 437 406 384 410 403 414 412 388 412 451 397 380 402 392 396 403 403 405 395 429 424 407 412 424 414 420 409 408 404 399 415 426 422 407 407 398 391 429 433 433 422 422 426 414 430 432 428 435 414 426 431 441 463 420 421 386 417 446 423 442 438 428 402 413 401 386 394 396 429 413 391 408 376 392 374 419 463 440 443 419 439 432 418 419 416 410 399 418 384 385 410 418 407 422 439 427 412 423 425 430 423 424 434 430 413 417 437 442 430 438 412 421 409 437 421 412 414 394 397 388 404 428 401 403 418 422 406 376 407 429 423 410 415 392 411 437 410 418 396 399 393 413 456 437 440 443 417 421 434 429 442 432 423 432 429 405 404 422 426 431 408 390 401 386 416 427 422 393 400 404 391 403 432 449 426 423 431 453 411 383 393 385 398 397 431 436 424 416 396 394 381 427 429 396 352 359 411 411 423 427 417 401 382 388 395 403 375 391 389 438 444 442 444 426 399 443 437 415 427 402 398 411 444 451 435 414 423 407 382 389 386 396 414 450 429 413 434 421 411 414 397 401 423 431 405 376 400 418 424 424 407 386 416 384 377 400 419 449 461 452 436 442 489 456 415 412 425 418 423 419 412 394 409 418 436 444 435 427 404 401 424 424 407 399 384 393 397 418 434 448 415 428 405 379 363 373 360 382 400 434 427 445 439 425 438 435 439 432 444 439 426 427 417 404 412 426 425 420 402 398 408 418 445 433 420 416 412 425 419 410 414 442 437 437 424 440 445 416 403 412 442 421 414 420 401 436 450 440 393 420 439 414 390 383 380 408 437 435 422 409 395 406 419 431 441 456 454 448 422 415 398 391 407 400 443 444 431 420 397 420 420 406 412 402 416 433 450 408 413 414 401 409 405 396 397 419 429 420 423 430 415 404 407 401 410 425 408 424 452 408 417 428 440 444 432 439 422 414 386 392 416 422 431 411 412 437 428 432 447 455 455 459 425 437 413 411 416 397 401 412 390 398 380 384 376 402 426 405 394 381 410 429 452 445 455 454 432 399 389 420 418 427 421 400 411 396 400 421 420 409 378 354 389 381 395 429 428 421 402 415 392 
vem trace:

stid: 332
spdistance: 799.916
radio trace:
538 542 562 563 584 569 550 529 552 558 568 540 536 556 550 548 555 549 534 542 522 515 547 559 566 546 528 512 527 523 509 531 555 557 524 554 547 506 515 539 535 553 542 552 578 578 569 535 530 481 465 498 509 508 523 507 539 537 531 549 565 534 532 509 522 525 545 494 495 522 563 539 554 528 559 553 515 518 529 542 553 538 536 530 537 565 547 549 515 455 487 488 523 536 529 546 560 554 577 568 558 551 565 569 577 553 575 565 580 575 565 570 570 580 567 553 556 563 522 479 463 466 500 515 542 539 525 543 577 590 544 514 524 542 535 546 533 533 520 515 551 569 574 553 537 540 532 543 542 530 535 545 533 559 546 490 502 514 528 500 529 529 525 554 555 549 523 542 552 537 562 581 568 556 563 552 550 542 561 527 526 561 541 568 570 560 551 572 583 556 526 519 547 523 512 530 531 531 515 560 543 574 577 578 544 543 611 592 570 540 518 574 558 567 566 530 538 542 561 540 508 531 512 481 520 529 497 535 532 557 577 550 546 553 564 541 525 544 520 503 524 529 526 512 542 524 528 570 561 552 535 521 545 553 520 546 548 532 513 532 517 525 531 555 549 539 551 573 578 548 525 517 540 552 539 551 562 574 597 573 580 556 525 567 571 554 572 569 544 529 531 547 568 574 553 581 550 523 491 513 511 550 554 559 575 587 581 575 548 536 519 531 545 533 532 510 554 579 576 536 529 551 549 550 526 528 516 532 535 547 542 514 488 475 535 536 507 538 547 537 511 518 541 568 528 521 536 511 512 531 516 541 561 585 568 528 510 501 532 520 538 520 561 587 556 540 566 590 561 543 543 578 543 549 554 566 517 548 557 585 533 549 553 559 545 543 516 528 548 516 533 526 545 554 566 556 579 595 571 564 577 563 580 576 573 561 556 517 519 542 557 541 528 558 570 566 580 611 593 528 554 559 540 561 542 519 542 555 556 538 548 541 516 529 556 534 527 567 554 563 592 600 566 566 568 568 520 516 570 539 567 588 566 539 539 542 487 499 547 550 547 532 551 559 580 598 606 568 553 524 526 572 583 544 543 587 548 524 556 527 552 563 540 572 558 582 552 544 538 533 545 563 534 508 515 514 527 532 560 558 541 525 526 508 522 495 493 540 582 584 599 591 558 545 534 556 541 540 547 548 511 547 550 515 532 560 534 521 557 536 551 538 560 536 553 538 532 545 522 536 596 572 554 566 553 542 537 531 515 544 560 560 574 549 560 542 522 543 560 540 563 538 591 561 557 560 524 520 532 557 566 553 575 566 545 535 544 569 538 518 513 527 542 542 511 507 532 528 556 540 534 541 546 523 532 516 515 553 533 540 553 565 530 529 542 549 539 533 556 560 539 536 535 553 542 552 556 556 581 569 544 502 509 508 510 529 552 555 558 541 532 552 547 543 573 573 527 544 552 542 555 581 569 542 522 491 512 563 579 551 518 541 557 561 577 563 538 578 589 552 511 526 545 578 534 534 586 560 551 540 560 560 568 542 549 537 531 549 555 567 533 526 542 534 503 535 539 517 533 496 530 524 514 560 581 577 572 600 558 550 549 568 565 559 540 522 519 532 559 576 533 548 538 534 522 546 580 579 578 594 562 529 517 532 542 551 538 554 566 545 488 487 497 514 521 527 506 511 532 546 577 565 534 524 542 536 550 568 552 567 574 564 574 545 562 553 556 549 533 559 524 537 531 528 526 576 576 546 
vem trace:

stid: 341
spdistance: 1153.25
radio trace:
507 498 465 456 481 514 500 504 517 489 522 519 470 516 520 524 500 491 487 502 516 540 556 530 509 522 516 513 466 472 494 474 462 484 524 512 496 512 503 501 506 521 518 512 541 535 534 534 543 514 506 539 513 473 449 498 495 491 473 486 489 485 500 476 526 532 500 455 457 423 411 478 514 474 489 505 544 529 519 501 501 538 554 568 566 523 483 480 476 478 525 537 554 570 542 552 503 478 483 523 520 484 532 518 531 490 473 484 486 501 501 499 518 535 552 539 504 490 533 581 574 550 527 501 446 470 509 527 555 541 504 517 535 517 536 521 507 493 466 428 474 489 479 497 495 476 514 534 551 530 517 514 501 521 468 455 485 507 494 504 513 495 498 472 471 490 477 486 498 518 546 490 477 455 451 474 503 514 529 504 499 532 541 536 530 523 553 549 554 571 533 492 450 442 504 450 434 481 486 484 487 497 492 501 511 486 516 488 512 524 493 489 473 486 475 494 505 504 515 498 513 536 489 469 499 477 461 479 429 453 456 487 483 484 531 536 526 533 536 562 563 499 469 510 493 469 508 499 486 472 498 475 524 455 461 490 517 544 523 505 514 499 513 541 525 522 526 522 552 512 514 525 508 481 478 514 559 560 485 470 515 526 513 491 530 489 472 487 546 557 517 483 509 498 511 496 501 529 542 551 503 502 481 453 468 433 458 474 532 491 515 526 504 467 440 451 502 506 507 506 502 526 518 496 476 459 487 509 486 483 489 476 471 439 428 502 472 473 503 513 521 544 532 511 493 477 482 507 502 510 524 498 524 506 534 586 557 527 532 546 500 470 519 549 534 544 524 509 525 545 516 465 477 485 480 486 509 527 513 494 505 506 548 521 535 515 470 484 525 521 510 491 498 500 492 454 450 425 463 461 515 509 528 541 526 508 476 458 490 513 513 506 500 488 492 484 502 547 541 481 465 481 501 501 545 541 511 495 511 473 439 486 484 488 475 487 521 522 471 443 508 574 543 543 527 548 532 488 512 526 507 466 464 485 482 484 495 505 483 503 520 496 495 501 492 482 460 441 434 471 475 470 451 452 467 478 499 537 559 554 490 490 490 476 501 517 543 541 517 494 523 498 446 457 529 543 508 500 480 490 503 512 528 535 510 482 498 496 509 471 463 461 440 464 515 527 485 520 536 550 542 548 503 500 502 497 499 490 497 484 486 505 491 449 479 458 444 445 481 517 508 545 516 489 511 502 491 476 504 503 502 487 486 524 542 512 464 474 502 527 496 499 488 505 533 573 543 516 486 487 531 519 480 470 497 511 512 529 491 490 483 515 488 484 470 501 552 546 516 494 424 467 504 507 510 479 452 466 503 504 504 506 490 535 510 469 501 530 505 510 497 481 440 400 442 484 470 501 485 489 498 478 464 458 487 482 501 508 482 520 528 530 515 486 515 535 527 515 472 465 483 474 483 481 493 539 522 519 464 464 479 535 525 489 476 484 490 510 493 459 431 453 479 468 473 515 532 533 531 519 525 474 435 461 462 479 469 478 475 473 502 492 473 499 514 499 467 461 486 503 493 505 535 528 506 526 504 482 489 485 497 487 475 511 493 453 482 486 487 479 469 506 497 485 454 434 491 505 530 514 508 501 505 525 561 546 511 487 518 496 478 518 496 489 518 504 516 495 486 454 444 454 489 490 495 507 488 516 522 512 556 538 512 513 528 528 505 483 535 554 512 523 490 486 500 527 536 535 
vem trace:

stid: 341
spdistance: 1153.25
radio trace:
507 498 465 456 481 514 500 504 517 489 522 519 470 516 520 524 500 491 487 502 516 540 556 530 509 522 516 513 466 472 494 474 462 484 524 512 496 512 503 501 506 521 518 512 541 535 534 534 543 514 506 539 513 473 449 498 495 491 473 486 489 485 500 476 526 532 500 455 457 423 411 478 514 474 489 505 544 529 519 501 501 538 554 568 566 523 483 480 476 478 525 537 554 570 542 552 503 478 483 523 520 484 532 518 531 490 473 484 486 501 501 499 518 535 552 539 504 490 533 581 574 550 527 501 446 470 509 527 555 541 504 517 535 517 536 521 507 493 466 428 474 489 479 497 495 476 514 534 551 530 517 514 501 521 468 455 485 507 494 504 513 495 498 472 471 490 477 486 498 518 546 490 477 455 451 474 503 514 529 504 499 532 541 536 530 523 553 549 554 571 533 492 450 442 504 450 434 481 486 484 487 497 492 501 511 486 516 488 512 524 493 489 473 486 475 494 505 504 515 498 513 536 489 469 499 477 461 479 429 453 456 487 483 484 531 536 526 533 536 562 563 499 469 510 493 469 508 499 486 472 498 475 524 455 461 490 517 544 523 505 514 499 513 541 525 522 526 522 552 512 514 525 508 481 478 514 559 560 485 470 515 526 513 491 530 489 472 487 546 557 517 483 509 498 511 496 501 529 542 551 503 502 481 453 468 433 458 474 532 491 515 526 504 467 440 451 502 506 507 506 502 526 518 496 476 459 487 509 486 483 489 476 471 439 428 502 472 473 503 513 521 544 532 511 493 477 482 507 502 510 524 498 524 506 534 586 557 527 532 546 500 470 519 549 534 544 524 509 525 545 516 465 477 485 480 486 509 527 513 494 505 506 548 521 535 515 470 484 525 521 510 491 498 500 492 454 450 425 463 461 515 509 528 541 526 508 476 458 490 513 513 506 500 488 492 484 502 547 541 481 465 481 501 501 545 541 511 495 511 473 439 486 484 488 475 487 521 522 471 443 508 574 543 543 527 548 532 488 512 526 507 466 464 485 482 484 495 505 483 503 520 496 495 501 492 482 460 441 434 471 475 470 451 452 467 478 499 537 559 554 490 490 490 476 501 517 543 541 517 494 523 498 446 457 529 543 508 500 480 490 503 512 528 535 510 482 498 496 509 471 463 461 440 464 515 527 485 520 536 550 542 548 503 500 502 497 499 490 497 484 486 505 491 449 479 458 444 445 481 517 508 545 516 489 511 502 491 476 504 503 502 487 486 524 542 512 464 474 502 527 496 499 488 505 533 573 543 516 486 487 531 519 480 470 497 511 512 529 491 490 483 515 488 484 470 501 552 546 516 494 424 467 504 507 510 479 452 466 503 504 504 506 490 535 510 469 501 530 505 510 497 481 440 400 442 484 470 501 485 489 498 478 464 458 487 482 501 508 482 520 528 530 515 486 515 535 527 515 472 465 483 474 483 481 493 539 522 519 464 464 479 535 525 489 476 484 490 510 493 459 431 453 479 468 473 515 532 533 531 519 525 474 435 461 462 479 469 478 475 473 502 492 473 499 514 499 467 461 486 503 493 505 535 528 506 526 504 482 489 485 497 487 475 511 493 453 482 486 487 479 469 506 497 485 454 434 491 505 530 514 508 501 505 525 561 546 511 487 518 496 478 518 496 489 518 504 516 495 486 454 444 454 489 490 495 507 488 516 522 512 556 538 512 513 528 528 505 483 535 554 512 523 490 486 500 527 536 535 
vem trace:

stid: 333
spdistance: 1389.99
radio trace:
427 414 436 448 432 419 442 427 400 451 451 406 404 406 435 458 445 435 398 413 464 444 468 474 464 417 401 406 425 431 459 424 441 441 387 442 409 371 413 440 400 435 443 473 452 445 455 486 448 444 427 438 429 426 429 406 388 374 412 433 417 402 434 445 440 462 472 423 391 373 423 446 461 434 438 452 464 445 445 447 415 390 439 411 426 403 396 398 432 441 487 481 450 452 415 426 453 451 432 424 415 428 429 403 392 422 420 406 374 382 437 443 450 435 443 436 432 419 397 419 403 396 402 403 398 423 445 450 449 446 439 410 378 430 417 432 427 430 444 442 436 420 386 389 400 412 405 428 427 445 412 430 442 460 446 419 436 450 488 427 436 401 418 438 418 431 432 425 439 445 427 450 402 385 417 414 436 434 414 446 433 456 459 444 437 444 406 419 443 438 422 450 458 427 414 424 475 465 454 406 411 422 430 444 446 460 468 444 428 448 412 377 367 422 446 460 444 434 396 399 430 425 440 465 435 449 447 447 413 383 388 396 427 420 412 423 412 443 465 422 411 448 432 434 419 391 404 378 391 406 377 400 436 423 438 451 457 439 448 433 457 441 444 445 450 443 447 440 455 477 425 405 411 413 424 464 448 459 449 429 405 385 424 456 447 416 387 426 448 425 452 466 460 413 403 409 407 400 424 407 440 420 407 425 435 424 420 443 448 442 401 377 397 397 383 403 402 431 424 426 421 432 416 425 444 437 436 416 401 417 434 428 413 402 388 404 406 431 418 389 407 435 440 419 402 411 406 371 402 389 402 413 413 389 413 417 419 429 407 418 450 469 446 429 386 378 369 387 411 417 404 423 435 417 420 440 440 415 413 438 483 475 428 386 384 375 406 431 422 402 418 436 444 422 419 433 422 435 428 447 454 470 459 432 448 421 392 401 419 419 428 463 454 457 484 465 464 452 444 438 445 433 422 399 407 400 415 437 434 439 460 466 460 435 404 417 423 443 461 462 453 471 435 431 404 422 439 443 449 472 475 478 444 438 448 435 408 415 442 457 453 396 417 439 466 445 403 414 413 409 450 439 424 407 396 441 447 446 441 409 433 433 440 448 411 445 429 410 407 420 407 404 436 454 442 442 428 423 438 450 455 473 456 463 436 406 407 430 471 481 456 438 418 429 408 416 425 438 452 445 409 400 425 440 431 419 390 429 416 420 397 391 421 432 427 431 437 421 441 429 429 422 421 427 426 403 426 384 414 394 384 461 442 426 433 450 434 433 425 410 428 423 432 463 444 390 380 419 444 434 409 376 398 413 399 419 436 447 475 459 458 406 400 406 404 409 454 451 432 419 465 427 428 403 410 415 423 394 414 420 425 415 436 458 436 437 425 431 426 416 418 462 432 447 424 426 411 406 414 432 429 430 416 419 416 434 424 443 422 414 411 421 425 451 434 438 456 461 469 440 444 450 491 484 466 448 446 486 431 404 450 480 461 461 446 426 425 446 440 440 425 429 394 373 386 403 368 388 416 428 417 421 419 422 401 442 457 448 453 454 433 443 428 398 442 418 454 458 448 453 466 464 453 441 434 445 423 432 432 434 427 430 438 444 466 460 460 427 394 396 363 384 423 452 439 456 440 452 471 455 425 396 384 387 455 465 446 471 427 446 430 412 414 414 422 425 428 436 419 420 419 379 440 459 440 438 457 405 387 367 363 383 412 448 491 480 449 438 432 409 413 435 435 408 416 421 416 413 
vem trace:

