SDId: 34623413
energy: 2.22769e+17
zenith: 0.374675
azimuth: 0.720732
GPSSeconc: 1126100586
stid: 333
spdistance: 691.345
radio trace:
407 436 469 474 495 476 438 400 427 400 395 369 414 453 470 475 449 396 433 430 417 441 470 457 447 419 436 442 468 435 434 414 429 434 439 423 421 415 431 437 431 466 477 467 447 464 468 452 439 413 444 434 410 402 406 417 429 459 421 446 444 433 481 470 455 415 423 446 443 440 461 466 449 468 454 426 427 433 451 476 481 476 447 410 400 434 441 469 458 467 486 476 443 428 443 441 445 428 431 418 444 473 491 489 462 461 448 441 435 413 417 457 457 434 446 464 449 431 422 437 435 442 427 416 418 436 437 410 417 404 411 435 463 453 441 410 407 422 405 406 408 423 402 392 413 410 437 441 443 444 446 407 430 417 414 416 424 409 420 435 441 452 414 434 422 454 465 474 477 438 409 412 415 421 416 419 433 424 451 475 473 452 402 417 440 471 454 433 446 432 455 426 419 445 419 414 413 438 462 396 394 411 451 423 421 423 440 422 439 477 518 487 488 478 470 440 469 446 421 414 408 412 452 496 446 416 412 419 399 387 390 390 410 413 397 412 416 450 457 454 455 446 425 418 422 428 441 430 420 387 432 466 449 432 470 462 433 428 433 444 418 406 422 454 434 467 458 438 418 398 412 441 423 420 384 352 408 473 484 445 464 472 464 453 421 402 413 420 404 417 469 445 423 409 417 469 481 504 459 423 438 410 424 421 434 412 408 410 413 411 380 388 453 455 430 422 433 423 431 411 400 377 402 404 393 407 414 423 435 432 442 452 478 455 459 460 461 472 449 416 409 413 424 429 410 400 434 445 452 471 449 451 453 437 465 481 466 434 415 427 437 428 428 422 456 450 462 441 453 448 440 433 418 409 424 392 385 396 410 445 443 437 467 460 460 462 429 443 412 407 396 406 421 424 425 455 438 436 460 432 434 458 485 446 460 457 426 443 423 411 404 405 413 430 435 452 452 445 416 420 423 408 423 466 415 362 388 436 432 475 451 442 454 462 462 435 416 410 434 430 427 467 420 415 426 441 470 471 447 452 439 451 455 437 386 376 401 441 415 427 433 444 441 442 407 403 401 413 420 432 461 449 466 454 447 447 404 385 414 427 438 453 439 411 385 386 421 420 431 415 408 415 390 408 454 446 437 457 477 466 421 420 404 404 398 397 432 431 429 423 431 459 446 464 453 406 393 430 418 436 428 422 402 426 430 432 434 429 418 441 439 441 442 425 454 422 384 430 411 438 448 428 444 482 482 444 433 401 403 430 449 466 457 441 427 432 388 424 431 441 466 447 448 426 450 455 468 429 457 473 472 439 453 434 435 467 414 405 432 443 438 439 452 480 473 489 436 419 445 471 465 429 438 474 487 453 430 446 424 427 427 424 407 451 444 422 452 441 454 475 501 468 453 401 441 477 447 468 444 430 420 435 453 438 424 434 431 449 438 479 494 499 476 418 428 439 447 431 424 420 451 468 438 462 458 458 450 465 488 454 419 401 404 412 445 456 450 424 436 441 408 405 411 445 422 463 450 451 444 409 386 374 388 399 374 376 370 394 395 366 412 424 424 449 413 429 408 403 410 399 437 445 451 426 366 368 373 413 462 449 447 434 442 452 438 418 422 421 463 443 462 444 439 449 436 444 449 453 457 439 474 504 481 473 477 434 440 453 433 432 471 461 438 437 413 463 458 441 463 456 436 449 447 449 441 414 394 414 431 419 435 467 454 418 403 416 448 461 440 436 467 453 438 429 462 461 425 439 
vem trace:

stid: 332
spdistance: 888.424
radio trace:
511 481 521 532 566 554 542 526 499 524 537 553 539 550 548 532 539 501 529 538 523 549 557 561 568 561 550 555 529 522 532 532 537 520 549 547 550 563 550 551 508 510 520 533 546 574 542 495 498 500 481 497 482 492 530 529 514 518 508 498 507 513 519 515 537 540 535 518 502 520 546 560 548 531 511 534 548 585 561 583 568 563 568 564 546 534 511 526 550 548 530 533 530 534 525 510 543 567 551 517 540 561 559 572 542 509 491 522 504 525 529 550 517 505 529 527 486 479 521 529 562 554 562 541 524 552 597 573 561 545 540 544 552 553 530 513 513 541 563 560 547 523 567 546 531 514 510 536 567 560 546 564 561 548 542 527 523 533 549 543 519 537 568 551 532 521 523 535 553 547 560 538 519 533 517 492 521 553 541 555 529 534 533 536 552 556 518 536 554 555 517 513 521 521 478 521 527 510 534 527 542 540 551 556 540 545 500 564 536 543 519 525 535 520 512 528 545 528 547 571 553 544 539 550 543 536 568 532 559 539 581 557 553 531 563 585 549 523 523 559 550 528 540 523 527 527 532 565 517 504 522 558 564 532 487 507 509 521 522 488 520 528 535 523 542 550 536 553 561 566 563 521 576 560 541 564 536 535 529 570 559 551 528 530 527 523 522 536 513 526 516 534 565 583 539 524 517 570 549 533 551 561 560 559 563 553 557 517 526 548 545 506 523 516 498 519 535 540 534 520 519 498 484 503 524 485 489 492 553 564 562 550 544 509 504 497 517 552 553 565 538 557 530 533 512 552 552 554 512 508 536 536 522 554 519 516 533 522 471 490 515 503 503 547 567 544 519 523 521 552 572 550 536 543 533 543 560 531 491 525 493 500 523 520 525 554 537 551 539 544 542 555 555 568 603 571 574 541 536 541 538 516 550 508 537 534 562 568 516 517 524 560 580 549 515 537 550 539 520 473 503 497 505 510 498 522 525 551 549 526 494 514 495 521 518 522 514 515 494 505 533 529 503 514 553 534 545 532 541 516 484 478 503 537 523 506 479 492 514 510 553 557 545 505 531 525 548 561 575 518 519 531 546 540 595 579 569 556 577 571 544 549 503 493 530 540 511 511 498 488 516 523 523 515 507 518 538 539 525 533 566 557 540 506 552 567 554 548 588 561 550 542 526 519 561 570 568 530 545 567 559 501 482 520 551 514 548 531 513 503 525 563 556 522 528 537 538 537 571 588 559 511 514 536 528 565 532 554 545 559 546 545 541 503 511 508 511 513 517 529 494 501 472 502 520 541 535 541 500 536 583 563 558 545 554 529 527 554 565 565 581 534 526 521 523 569 543 531 561 572 554 539 531 516 549 593 589 566 568 554 519 532 543 545 543 533 552 562 584 579 575 524 554 527 506 518 535 534 546 564 515 526 531 495 495 500 490 516 528 569 585 590 567 576 561 524 498 522 541 565 592 610 590 576 527 516 565 540 498 521 543 541 497 509 512 532 536 530 524 503 494 505 515 540 586 599 554 516 541 555 568 538 509 508 561 531 538 530 540 542 542 573 555 572 547 542 539 514 518 570 550 566 581 555 552 557 552 526 502 521 566 556 513 519 528 522 545 535 546 544 543 525 515 510 488 503 544 526 559 550 531 521 501 507 509 490 518 526 548 520 526 536 525 540 528 527 506 547 509 497 511 559 561 546 544 556 550 545 557 546 528 545 537 516 528 524 527 536 523 543 545 527 508 546 531 522 502 508 
vem trace:

