SDId: 34856364
energy: 2.65232e+18
zenith: 0.618428
azimuth: 2.96086
GPSSeconc: 1127441861
stid: 332
spdistance: 760.764
radio trace:
560 538 510 531 542 569 564 522 511 518 525 519 517 512 513 510 552 557 583 562 575 560 522 527 504 530 516 528 525 529 549 540 545 533 543 504 535 547 543 555 573 549 548 558 536 537 535 520 550 552 542 543 552 573 567 585 572 558 560 567 573 545 567 536 550 515 514 522 551 554 519 525 546 551 580 597 593 569 534 541 530 533 521 483 497 527 551 553 536 539 529 537 522 544 554 533 536 549 575 567 543 525 535 542 518 539 569 574 576 549 524 512 510 507 515 577 556 581 601 608 581 549 525 562 589 552 555 530 546 547 561 582 593 569 552 573 554 540 536 530 541 554 546 569 597 541 544 555 566 552 547 524 518 538 521 556 530 534 532 539 508 549 560 590 595 573 561 571 576 541 531 525 550 570 543 551 521 529 551 549 565 553 546 532 573 590 598 576 550 553 543 548 566 559 529 567 559 553 519 519 564 543 575 563 568 577 547 543 551 560 556 559 592 537 515 534 521 518 544 534 517 522 528 557 568 553 569 535 532 547 543 548 531 527 553 566 535 526 545 543 547 518 522 515 505 517 556 546 562 544 567 559 576 567 570 591 558 536 549 547 555 539 539 549 515 541 564 555 543 542 583 552 596 570 568 567 543 551 557 516 516 540 539 536 558 551 569 561 602 580 562 565 575 562 523 515 530 536 537 533 505 506 543 532 532 532 518 517 516 572 568 538 538 556 579 577 564 570 578 549 542 529 518 541 539 515 548 551 543 541 551 537 533 516 516 513 534 526 513 543 523 505 505 522 563 564 514 487 503 518 530 548 544 511 517 565 594 539 546 550 553 537 551 558 551 546 542 573 553 558 560 540 553 578 566 604 566 534 544 569 579 577 564 536 556 560 581 554 531 539 553 533 544 569 536 542 564 554 535 547 552 536 505 520 530 566 541 565 544 537 545 553 591 575 582 582 545 530 540 562 561 546 498 492 496 521 558 558 546 554 522 537 547 528 524 519 508 543 562 538 526 546 575 546 557 531 545 564 561 535 554 561 557 551 593 588 579 544 557 591 545 538 568 560 559 551 540 534 542 569 537 524 563 552 543 532 540 539 534 543 543 535 583 561 532 572 558 527 532 585 560 554 533 520 539 542 541 538 549 535 541 563 568 546 546 518 547 542 511 523 553 542 554 555 541 542 508 536 584 556 541 506 525 545 541 544 534 519 526 557 564 546 548 559 564 544 546 558 575 566 554 586 539 553 553 529 533 515 545 560 614 567 569 555 574 552 512 543 557 567 551 536 512 528 534 536 566 567 560 543 547 531 517 534 524 541 527 571 546 511 520 542 515 516 526 535 522 537 547 551 566 587 579 564 570 562 545 549 570 548 528 507 551 533 539 534 552 571 573 531 518 533 546 558 547 509 473 503 536 559 576 570 548 522 519 539 597 590 546 529 563 527 529 546 565 596 610 561 569 554 547 534 519 529 519 525 538 518 577 542 543 577 566 557 555 574 546 540 560 547 543 533 546 543 539 546 561 551 555 573 577 551 527 528 559 538 544 532 543 551 572 562 565 582 608 597 581 603 588 556 560 558 549 544 550 503 524 545 583 563 554 553 524 557 579 547 534 529 550 579 568 550 557 547 568 563 580 585 570 583 579 569 564 547 538 542 550 521 520 548 554 540 564 575 542 503 542 551 542 535 539 550 552 543 517 550 584 565 561 555 572 542 580 553 534 548 541 547 561 558 576 583 581 536 549 557 573 542 
vem trace:

stid: 342
spdistance: 798.654
radio trace:
385 458 433 412 430 424 426 410 410 402 412 443 441 443 426 457 437 411 440 443 426 443 462 447 444 428 421 410 424 431 409 400 402 437 408 395 397 379 379 400 415 404 401 386 390 408 443 458 444 441 447 461 447 371 385 365 396 405 412 425 430 411 428 433 430 442 473 443 436 442 443 447 448 423 404 381 408 407 425 396 412 430 418 445 439 426 410 404 414 434 429 437 423 404 421 428 438 412 377 411 439 413 385 396 420 462 443 422 442 461 464 450 406 414 446 465 433 426 445 401 405 380 381 407 434 440 457 469 482 456 443 440 427 406 387 403 416 452 430 382 352 409 423 424 450 460 447 421 404 426 434 446 454 435 427 440 434 450 456 438 410 427 425 377 405 435 434 442 441 429 443 403 427 436 429 429 391 393 404 409 429 427 387 398 400 427 424 405 423 434 458 426 440 393 426 450 460 454 397 423 466 457 424 437 401 391 414 416 426 441 428 446 431 428 453 453 439 413 406 430 431 427 440 429 408 395 438 444 431 425 383 399 417 421 416 426 447 459 465 475 463 440 440 425 412 386 415 425 446 441 429 378 405 420 421 395 387 409 415 385 418 435 419 437 447 482 498 466 474 455 434 435 466 461 446 463 433 438 433 452 503 470 433 420 389 383 388 396 401 430 429 455 419 419 418 413 395 410 455 459 446 432 418 416 433 408 399 406 405 412 421 399 424 420 446 452 454 461 441 445 455 456 458 444 477 497 467 433 445 452 440 411 412 420 421 418 389 397 410 426 429 413 425 450 473 470 430 415 412 390 413 429 432 424 450 444 458 426 395 393 395 411 442 430 403 404 416 415 410 389 371 434 452 415 412 420 415 396 440 451 438 429 428 405 413 411 421 418 424 416 392 424 433 427 423 414 403 422 420 417 430 442 441 472 456 462 466 457 429 437 413 416 457 484 482 474 471 449 443 459 432 438 397 397 399 422 429 433 468 457 458 455 437 466 441 424 412 430 419 399 387 402 411 414 417 437 435 432 456 448 447 418 433 431 419 408 376 388 393 422 439 423 397 382 368 356 408 442 421 417 408 403 390 442 430 423 421 440 436 442 418 415 427 424 440 437 427 412 411 394 404 421 421 417 402 363 383 401 428 430 402 419 440 420 418 427 420 441 437 455 436 418 435 428 393 387 418 432 444 432 427 397 386 395 416 430 446 428 408 390 407 452 399 397 402 414 399 418 400 375 412 451 439 450 457 427 429 383 422 431 401 415 421 445 444 433 431 411 422 435 475 461 416 424 404 432 430 392 388 409 423 431 430 411 401 398 382 401 424 433 392 391 397 416 413 408 445 449 465 445 437 419 426 453 422 409 443 458 443 439 470 432 404 412 399 364 362 400 412 451 444 441 405 401 386 405 443 444 477 480 445 428 385 404 376 395 426 396 441 457 410 430 434 441 436 416 426 433 423 422 423 375 364 371 361 382 361 387 413 403 389 400 389 385 385 428 438 431 404 398 390 382 391 420 427 431 389 403 407 392 389 434 444 439 443 428 445 448 421 452 446 458 433 418 446 429 401 417 451 465 450 461 452 433 410 422 435 422 422 406 388 393 394 422 393 387 395 450 426 431 437 409 422 391 376 405 415 414 444 439 425 425 444 459 404 406 416 403 428 409 399 420 416 378 404 429 453 464 454 427 457 431 402 400 403 441 477 471 433 446 431 421 400 384 389 385 407 440 422 432 422 427 436 429 410 396 412 409 
vem trace:

stid: 333
spdistance: 835.348
radio trace:
419 472 479 446 421 465 448 431 443 459 417 431 419 402 400 378 441 441 439 441 453 473 459 456 426 440 461 440 464 456 456 414 423 409 437 452 439 452 452 475 480 481 450 425 453 446 457 467 476 444 450 448 444 428 430 460 482 449 443 442 444 452 440 441 450 461 447 418 435 459 460 406 432 425 461 460 469 444 413 411 392 421 420 403 409 417 417 416 427 446 432 436 454 448 433 458 431 454 423 434 428 425 407 410 448 424 387 406 433 437 421 426 433 403 418 464 455 434 451 453 460 483 502 452 441 475 470 458 431 416 446 433 405 454 489 450 450 415 450 488 466 454 437 452 458 440 428 434 470 500 456 447 425 412 403 421 426 467 460 436 417 417 432 435 435 426 429 475 484 478 440 455 466 462 442 449 405 390 391 418 414 419 446 446 435 438 455 455 427 432 454 457 466 469 455 415 406 431 419 440 420 384 424 410 408 413 417 421 432 442 465 431 406 429 437 440 460 463 445 410 389 443 450 436 454 428 446 461 450 458 424 401 447 458 444 450 442 446 433 445 460 438 444 425 392 386 404 437 433 427 429 460 471 482 461 452 479 436 452 463 465 406 407 434 426 400 406 404 424 436 433 447 449 455 445 446 464 438 424 458 462 422 450 447 447 440 430 413 417 440 458 432 416 400 424 404 444 440 424 438 418 426 404 403 418 381 365 378 407 416 425 468 443 423 414 419 411 436 430 446 423 388 440 464 450 462 453 451 468 470 476 478 455 455 458 421 382 418 459 448 454 422 428 412 452 449 425 422 441 437 411 400 398 419 425 405 415 418 409 405 440 477 446 451 451 444 433 412 408 440 469 468 489 464 432 451 449 419 460 455 430 410 445 451 439 448 413 418 449 444 423 429 436 448 455 433 460 411 437 415 431 417 395 411 429 443 461 464 448 440 460 441 422 431 438 406 427 419 424 418 414 413 421 387 365 372 394 397 394 423 393 422 434 427 420 419 424 401 429 449 429 451 474 434 420 395 381 378 399 429 435 434 392 430 447 457 434 422 421 447 423 410 451 409 429 415 391 415 391 402 437 432 423 420 406 393 407 401 394 403 428 449 471 460 426 420 405 418 405 391 389 422 401 427 398 455 470 485 470 450 446 439 396 373 418 416 413 418 425 433 450 404 419 444 420 422 426 448 452 433 443 449 448 457 447 437 423 393 410 414 404 423 424 416 409 438 453 435 452 441 466 461 446 441 436 419 414 438 441 435 472 466 460 441 413 424 423 392 392 413 428 444 441 438 473 429 460 462 431 418 414 430 440 453 445 432 419 406 482 460 466 452 429 408 402 400 438 483 451 428 442 475 464 469 489 445 406 409 435 448 439 428 461 449 408 390 418 437 444 384 390 419 406 399 409 407 425 432 432 454 417 433 424 423 450 430 470 479 451 453 432 417 435 443 465 483 409 414 411 422 429 422 440 449 448 436 441 473 427 411 404 424 418 447 430 431 461 468 449 402 427 451 424 439 388 349 347 381 423 396 427 449 398 419 440 443 434 442 456 482 465 437 399 418 415 421 445 453 448 444 454 430 409 414 441 444 435 419 385 355 402 426 457 461 466 465 462 444 425 394 391 406 418 427 413 438 441 468 445 400 424 428 443 474 478 460 447 439 435 417 411 400 409 453 468 445 447 460 486 461 466 431 428 430 428 444 395 395 396 427 437 466 481 446 429 426 445 427 450 449 427 412 370 389 387 395 396 397 
vem trace:

stid: 341
spdistance: 1343.9
radio trace:
529 525 516 455 448 483 518 498 513 521 526 504 487 499 546 536 539 589 539 495 509 466 493 465 495 493 476 514 536 523 506 509 514 491 508 528 526 558 528 528 548 541 499 484 487 503 554 566 573 530 515 503 489 514 544 559 526 499 508 528 500 498 511 486 525 513 510 517 510 477 481 455 487 511 501 500 471 466 469 491 520 501 528 531 574 563 534 517 504 521 501 516 478 512 529 559 555 550 501 512 556 541 517 509 499 534 537 570 552 511 479 484 508 477 520 527 467 483 526 496 473 481 519 534 497 515 548 516 531 536 523 526 526 537 539 558 540 509 514 502 507 514 531 590 576 529 515 515 505 476 531 518 528 525 524 507 502 490 479 484 502 488 512 518 523 524 513 538 485 490 529 516 503 476 494 546 557 582 532 467 475 509 496 475 497 487 467 485 508 525 514 476 499 488 538 517 484 462 462 480 538 498 524 532 506 498 481 500 510 571 527 487 476 483 494 530 523 531 555 555 531 477 483 503 528 527 562 559 536 527 496 499 523 500 507 529 504 510 501 508 538 550 534 530 511 486 492 516 524 526 516 512 534 537 563 523 494 486 488 500 531 538 508 505 522 530 525 513 498 499 498 495 473 496 494 467 504 509 502 490 529 542 550 557 560 508 512 525 479 484 476 496 503 522 517 507 503 513 503 439 489 541 511 466 534 537 538 554 522 546 545 554 544 506 495 532 504 509 530 541 554 531 500 469 479 531 524 533 538 514 499 523 519 524 520 521 543 520 526 500 510 519 529 527 516 537 530 526 513 493 495 513 520 544 516 481 475 441 462 496 485 476 490 459 478 487 509 500 505 508 465 473 486 483 515 497 492 530 521 512 576 523 516 508 481 481 509 531 539 546 494 461 475 508 517 517 542 562 576 550 532 545 549 547 507 500 509 466 463 445 452 459 456 510 515 518 480 469 500 527 553 532 526 521 506 521 515 473 498 509 510 547 532 554 552 511 509 530 497 454 484 476 472 515 521 494 478 519 478 441 476 529 518 490 465 484 507 510 491 496 527 541 526 493 494 452 455 505 489 465 471 517 512 502 505 506 461 454 485 472 492 494 517 547 551 526 529 502 499 512 520 508 507 505 516 497 510 488 478 482 443 416 452 475 457 497 521 510 478 487 503 504 499 491 483 480 506 522 485 492 473 518 534 526 523 547 561 555 522 510 526 544 486 450 479 532 544 506 500 485 506 529 558 527 536 528 516 525 536 548 522 542 571 538 521 489 506 478 531 509 511 518 499 540 537 513 467 481 510 540 480 481 504 516 538 494 493 531 505 482 501 493 521 517 506 506 485 482 509 497 488 483 492 514 489 550 586 546 510 522 542 536 494 468 477 497 499 516 494 508 539 501 497 501 547 528 507 509 507 459 466 501 509 537 567 563 541 485 460 465 506 548 535 538 548 528 537 473 467 491 554 551 491 472 503 512 507 463 445 460 494 503 531 546 531 544 558 534 518 512 509 511 507 527 499 541 483 529 521 510 478 489 517 517 547 531 528 530 532 565 500 515 501 498 535 504 525 528 531 540 527 494 507 523 511 506 514 527 502 488 505 517 477 525 548 508 502 500 529 491 489 500 503 492 505 456 498 537 499 468 489 473 491 510 496 489 504 486 478 515 507 477 443 433 475 494 494 532 530 532 523 550 537 495 518 510 482 528 538 526 539 535 559 579 519 499 508 473 521 568 530 508 470 465 517 576 568 519 
vem trace:

stid: 341
spdistance: 1343.9
radio trace:
529 525 516 455 448 483 518 498 513 521 526 504 487 499 546 536 539 589 539 495 509 466 493 465 495 493 476 514 536 523 506 509 514 491 508 528 526 558 528 528 548 541 499 484 487 503 554 566 573 530 515 503 489 514 544 559 526 499 508 528 500 498 511 486 525 513 510 517 510 477 481 455 487 511 501 500 471 466 469 491 520 501 528 531 574 563 534 517 504 521 501 516 478 512 529 559 555 550 501 512 556 541 517 509 499 534 537 570 552 511 479 484 508 477 520 527 467 483 526 496 473 481 519 534 497 515 548 516 531 536 523 526 526 537 539 558 540 509 514 502 507 514 531 590 576 529 515 515 505 476 531 518 528 525 524 507 502 490 479 484 502 488 512 518 523 524 513 538 485 490 529 516 503 476 494 546 557 582 532 467 475 509 496 475 497 487 467 485 508 525 514 476 499 488 538 517 484 462 462 480 538 498 524 532 506 498 481 500 510 571 527 487 476 483 494 530 523 531 555 555 531 477 483 503 528 527 562 559 536 527 496 499 523 500 507 529 504 510 501 508 538 550 534 530 511 486 492 516 524 526 516 512 534 537 563 523 494 486 488 500 531 538 508 505 522 530 525 513 498 499 498 495 473 496 494 467 504 509 502 490 529 542 550 557 560 508 512 525 479 484 476 496 503 522 517 507 503 513 503 439 489 541 511 466 534 537 538 554 522 546 545 554 544 506 495 532 504 509 530 541 554 531 500 469 479 531 524 533 538 514 499 523 519 524 520 521 543 520 526 500 510 519 529 527 516 537 530 526 513 493 495 513 520 544 516 481 475 441 462 496 485 476 490 459 478 487 509 500 505 508 465 473 486 483 515 497 492 530 521 512 576 523 516 508 481 481 509 531 539 546 494 461 475 508 517 517 542 562 576 550 532 545 549 547 507 500 509 466 463 445 452 459 456 510 515 518 480 469 500 527 553 532 526 521 506 521 515 473 498 509 510 547 532 554 552 511 509 530 497 454 484 476 472 515 521 494 478 519 478 441 476 529 518 490 465 484 507 510 491 496 527 541 526 493 494 452 455 505 489 465 471 517 512 502 505 506 461 454 485 472 492 494 517 547 551 526 529 502 499 512 520 508 507 505 516 497 510 488 478 482 443 416 452 475 457 497 521 510 478 487 503 504 499 491 483 480 506 522 485 492 473 518 534 526 523 547 561 555 522 510 526 544 486 450 479 532 544 506 500 485 506 529 558 527 536 528 516 525 536 548 522 542 571 538 521 489 506 478 531 509 511 518 499 540 537 513 467 481 510 540 480 481 504 516 538 494 493 531 505 482 501 493 521 517 506 506 485 482 509 497 488 483 492 514 489 550 586 546 510 522 542 536 494 468 477 497 499 516 494 508 539 501 497 501 547 528 507 509 507 459 466 501 509 537 567 563 541 485 460 465 506 548 535 538 548 528 537 473 467 491 554 551 491 472 503 512 507 463 445 460 494 503 531 546 531 544 558 534 518 512 509 511 507 527 499 541 483 529 521 510 478 489 517 517 547 531 528 530 532 565 500 515 501 498 535 504 525 528 531 540 527 494 507 523 511 506 514 527 502 488 505 517 477 525 548 508 502 500 529 491 489 500 503 492 505 456 498 537 499 468 489 473 491 510 496 489 504 486 478 515 507 477 443 433 475 494 494 532 530 532 523 550 537 495 518 510 482 528 538 526 539 535 559 579 519 499 508 473 521 568 530 508 470 465 517 576 568 519 
vem trace:

