SDId: 34636591
energy: 2.10753e+17
zenith: 0.376896
azimuth: 1.22463
GPSSeconc: 1126164458
stid: 419
spdistance: 743.209
radio trace:
418 443 474 462 483 436 406 398 445 451 454 474 462 423 412 417 423 439 414 425 404 443 432 409 471 461 458 462 451 411 426 404 415 437 431 421 413 420 410 431 395 440 462 450 436 434 432 424 476 490 432 448 446 458 426 420 434 398 369 426 463 475 476 466 420 429 462 441 438 426 403 429 430 454 393 404 446 433 409 402 440 424 415 365 396 426 424 399 417 425 406 457 475 493 494 490 466 431 387 444 433 440 422 464 502 447 417 468 472 436 442 490 510 522 439 437 444 453 433 462 492 456 451 473 448 422 400 422 407 414 449 453 349 332 371 437 440 442 411 404 431 420 425 409 401 422 477 452 422 406 404 461 474 436 430 479 485 422 456 480 445 441 465 462 462 514 480 486 463 482 442 416 391 430 438 429 436 436 425 446 421 461 492 483 467 456 483 458 479 461 494 465 440 444 443 458 514 473 449 450 463 450 390 374 363 398 436 447 429 475 491 447 413 420 385 430 434 415 460 445 433 452 427 423 419 448 465 447 448 466 440 449 459 421 410 393 391 416 425 392 394 404 414 426 456 422 459 445 435 474 443 426 435 464 459 499 458 468 475 422 422 415 404 395 420 430 396 453 464 482 417 412 431 436 462 424 418 384 383 461 416 444 444 392 422 441 490 446 427 441 433 467 482 455 409 373 415 437 435 467 481 459 443 474 534 503 452 441 491 445 430 436 414 465 453 407 385 392 402 467 480 465 487 478 537 516 509 446 421 408 394 403 423 383 385 415 413 408 445 394 420 427 417 403 435 489 489 502 458 462 482 494 464 443 473 385 440 432 397 428 452 443 400 438 428 404 432 421 414 365 380 454 471 453 433 445 458 454 415 425 456 466 514 468 474 473 455 460 478 446 459 440 458 442 434 440 492 459 436 456 493 473 451 452 419 430 421 439 487 459 445 458 422 438 477 449 430 431 426 408 442 442 433 468 444 459 476 520 508 493 473 472 457 426 448 447 421 438 449 489 435 395 426 434 468 490 485 467 445 400 385 362 388 439 480 460 456 450 456 457 457 471 478 428 414 411 420 444 492 435 483 492 476 473 403 437 447 470 461 481 469 438 421 403 452 449 421 440 406 422 441 474 463 444 435 449 423 462 430 409 422 425 472 465 442 467 419 368 379 420 433 443 447 457 413 418 414 400 401 410 428 438 467 475 449 476 502 467 450 439 462 457 470 508 459 428 462 466 455 482 467 436 424 407 395 414 413 405 415 466 479 500 433 458 429 446 439 405 441 423 426 406 445 396 424 463 427 424 411 405 412 440 462 417 453 475 432 460 432 437 457 483 477 476 476 479 512 441 414 413 428 365 376 416 425 428 394 418 481 458 418 404 445 461 433 402 371 406 389 439 418 396 418 418 418 427 462 451 447 439 445 467 471 396 370 443 466 485 465 465 474 431 407 404 459 449 490 475 414 428 442 428 435 426 470 448 515 504 440 440 432 439 449 442 425 426 407 417 406 398 418 451 467 441 423 382 375 407 454 462 464 486 444 465 471 506 532 522 497 444 437 421 394 418 399 435 469 470 445 452 480 453 423 382 425 452 492 457 431 435 414 396 445 484 505 489 442 437 450 409 374 365 393 406 409 419 405 354 470 460 451 427 424 405 467 422 420 415 412 388 416 400 450 494 483 492 480 438 400 450 509 480 480 485 463 472 499 512 518 481 488 463 453 450 419 443 463 428 477 480 497 461 457 458 459 433 409 416 
vem trace:

stid: 342
spdistance: 951.165
radio trace:
398 404 413 411 417 421 428 417 417 414 384 408 428 384 368 376 392 435 405 384 364 352 370 376 377 368 391 417 398 383 391 408 402 397 366 349 379 375 372 360 363 367 365 382 346 356 382 392 398 385 399 414 417 403 406 420 418 399 385 369 390 388 375 375 360 381 393 410 397 393 373 385 366 401 408 378 390 368 370 365 375 404 406 385 391 403 400 398 384 367 355 364 351 379 373 380 377 365 386 407 415 367 385 400 385 378 350 377 379 391 361 366 409 378 372 384 397 402 400 399 403 371 371 384 401 397 393 408 430 406 425 409 391 406 398 411 401 412 394 360 379 370 406 413 401 396 376 379 354 352 379 389 406 367 358 364 381 384 380 393 368 367 364 378 390 364 368 371 366 394 419 398 386 392 388 394 403 406 394 384 405 388 415 409 394 371 378 410 409 409 387 391 389 393 395 390 361 375 381 381 399 400 370 366 396 407 369 386 389 366 373 412 404 391 396 433 401 405 396 394 390 388 389 387 392 409 399 400 392 414 415 394 373 387 379 382 390 365 356 371 390 407 398 439 397 394 370 368 366 374 372 381 356 371 405 408 417 426 401 390 380 384 355 358 358 377 374 388 393 398 406 381 374 355 360 367 367 367 361 360 378 390 389 376 388 387 396 399 363 344 341 338 377 358 370 404 381 353 386 406 401 381 381 380 367 360 373 393 405 352 357 343 341 367 386 373 370 379 373 361 358 368 359 380 403 402 382 377 379 376 391 369 339 375 391 381 403 398 385 405 409 375 361 354 363 374 365 369 370 382 383 369 373 410 402 398 398 416 424 426 418 411 409 403 394 378 346 362 378 376 387 398 394 387 365 383 384 393 409 392 392 402 386 393 375 364 389 403 388 384 405 417 426 381 362 349 355 389 403 372 360 376 391 392 382 369 365 364 392 387 368 367 397 397 399 391 408 423 414 402 397 370 391 379 396 379 403 439 449 402 389 370 348 356 380 396 391 387 362 362 401 392 407 414 394 362 364 375 340 370 371 358 356 356 380 405 409 409 391 373 382 354 379 395 395 393 405 400 386 395 390 381 355 365 392 381 376 391 407 405 382 373 372 410 413 395 426 419 394 393 371 365 372 399 414 421 401 383 369 375 365 334 344 376 381 364 380 383 390 378 398 378 370 352 378 397 397 391 405 404 403 402 409 399 409 415 418 410 402 379 368 392 410 371 388 388 383 373 375 390 392 391 408 393 377 357 368 410 403 386 410 425 424 405 414 428 429 439 398 385 417 386 384 385 410 398 397 374 385 393 406 398 411 398 377 380 392 407 395 389 385 379 394 384 362 390 389 388 391 394 371 367 400 411 404 382 384 392 379 354 362 386 388 373 339 361 395 405 390 368 368 369 391 399 391 387 379 361 354 361 378 383 363 378 387 399 394 405 391 404 384 363 368 389 414 409 413 410 417 411 383 402 386 388 379 396 405 406 416 397 393 358 374 388 377 389 396 393 375 378 382 407 387 401 377 362 402 403 390 408 389 389 389 375 387 380 377 383 381 394 415 433 405 394 407 398 372 363 352 372 361 379 387 385 374 386 384 387 380 375 408 419 375 377 374 390 360 384 384 392 381 394 402 381 377 374 389 406 382 357 387 362 374 376 349 375 372 386 370 361 378 384 388 380 405 408 413 396 383 382 377 387 392 382 371 385 388 380 395 389 380 371 359 387 368 392 406 373 400 397 371 378 374 363 356 361 380 387 
vem trace:

