SDId: 34902307
energy: 4.72856e+17
zenith: 0.337983
azimuth: 5.62864
GPSSeconc: 1127727959
stid: 342
spdistance: 588.852
radio trace:
449 411 417 414 411 445 428 427 390 433 463 442 455 467 452 436 433 430 456 467 453 450 425 444 443 457 436 432 439 409 398 415 415 446 461 459 423 410 427 439 405 403 436 463 454 457 472 446 451 435 445 470 444 440 465 424 445 427 397 437 441 431 426 436 448 447 435 436 410 422 426 440 415 406 461 469 462 447 425 450 427 450 438 455 437 415 409 412 425 395 415 431 445 463 459 418 419 434 444 443 464 449 452 467 457 455 466 451 430 451 410 408 409 422 440 437 406 410 441 436 465 483 440 449 446 481 451 430 481 466 470 456 450 459 433 450 443 411 429 433 420 405 466 457 451 460 479 455 441 431 399 413 421 412 407 422 470 490 441 443 471 445 458 451 436 451 425 437 455 458 458 437 451 443 419 440 433 423 423 422 434 439 466 438 452 442 461 429 419 439 435 461 441 434 447 437 464 467 483 453 427 406 425 462 472 436 433 440 461 461 434 452 428 445 464 466 459 438 435 411 425 458 453 425 430 439 473 465 446 419 470 473 466 450 457 469 450 438 428 419 452 444 478 474 459 457 447 454 449 440 429 452 451 405 379 378 417 415 414 446 456 459 458 462 466 443 418 425 429 452 413 429 445 461 461 443 449 463 456 446 476 450 427 432 432 447 438 426 448 460 447 454 440 444 395 406 381 417 455 427 433 451 458 436 453 429 414 377 378 413 421 459 443 450 453 450 439 433 422 417 430 418 409 424 445 454 445 444 459 474 456 444 421 454 464 434 441 442 407 414 380 411 464 460 454 425 465 475 451 473 447 432 424 449 448 447 464 416 435 468 462 434 447 453 454 440 475 457 441 452 465 472 483 482 447 433 448 438 443 413 430 466 439 466 471 448 426 416 426 450 423 424 417 408 450 458 461 449 436 469 433 425 411 396 434 473 461 451 445 445 438 431 436 444 446 426 427 415 424 417 433 443 442 448 446 463 454 464 470 445 452 454 445 448 435 414 414 415 411 443 408 386 392 398 417 421 443 454 418 419 453 457 472 443 432 413 407 428 440 459 460 479 512 478 483 461 443 435 443 421 422 431 457 442 438 415 407 391 429 439 427 424 436 453 455 470 465 432 425 431 413 380 426 433 429 445 422 436 440 454 465 502 477 441 434 444 411 437 429 430 447 447 446 424 438 450 444 436 433 445 445 442 435 434 464 462 432 408 441 442 402 383 413 398 416 410 420 405 423 402 386 416 423 422 443 453 439 463 448 453 448 439 457 455 415 415 420 455 450 453 427 407 420 390 436 436 424 437 472 470 453 435 442 432 411 418 440 428 426 408 412 427 415 416 456 443 417 428 453 473 449 420 429 418 422 410 427 449 461 438 437 419 416 429 434 449 436 449 472 467 444 446 424 411 419 447 449 450 449 428 426 436 417 407 437 430 417 419 424 399 413 439 420 432 432 421 415 408 448 457 482 495 482 442 465 454 460 466 481 496 482 452 432 444 444 456 447 422 407 428 435 433 440 408 415 431 424 450 449 443 456 455 446 442 427 399 415 426 433 430 441 464 489 498 479 434 439 447 430 464 470 460 473 437 433 439 432 461 434 436 439 436 437 449 456 445 441 434 444 406 439 437 466 459 440 436 440 439 457 451 439 434 411 444 456 467 455 446 451 430 422 415 396 405 421 398 419 420 459 444 468 478 436 416 413 459 451 432 423 438 448 434 415 433 438 432 451 441 435 393 391 401 409 426 459 458 424 427 
vem trace:

stid: 419
spdistance: 975.203
radio trace:
485 510 477 514 485 446 479 517 527 510 489 515 505 489 506 496 523 549 514 478 460 503 492 435 483 520 497 513 493 457 484 473 470 497 508 446 421 477 499 481 498 497 480 463 456 443 474 465 413 423 475 488 505 482 464 492 501 485 463 494 475 460 483 512 499 512 532 552 507 465 452 477 505 507 560 518 485 494 495 485 487 512 479 479 467 425 384 424 438 474 513 490 526 486 460 437 442 497 476 478 461 475 475 496 508 504 490 465 445 458 463 500 464 484 488 495 469 441 422 394 466 504 480 467 429 415 455 514 479 453 494 460 467 460 484 496 502 480 495 488 451 468 489 479 461 460 506 505 447 421 480 478 484 498 532 486 428 485 461 435 439 474 459 469 464 456 482 476 481 445 426 419 448 478 483 454 464 493 460 515 512 461 472 491 464 447 477 473 437 470 441 465 453 472 489 490 479 476 509 482 464 456 436 474 499 451 463 483 499 459 476 443 423 438 436 463 482 478 497 483 479 457 426 458 438 495 519 480 450 486 492 476 489 488 465 472 485 474 457 478 485 456 489 520 480 493 485 443 440 464 480 508 478 409 476 465 457 447 449 458 472 478 467 448 474 434 388 455 463 484 438 451 468 452 467 449 454 441 448 460 499 508 493 482 452 449 502 516 498 525 482 506 517 494 488 475 477 491 472 526 480 489 530 517 487 455 452 458 467 463 432 444 498 500 447 471 462 490 512 468 489 469 506 488 488 538 519 505 495 490 479 463 434 428 415 479 486 482 471 441 459 476 426 431 475 462 487 483 472 416 438 434 447 440 448 470 457 453 475 442 405 418 448 450 447 446 473 463 491 462 506 551 548 554 530 458 422 417 422 434 484 513 492 456 464 452 463 452 450 458 476 463 466 507 476 498 486 484 482 461 450 482 516 525 507 475 474 457 466 449 470 470 477 494 477 524 472 431 451 484 517 499 512 525 503 499 488 458 489 516 529 465 475 510 487 454 479 464 498 534 490 514 561 563 526 501 521 547 526 488 475 480 469 466 488 488 482 505 526 518 508 486 453 473 421 423 430 462 427 438 478 447 468 481 464 459 475 493 431 447 471 442 476 526 527 507 506 523 542 528 497 504 520 491 459 458 444 470 457 448 460 482 492 466 477 439 432 432 425 466 494 502 456 451 446 444 474 506 462 469 529 529 470 432 462 506 482 475 460 459 439 458 441 435 476 478 512 503 463 433 453 457 504 497 508 469 462 492 509 517 466 460 507 485 516 480 431 479 472 439 397 455 480 457 468 484 489 497 512 458 435 484 493 475 440 481 460 504 479 475 483 479 457 448 489 494 486 499 504 497 466 459 503 459 441 417 434 453 461 509 481 428 476 478 481 492 465 447 436 445 426 444 470 490 510 471 472 494 490 517 519 519 517 504 470 499 484 506 486 474 460 461 443 451 455 454 461 434 456 462 452 482 506 517 510 508 528 527 490 447 501 522 468 466 541 552 504 487 475 478 480 475 494 493 475 472 473 486 500 535 514 502 481 473 514 529 481 483 452 466 490 517 477 502 494 500 507 495 545 529 511 501 500 493 517 486 518 446 472 468 452 465 459 424 430 461 524 499 450 429 449 443 455 484 454 486 433 387 486 449 439 475 538 514 478 459 504 482 453 473 508 481 455 452 439 448 462 484 486 478 480 471 443 455 463 488 489 474 476 510 529 502 485 522 474 457 489 513 518 526 496 479 492 507 525 545 578 553 
vem trace:

