SDId: 34678346
energy: 4.15351e+17
zenith: 0.436709
azimuth: 5.76378
GPSSeconc: 1126384787
stid: 341
spdistance: 5846.36
radio trace:
475 536 533 542 526 551 512 479 471 435 419 482 536 513 535 541 542 516 503 494 486 495 505 500 502 512 537 520 510 515 527 512 505 535 536 553 541 502 491 487 480 502 471 468 482 462 463 491 535 551 545 532 540 546 569 516 479 485 521 513 517 496 475 514 548 558 564 527 504 491 505 523 537 520 499 521 491 480 504 509 509 519 525 513 500 450 477 487 489 499 537 508 503 466 500 493 506 523 498 521 498 484 471 472 494 492 481 483 499 504 518 531 517 468 492 494 545 565 537 494 489 493 475 468 462 445 463 466 415 439 481 501 483 499 490 483 505 467 479 474 509 530 510 524 530 551 503 485 493 509 558 553 492 460 469 492 492 485 509 518 535 488 476 504 498 537 517 484 463 478 529 552 567 555 516 526 545 495 521 524 517 504 499 481 489 461 462 508 548 508 514 544 536 545 505 538 541 511 518 513 490 504 494 514 518 500 551 502 517 519 491 470 479 512 549 501 519 536 532 517 557 480 478 488 513 527 565 543 539 528 512 473 482 523 544 540 534 542 550 506 485 515 479 457 500 493 463 491 532 497 488 478 498 534 510 512 526 505 494 534 547 548 548 517 502 519 552 577 525 505 492 515 498 484 513 482 482 508 535 542 480 485 472 508 472 501 517 507 515 502 500 518 495 461 499 517 493 499 493 505 474 472 475 471 480 486 477 480 449 442 466 485 521 521 520 508 495 511 516 527 544 525 487 501 538 514 508 473 490 488 516 537 542 483 483 495 494 492 505 514 527 518 520 547 517 534 515 506 511 499 552 572 580 530 504 507 480 513 489 469 516 525 513 495 479 464 476 500 533 574 542 487 527 533 477 469 516 506 506 502 520 530 536 517 526 521 519 526 502 508 539 536 500 523 490 444 476 483 497 497 518 490 489 482 474 481 479 469 490 492 486 486 500 503 522 515 475 494 519 525 490 509 540 524 532 496 502 536 568 566 565 526 494 488 477 469 538 523 471 476 469 446 450 440 476 512 500 522 496 499 526 533 550 573 550 517 502 513 475 490 524 509 529 551 512 540 526 538 536 541 494 498 525 527 502 491 495 485 512 528 502 469 509 513 502 486 497 480 508 524 557 555 537 519 496 484 483 515 511 545 526 492 502 504 510 531 512 485 468 498 489 473 479 496 498 523 516 511 540 526 505 539 504 501 504 498 493 464 479 488 497 535 539 562 559 514 535 511 489 488 509 497 521 495 496 460 465 485 506 538 527 517 499 527 521 506 557 524 490 523 559 557 583 529 505 532 521 538 550 514 517 530 530 522 516 541 517 517 517 546 521 520 536 514 503 489 474 501 519 501 487 478 524 502 496 509 519 495 505 565 541 542 558 563 551 539 523 499 489 514 485 513 475 486 493 485 464 446 466 472 485 495 491 499 511 514 500 438 454 528 523 517 521 492 480 484 499 535 562 557 529 528 527 552 560 535 541 524 533 514 523 547 545 551 522 507 519 489 451 451 468 473 499 534 505 513 505 506 518 528 511 460 504 463 457 486 517 541 476 493 504 484 455 481 499 491 507 497 498 510 543 560 528 524 551 509 504 490 487 483 520 531 516 510 537 494 481 487 520 519 498 524 536 491 486 495 528 481 446 472 507 475 487 473 491 494 543 534 570 569 534 521 492 508 499 492 458 499 514 516 509 487 499 516 500 507 506 486 485 497 480 489 499 504 504 501 513 503 513 495 516 507 491 520 516 511 526 530 
vem trace:

stid: 341
spdistance: 5846.36
radio trace:
475 536 533 542 526 551 512 479 471 435 419 482 536 513 535 541 542 516 503 494 486 495 505 500 502 512 537 520 510 515 527 512 505 535 536 553 541 502 491 487 480 502 471 468 482 462 463 491 535 551 545 532 540 546 569 516 479 485 521 513 517 496 475 514 548 558 564 527 504 491 505 523 537 520 499 521 491 480 504 509 509 519 525 513 500 450 477 487 489 499 537 508 503 466 500 493 506 523 498 521 498 484 471 472 494 492 481 483 499 504 518 531 517 468 492 494 545 565 537 494 489 493 475 468 462 445 463 466 415 439 481 501 483 499 490 483 505 467 479 474 509 530 510 524 530 551 503 485 493 509 558 553 492 460 469 492 492 485 509 518 535 488 476 504 498 537 517 484 463 478 529 552 567 555 516 526 545 495 521 524 517 504 499 481 489 461 462 508 548 508 514 544 536 545 505 538 541 511 518 513 490 504 494 514 518 500 551 502 517 519 491 470 479 512 549 501 519 536 532 517 557 480 478 488 513 527 565 543 539 528 512 473 482 523 544 540 534 542 550 506 485 515 479 457 500 493 463 491 532 497 488 478 498 534 510 512 526 505 494 534 547 548 548 517 502 519 552 577 525 505 492 515 498 484 513 482 482 508 535 542 480 485 472 508 472 501 517 507 515 502 500 518 495 461 499 517 493 499 493 505 474 472 475 471 480 486 477 480 449 442 466 485 521 521 520 508 495 511 516 527 544 525 487 501 538 514 508 473 490 488 516 537 542 483 483 495 494 492 505 514 527 518 520 547 517 534 515 506 511 499 552 572 580 530 504 507 480 513 489 469 516 525 513 495 479 464 476 500 533 574 542 487 527 533 477 469 516 506 506 502 520 530 536 517 526 521 519 526 502 508 539 536 500 523 490 444 476 483 497 497 518 490 489 482 474 481 479 469 490 492 486 486 500 503 522 515 475 494 519 525 490 509 540 524 532 496 502 536 568 566 565 526 494 488 477 469 538 523 471 476 469 446 450 440 476 512 500 522 496 499 526 533 550 573 550 517 502 513 475 490 524 509 529 551 512 540 526 538 536 541 494 498 525 527 502 491 495 485 512 528 502 469 509 513 502 486 497 480 508 524 557 555 537 519 496 484 483 515 511 545 526 492 502 504 510 531 512 485 468 498 489 473 479 496 498 523 516 511 540 526 505 539 504 501 504 498 493 464 479 488 497 535 539 562 559 514 535 511 489 488 509 497 521 495 496 460 465 485 506 538 527 517 499 527 521 506 557 524 490 523 559 557 583 529 505 532 521 538 550 514 517 530 530 522 516 541 517 517 517 546 521 520 536 514 503 489 474 501 519 501 487 478 524 502 496 509 519 495 505 565 541 542 558 563 551 539 523 499 489 514 485 513 475 486 493 485 464 446 466 472 485 495 491 499 511 514 500 438 454 528 523 517 521 492 480 484 499 535 562 557 529 528 527 552 560 535 541 524 533 514 523 547 545 551 522 507 519 489 451 451 468 473 499 534 505 513 505 506 518 528 511 460 504 463 457 486 517 541 476 493 504 484 455 481 499 491 507 497 498 510 543 560 528 524 551 509 504 490 487 483 520 531 516 510 537 494 481 487 520 519 498 524 536 491 486 495 528 481 446 472 507 475 487 473 491 494 543 534 570 569 534 521 492 508 499 492 458 499 514 516 509 487 499 516 500 507 506 486 485 497 480 489 499 504 504 501 513 503 513 495 516 507 491 520 516 511 526 530 
vem trace:

