SDId: 34731093
energy: 3.07292e+17
zenith: 0.364659
azimuth: 3.04904
GPSSeconc: 1126663674
stid: 343
spdistance: 658.405
radio trace:
422 448 439 449 463 439 455 452 460 464 473 458 477 472 469 457 440 429 432 411 427 415 396 395 407 449 453 474 450 429 430 457 449 444 472 436 412 409 442 440 449 453 436 425 455 469 451 439 431 443 472 469 450 453 411 425 436 439 452 451 493 477 462 474 476 498 470 446 445 418 405 413 440 462 451 450 438 441 458 395 419 419 442 429 447 482 460 470 441 435 439 487 480 475 461 469 462 469 461 471 475 477 471 460 463 476 484 450 453 446 424 440 435 433 467 466 471 438 442 444 449 469 455 472 453 445 462 470 457 465 451 463 433 442 432 455 453 434 458 438 390 395 443 460 459 442 476 466 454 440 448 467 436 431 440 437 433 415 452 446 444 437 461 451 456 437 472 475 460 452 442 459 435 425 436 440 406 407 418 453 427 422 437 451 447 445 486 485 474 458 473 467 442 452 476 451 474 484 442 452 454 427 429 452 441 461 473 444 451 446 445 460 437 423 445 472 449 461 428 432 470 438 410 445 451 438 448 440 426 431 416 423 403 450 448 437 455 464 434 433 450 469 413 425 449 471 483 442 424 418 430 432 432 423 467 481 449 425 450 449 453 438 428 463 472 473 465 434 437 431 435 441 438 457 467 467 410 378 390 436 441 431 440 442 451 459 462 452 474 473 456 470 440 413 443 436 410 412 412 450 462 438 462 465 453 473 460 461 459 443 485 460 446 435 455 444 441 457 463 476 460 463 459 435 425 410 422 436 454 443 463 474 460 435 421 421 430 458 468 470 423 437 436 447 460 427 441 450 468 442 424 438 431 424 438 474 472 486 460 463 455 479 485 479 458 446 447 408 416 419 410 423 438 454 485 481 478 447 437 459 463 466 495 503 485 455 422 415 411 440 433 467 471 478 446 441 418 413 433 443 466 442 439 459 447 449 413 407 452 449 457 457 423 427 457 465 480 467 486 486 458 457 453 443 472 436 406 470 457 457 484 467 484 480 453 471 479 456 445 458 469 470 455 445 430 426 432 455 427 423 401 433 454 441 425 418 435 439 470 456 451 435 466 468 423 412 424 421 419 419 432 447 455 455 408 432 457 466 438 436 415 421 437 437 432 430 408 437 457 462 483 477 473 465 476 501 491 443 409 434 459 470 490 490 484 438 420 435 442 451 474 468 461 436 463 473 486 471 486 458 452 454 450 431 417 456 437 445 426 437 432 414 417 410 448 466 468 467 466 433 438 408 426 413 398 412 450 465 436 421 418 435 439 447 408 444 462 476 473 464 471 453 432 454 441 459 479 460 452 475 468 463 416 441 449 436 410 435 439 467 443 442 464 453 476 484 441 418 431 433 429 446 433 429 439 448 433 434 451 482 474 420 440 470 457 449 435 424 434 434 407 428 441 464 458 479 472 457 489 466 460 462 468 451 448 453 467 457 405 442 479 495 476 460 447 448 442 441 434 454 452 470 451 458 450 456 466 477 470 469 452 422 416 424 442 455 488 466 472 457 434 436 462 443 467 443 438 483 461 431 437 408 415 457 449 457 449 454 466 442 424 431 438 444 429 445 447 435 415 417 430 431 453 442 433 453 468 447 476 486 464 468 447 434 436 450 431 406 455 467 458 459 422 413 436 442 461 444 450 441 450 457 438 433 423 449 478 488 457 467 443 437 415 431 454 438 476 461 453 443 446 448 478 468 470 448 459 461 477 448 458 462 482 484 471 476 434 450 469 476 478 466 439 447 447 460 437 429 
vem trace:

stid: 342
spdistance: 849.476
radio trace:
400 420 423 409 419 438 408 408 422 428 425 419 425 421 436 410 436 445 440 452 490 473 436 423 411 420 414 437 419 413 401 397 436 432 412 398 380 405 391 412 415 417 428 433 445 396 387 375 418 442 428 420 418 436 439 434 441 443 432 434 450 414 425 422 404 413 415 428 429 432 446 408 396 367 396 392 445 453 396 417 426 440 406 410 410 455 456 442 437 448 466 469 466 461 447 432 428 429 432 418 426 433 443 434 429 431 424 437 446 448 432 442 458 446 438 419 434 438 415 393 408 420 412 439 481 445 444 475 462 464 451 441 440 451 442 431 450 463 449 445 443 412 429 453 419 433 413 430 443 415 421 458 424 393 401 387 390 393 399 405 407 371 410 396 401 407 390 416 413 424 424 422 406 412 402 432 428 449 462 461 427 410 378 405 389 406 385 395 407 413 404 421 426 429 410 402 422 409 404 420 410 403 404 396 400 438 452 423 425 452 425 399 389 373 362 393 408 401 411 443 467 435 438 423 442 432 436 443 465 434 415 388 399 441 426 470 459 419 394 402 392 408 390 397 439 409 413 404 416 397 413 389 415 418 424 420 414 419 406 395 388 414 440 442 435 431 414 420 424 417 453 428 434 432 429 430 418 400 410 415 394 391 425 423 430 439 443 430 426 411 448 440 420 416 440 434 438 448 443 433 443 478 476 472 449 420 438 438 424 427 417 413 391 400 400 414 412 417 440 413 440 445 421 408 407 402 419 451 450 400 420 446 433 435 425 425 416 401 416 415 417 433 416 443 450 431 419 418 399 431 458 425 438 440 427 436 444 408 407 412 433 454 433 393 385 427 398 415 426 424 436 447 438 421 385 419 460 433 421 425 398 422 437 440 440 463 461 428 448 482 450 468 436 428 426 400 404 413 445 453 442 462 433 414 449 442 449 447 464 479 444 418 418 417 400 417 405 426 428 419 446 443 446 444 413 388 433 424 419 414 426 429 423 406 410 421 442 449 444 455 456 463 450 442 442 448 436 424 436 417 437 410 400 411 424 429 449 458 487 480 428 437 435 432 414 438 398 415 459 468 462 451 455 442 465 468 430 421 438 435 418 393 402 418 432 400 425 415 448 437 445 431 434 407 423 414 431 451 466 410 399 435 409 404 432 405 416 464 470 473 437 423 396 374 420 422 405 403 432 409 424 440 450 440 445 407 391 395 400 395 391 416 443 447 410 418 448 435 416 413 398 448 475 454 451 459 437 432 449 436 430 395 399 413 419 384 412 386 404 401 402 427 404 405 406 444 431 445 420 406 433 408 415 436 436 453 439 419 440 433 414 409 432 439 436 417 427 415 427 430 424 461 440 410 453 426 395 428 434 440 460 457 456 452 464 466 435 379 356 400 429 429 418 431 412 388 387 436 442 427 413 416 406 425 428 427 436 400 418 406 422 450 454 424 419 417 445 435 426 422 437 413 412 403 395 411 440 451 454 442 448 444 421 393 396 390 369 384 412 428 403 418 416 389 402 429 418 400 396 401 408 395 405 427 415 415 417 420 438 433 460 459 427 429 446 417 426 426 426 434 424 443 445 412 418 427 409 404 423 409 408 424 437 401 377 381 401 445 439 421 433 453 451 451 414 420 424 422 418 396 425 441 439 436 428 444 420 444 434 421 429 410 430 404 431 434 423 410 419 436 418 440 452 472 456 457 448 445 420 423 413 450 428 436 456 423 424 433 412 427 455 440 425 445 420 395 430 464 
vem trace:

stid: 341
spdistance: 1094.84
radio trace:
506 516 545 551 576 564 539 518 539 515 495 543 535 526 513 502 485 475 477 460 469 473 505 483 482 518 533 508 514 505 524 496 516 488 498 501 486 468 529 533 503 489 510 482 500 531 545 548 515 492 461 493 497 466 457 474 482 553 550 538 522 511 511 486 479 517 522 511 464 448 440 489 511 484 498 506 487 453 446 485 540 539 489 483 494 477 485 508 536 555 542 522 494 470 502 483 468 460 486 505 502 456 495 525 508 534 582 527 558 520 509 539 543 534 554 524 525 522 513 542 565 550 493 492 508 540 559 527 530 504 487 495 513 490 520 510 474 462 477 500 484 502 510 502 521 555 506 493 493 507 493 450 469 482 497 493 483 478 476 492 459 485 484 500 471 503 497 506 517 515 520 526 491 513 534 504 498 540 525 504 489 474 502 502 514 530 511 479 481 509 493 485 511 507 468 450 471 475 493 463 464 479 464 477 475 466 485 497 484 472 504 523 544 538 537 509 479 500 485 497 530 535 530 516 509 515 480 498 499 506 533 554 588 558 517 490 478 504 526 556 515 513 469 472 498 508 498 494 507 466 475 525 538 543 503 487 498 449 474 474 488 493 507 524 532 526 499 479 466 476 474 481 442 464 516 491 497 484 482 473 495 521 500 455 475 517 542 538 515 471 520 507 494 496 520 514 491 498 496 517 513 509 477 472 486 513 484 497 474 494 534 510 509 480 488 490 490 492 513 530 527 501 514 486 477 478 493 496 487 468 477 510 508 503 495 495 506 513 512 513 503 520 498 463 523 513 529 517 520 515 497 508 485 470 494 517 560 521 485 500 531 502 523 509 519 531 548 542 515 538 506 508 523 526 546 535 510 516 483 526 505 467 488 517 531 529 520 502 472 506 535 538 570 538 520 520 505 526 502 492 503 491 501 486 547 532 511 517 572 515 500 504 499 495 521 498 513 495 527 488 468 494 509 513 513 503 482 449 448 486 537 509 525 525 496 512 516 524 503 550 549 524 518 537 557 550 573 542 539 512 487 475 478 485 513 519 514 506 461 475 486 474 514 546 538 512 510 509 493 475 469 507 500 529 526 499 542 494 480 448 484 476 474 507 470 461 460 499 480 495 535 515 513 509 469 472 499 496 499 509 501 489 482 504 542 522 498 496 518 526 502 511 513 501 496 512 453 474 460 440 441 476 472 473 477 472 464 493 500 540 514 523 531 551 560 554 520 502 483 505 498 498 479 495 487 524 522 498 517 546 523 522 526 546 531 506 482 472 486 519 499 469 479 508 498 498 525 486 469 452 493 483 450 438 460 526 514 524 553 582 547 515 517 477 477 484 499 502 488 457 490 490 486 459 478 500 511 514 511 529 526 518 479 487 513 510 512 491 517 548 549 533 513 515 510 542 526 509 497 490 501 497 514 478 484 509 477 500 513 497 456 485 505 495 496 468 461 472 508 499 482 470 512 519 484 506 509 533 507 498 499 566 553 503 507 506 511 492 510 485 531 547 532 510 471 493 509 508 517 512 534 519 511 511 492 513 548 525 499 492 510 509 494 528 521 476 470 472 547 539 499 524 480 503 516 503 521 474 523 508 512 468 450 471 482 516 498 519 510 490 521 524 550 478 461 498 528 487 516 493 483 491 509 515 525 553 538 501 487 462 466 482 509 495 469 494 470 468 496 491 472 482 501 490 475 530 539 526 491 476 463 490 472 478 530 542 521 500 475 479 508 555 526 528 465 482 493 483 
vem trace:

stid: 341
spdistance: 1094.84
radio trace:
506 516 545 551 576 564 539 518 539 515 495 543 535 526 513 502 485 475 477 460 469 473 505 483 482 518 533 508 514 505 524 496 516 488 498 501 486 468 529 533 503 489 510 482 500 531 545 548 515 492 461 493 497 466 457 474 482 553 550 538 522 511 511 486 479 517 522 511 464 448 440 489 511 484 498 506 487 453 446 485 540 539 489 483 494 477 485 508 536 555 542 522 494 470 502 483 468 460 486 505 502 456 495 525 508 534 582 527 558 520 509 539 543 534 554 524 525 522 513 542 565 550 493 492 508 540 559 527 530 504 487 495 513 490 520 510 474 462 477 500 484 502 510 502 521 555 506 493 493 507 493 450 469 482 497 493 483 478 476 492 459 485 484 500 471 503 497 506 517 515 520 526 491 513 534 504 498 540 525 504 489 474 502 502 514 530 511 479 481 509 493 485 511 507 468 450 471 475 493 463 464 479 464 477 475 466 485 497 484 472 504 523 544 538 537 509 479 500 485 497 530 535 530 516 509 515 480 498 499 506 533 554 588 558 517 490 478 504 526 556 515 513 469 472 498 508 498 494 507 466 475 525 538 543 503 487 498 449 474 474 488 493 507 524 532 526 499 479 466 476 474 481 442 464 516 491 497 484 482 473 495 521 500 455 475 517 542 538 515 471 520 507 494 496 520 514 491 498 496 517 513 509 477 472 486 513 484 497 474 494 534 510 509 480 488 490 490 492 513 530 527 501 514 486 477 478 493 496 487 468 477 510 508 503 495 495 506 513 512 513 503 520 498 463 523 513 529 517 520 515 497 508 485 470 494 517 560 521 485 500 531 502 523 509 519 531 548 542 515 538 506 508 523 526 546 535 510 516 483 526 505 467 488 517 531 529 520 502 472 506 535 538 570 538 520 520 505 526 502 492 503 491 501 486 547 532 511 517 572 515 500 504 499 495 521 498 513 495 527 488 468 494 509 513 513 503 482 449 448 486 537 509 525 525 496 512 516 524 503 550 549 524 518 537 557 550 573 542 539 512 487 475 478 485 513 519 514 506 461 475 486 474 514 546 538 512 510 509 493 475 469 507 500 529 526 499 542 494 480 448 484 476 474 507 470 461 460 499 480 495 535 515 513 509 469 472 499 496 499 509 501 489 482 504 542 522 498 496 518 526 502 511 513 501 496 512 453 474 460 440 441 476 472 473 477 472 464 493 500 540 514 523 531 551 560 554 520 502 483 505 498 498 479 495 487 524 522 498 517 546 523 522 526 546 531 506 482 472 486 519 499 469 479 508 498 498 525 486 469 452 493 483 450 438 460 526 514 524 553 582 547 515 517 477 477 484 499 502 488 457 490 490 486 459 478 500 511 514 511 529 526 518 479 487 513 510 512 491 517 548 549 533 513 515 510 542 526 509 497 490 501 497 514 478 484 509 477 500 513 497 456 485 505 495 496 468 461 472 508 499 482 470 512 519 484 506 509 533 507 498 499 566 553 503 507 506 511 492 510 485 531 547 532 510 471 493 509 508 517 512 534 519 511 511 492 513 548 525 499 492 510 509 494 528 521 476 470 472 547 539 499 524 480 503 516 503 521 474 523 508 512 468 450 471 482 516 498 519 510 490 521 524 550 478 461 498 528 487 516 493 483 491 509 515 525 553 538 501 487 462 466 482 509 495 469 494 470 468 496 491 472 482 501 490 475 530 539 526 491 476 463 490 472 478 530 542 521 500 475 479 508 555 526 528 465 482 493 483 
vem trace:

