SDId: 34577489
energy: 4.95149e+17
zenith: 0.511113
azimuth: 5.12499
GPSSeconc: 1125870281
stid: 343
spdistance: 745.891
radio trace:
451 457 455 445 475 461 465 473 444 466 462 470 463 444 445 441 433 443 480 476 460 440 450 465 485 486 478 462 451 435 440 445 421 410 425 444 448 447 436 439 424 433 443 442 449 456 444 468 470 471 456 456 438 429 440 450 476 453 450 470 478 477 461 467 464 456 455 478 481 484 457 449 441 441 450 433 459 477 456 461 466 455 442 434 464 475 476 480 497 483 449 467 473 441 438 459 437 449 432 423 405 374 411 448 428 401 441 446 465 445 429 432 440 447 431 446 468 444 441 439 436 435 418 458 469 452 434 437 461 484 476 455 440 452 417 445 448 419 454 462 450 440 449 448 469 488 483 456 424 420 430 425 420 428 474 485 462 453 466 464 462 447 410 413 457 463 458 462 417 442 454 464 462 453 455 467 465 478 471 453 487 485 519 479 443 424 441 457 462 447 458 417 425 453 459 446 421 447 471 434 430 445 449 457 469 454 428 437 453 454 432 402 425 436 467 468 467 432 449 449 459 493 484 458 443 462 481 481 486 455 456 445 441 443 443 470 451 480 480 476 474 463 457 445 423 476 457 466 467 459 439 434 459 465 474 449 469 489 482 450 469 472 497 513 502 473 452 443 432 442 464 442 437 479 488 499 482 506 489 481 473 431 458 480 485 460 435 421 464 476 473 501 483 469 442 448 469 475 504 491 503 489 431 441 413 450 456 454 440 451 456 434 428 445 459 447 464 471 480 462 451 461 467 452 455 449 456 473 483 463 439 429 428 428 461 482 457 450 449 462 479 476 479 438 456 487 466 468 495 483 461 429 412 435 469 426 428 453 456 468 448 443 459 458 423 399 449 452 457 479 477 473 482 450 451 431 456 458 451 419 435 447 431 428 439 449 450 438 457 440 454 481 466 476 455 468 465 430 395 404 438 464 458 460 435 442 456 466 458 455 440 486 480 482 467 432 443 454 465 462 448 445 445 421 447 424 420 422 434 446 446 439 434 441 452 439 455 457 426 420 448 453 454 472 463 462 444 443 452 428 448 453 462 481 492 476 481 480 479 451 442 452 450 440 436 427 442 477 498 499 471 448 475 455 435 436 454 456 463 470 452 438 427 407 438 466 467 454 465 465 490 493 475 439 463 496 480 470 493 472 451 426 461 469 422 444 439 465 466 449 457 447 433 443 463 475 496 480 454 473 443 458 463 499 454 437 426 447 462 469 467 446 464 458 456 433 441 429 437 459 447 437 457 442 466 464 448 445 436 446 435 440 484 485 497 490 487 491 512 471 432 462 462 481 443 437 440 460 431 440 452 492 459 449 458 451 457 441 463 458 463 457 441 439 441 439 452 467 468 460 462 484 462 447 453 469 482 474 445 474 493 503 472 467 466 471 491 509 522 478 466 479 484 459 451 439 444 449 457 442 439 464 440 424 415 420 431 455 447 466 457 446 472 481 456 475 493 487 479 479 496 474 457 475 448 421 412 452 485 467 470 470 445 455 441 460 475 428 409 399 438 477 481 487 456 476 467 457 455 452 461 442 436 432 461 427 416 428 444 458 458 458 461 455 476 466 459 463 466 444 409 444 467 443 424 437 434 449 431 424 457 474 478 474 466 463 483 491 486 483 471 480 468 464 450 423 422 413 432 444 466 451 468 453 458 468 458 478 461 451 442 459 453 467 469 485 466 485 503 509 469 473 466 461 485 469 482 488 498 478 473 449 450 439 464 458 460 449 457 460 452 453 473 467 471 475 480 456 
vem trace:

stid: 342
spdistance: 789.949
radio trace:
442 443 396 392 420 441 454 416 456 468 447 464 441 435 432 435 425 437 462 444 445 434 454 446 416 404 434 450 424 397 402 422 415 428 422 413 429 435 425 440 453 443 438 432 422 436 454 433 449 427 443 447 449 470 419 399 411 413 420 452 467 441 455 467 447 442 432 446 436 393 402 434 448 448 430 424 423 407 445 453 442 413 426 443 421 421 415 420 439 432 445 465 460 443 449 486 463 471 465 421 434 428 428 423 426 430 437 421 447 452 452 473 439 419 405 443 438 396 400 388 398 379 411 432 425 419 415 412 405 450 453 461 439 434 453 439 452 459 437 448 447 429 423 433 432 418 405 435 466 457 452 449 442 415 416 422 422 430 445 436 446 434 443 432 387 407 425 382 428 443 448 433 434 439 436 440 430 427 413 419 413 432 442 455 435 465 434 435 426 455 452 429 436 437 439 435 439 447 443 458 450 460 453 455 436 404 437 446 451 448 427 438 442 427 436 429 441 432 419 426 430 407 425 433 437 434 424 438 455 468 488 493 459 438 424 431 432 443 457 451 463 462 441 391 376 396 434 467 459 425 411 459 454 440 430 422 423 426 431 454 475 459 460 465 437 428 461 456 447 456 447 449 446 418 426 410 428 430 445 434 422 402 444 451 448 446 437 411 418 433 439 424 414 436 443 459 426 403 414 427 431 457 439 434 441 469 441 456 409 435 464 450 411 420 425 444 447 474 452 445 420 440 465 449 430 427 413 431 453 426 471 456 425 418 413 446 431 453 450 444 426 448 444 452 426 425 444 465 434 422 421 400 410 427 442 444 416 410 429 453 445 440 434 449 462 461 437 453 447 441 432 425 428 436 416 449 484 475 455 444 462 444 418 428 443 448 452 454 458 453 439 425 446 445 446 429 416 420 403 405 400 404 441 454 477 457 426 423 428 427 433 423 424 423 432 448 438 441 426 435 458 455 469 462 447 460 439 427 430 431 407 402 444 477 475 473 492 464 447 404 423 439 429 428 423 430 411 452 436 458 479 442 412 430 464 446 433 450 454 465 450 447 431 431 455 426 450 424 455 492 473 455 401 417 448 431 430 436 449 439 415 446 452 442 443 437 432 422 416 408 437 410 392 381 389 377 409 409 435 444 422 398 397 420 407 416 456 464 452 434 426 420 420 415 407 429 443 414 403 399 407 408 415 399 403 413 424 405 391 414 425 412 447 446 460 419 432 431 438 457 438 457 477 444 426 411 406 443 446 432 418 400 402 432 428 396 418 441 422 418 401 394 433 415 398 429 440 447 459 442 444 429 419 433 428 414 430 451 444 430 435 466 447 454 449 437 414 421 434 434 446 429 408 389 436 397 377 380 402 444 422 442 454 442 435 452 456 457 465 456 426 423 408 415 415 431 418 404 414 430 435 444 439 457 470 450 426 429 400 418 441 455 463 482 472 471 477 443 428 414 424 431 451 432 438 442 414 438 448 429 452 485 457 403 408 431 425 446 465 433 429 388 422 431 404 433 451 470 441 462 468 445 430 457 423 420 426 462 487 468 469 451 417 412 432 441 427 441 461 470 443 444 433 449 451 436 435 422 417 446 448 463 464 475 448 450 445 443 450 450 453 458 447 459 462 469 440 424 436 434 420 408 445 446 413 443 413 414 408 430 443 461 444 420 410 424 450 447 442 459 422 424 473 463 482 477 457 437 402 379 399 400 411 436 418 427 410 426 459 460 438 469 460 466 452 404 416 442 
vem trace:

stid: 341
spdistance: 902.815
radio trace:
503 538 522 470 436 482 511 523 497 500 481 526 536 496 485 520 549 502 467 495 507 495 466 469 499 488 498 515 468 497 544 490 489 498 481 502 519 540 535 570 526 492 501 504 532 553 539 530 525 535 495 513 532 510 524 502 487 490 567 550 492 460 465 481 511 550 571 536 534 513 515 441 478 522 534 551 559 544 508 520 510 493 489 515 550 565 560 535 523 536 501 460 480 459 479 491 475 523 494 499 473 459 489 514 506 532 577 526 505 477 470 449 477 517 558 539 535 518 494 491 479 474 518 535 510 509 539 564 532 521 463 473 483 521 545 513 485 497 489 510 493 456 455 474 490 523 509 540 580 557 533 488 473 482 470 456 451 468 494 498 507 497 508 502 562 571 497 472 526 537 555 562 540 549 532 487 492 478 501 482 526 519 553 586 558 522 538 505 515 535 533 530 494 499 492 463 470 484 480 528 516 537 549 542 512 481 505 518 518 492 533 505 470 480 478 473 489 551 535 512 515 470 479 516 508 476 471 461 486 497 497 492 489 509 469 478 514 513 510 507 521 481 493 499 479 444 495 512 482 462 485 495 518 497 523 537 542 567 534 554 513 522 499 489 513 550 532 475 537 513 510 519 518 488 501 494 523 501 510 501 487 539 533 515 509 517 517 508 495 504 521 548 506 499 512 510 491 474 478 488 502 525 536 541 528 517 557 585 558 550 543 507 482 466 522 528 513 490 496 512 514 492 500 524 506 524 509 491 513 535 534 539 535 557 530 512 517 473 467 439 467 475 441 432 480 495 490 494 523 533 493 489 472 487 483 495 500 488 493 489 506 483 475 526 488 482 498 477 442 473 484 488 497 487 493 507 493 487 505 468 501 515 526 506 485 512 552 572 530 499 495 510 475 506 507 484 486 501 509 521 540 503 508 519 555 510 512 498 480 481 473 480 503 489 469 508 534 535 549 537 514 482 496 481 482 529 526 494 502 476 498 480 462 500 543 540 530 481 460 481 490 515 513 502 492 442 506 498 492 493 491 508 511 520 516 504 509 502 495 543 505 490 498 528 520 487 503 497 512 544 533 532 481 521 545 527 519 476 460 480 526 543 520 511 502 476 469 460 460 478 505 497 502 505 511 498 496 486 498 470 473 461 440 433 459 503 496 486 499 484 495 532 541 515 505 488 521 523 495 504 505 494 465 464 491 487 494 486 505 537 562 528 510 506 471 513 495 517 471 456 488 489 460 485 479 453 533 550 560 553 531 539 509 476 483 510 488 525 518 515 486 496 515 542 542 513 529 513 502 462 496 533 570 536 553 539 557 556 570 525 498 491 536 515 500 486 493 477 498 516 535 510 494 509 526 532 516 512 525 505 484 521 493 493 503 470 496 491 495 513 496 504 483 465 485 511 548 511 491 480 503 510 510 481 495 553 564 544 535 543 563 533 522 502 486 468 503 516 486 508 531 513 475 478 497 475 485 514 538 533 541 528 493 491 494 494 509 541 496 517 533 532 516 510 481 473 510 512 459 480 541 562 552 526 517 535 523 512 480 490 515 502 528 553 555 528 538 497 536 524 499 570 572 545 570 533 544 535 513 524 581 549 535 538 542 538 538 512 506 508 534 510 486 470 507 475 516 552 528 527 510 561 528 499 476 462 493 504 514 502 490 509 502 455 463 503 527 487 477 477 485 461 460 448 499 483 489 514 509 509 505 502 512 458 454 486 500 522 505 523 477 505 538 529 534 503 522 500 
vem trace:

stid: 341
spdistance: 902.815
radio trace:
503 538 522 470 436 482 511 523 497 500 481 526 536 496 485 520 549 502 467 495 507 495 466 469 499 488 498 515 468 497 544 490 489 498 481 502 519 540 535 570 526 492 501 504 532 553 539 530 525 535 495 513 532 510 524 502 487 490 567 550 492 460 465 481 511 550 571 536 534 513 515 441 478 522 534 551 559 544 508 520 510 493 489 515 550 565 560 535 523 536 501 460 480 459 479 491 475 523 494 499 473 459 489 514 506 532 577 526 505 477 470 449 477 517 558 539 535 518 494 491 479 474 518 535 510 509 539 564 532 521 463 473 483 521 545 513 485 497 489 510 493 456 455 474 490 523 509 540 580 557 533 488 473 482 470 456 451 468 494 498 507 497 508 502 562 571 497 472 526 537 555 562 540 549 532 487 492 478 501 482 526 519 553 586 558 522 538 505 515 535 533 530 494 499 492 463 470 484 480 528 516 537 549 542 512 481 505 518 518 492 533 505 470 480 478 473 489 551 535 512 515 470 479 516 508 476 471 461 486 497 497 492 489 509 469 478 514 513 510 507 521 481 493 499 479 444 495 512 482 462 485 495 518 497 523 537 542 567 534 554 513 522 499 489 513 550 532 475 537 513 510 519 518 488 501 494 523 501 510 501 487 539 533 515 509 517 517 508 495 504 521 548 506 499 512 510 491 474 478 488 502 525 536 541 528 517 557 585 558 550 543 507 482 466 522 528 513 490 496 512 514 492 500 524 506 524 509 491 513 535 534 539 535 557 530 512 517 473 467 439 467 475 441 432 480 495 490 494 523 533 493 489 472 487 483 495 500 488 493 489 506 483 475 526 488 482 498 477 442 473 484 488 497 487 493 507 493 487 505 468 501 515 526 506 485 512 552 572 530 499 495 510 475 506 507 484 486 501 509 521 540 503 508 519 555 510 512 498 480 481 473 480 503 489 469 508 534 535 549 537 514 482 496 481 482 529 526 494 502 476 498 480 462 500 543 540 530 481 460 481 490 515 513 502 492 442 506 498 492 493 491 508 511 520 516 504 509 502 495 543 505 490 498 528 520 487 503 497 512 544 533 532 481 521 545 527 519 476 460 480 526 543 520 511 502 476 469 460 460 478 505 497 502 505 511 498 496 486 498 470 473 461 440 433 459 503 496 486 499 484 495 532 541 515 505 488 521 523 495 504 505 494 465 464 491 487 494 486 505 537 562 528 510 506 471 513 495 517 471 456 488 489 460 485 479 453 533 550 560 553 531 539 509 476 483 510 488 525 518 515 486 496 515 542 542 513 529 513 502 462 496 533 570 536 553 539 557 556 570 525 498 491 536 515 500 486 493 477 498 516 535 510 494 509 526 532 516 512 525 505 484 521 493 493 503 470 496 491 495 513 496 504 483 465 485 511 548 511 491 480 503 510 510 481 495 553 564 544 535 543 563 533 522 502 486 468 503 516 486 508 531 513 475 478 497 475 485 514 538 533 541 528 493 491 494 494 509 541 496 517 533 532 516 510 481 473 510 512 459 480 541 562 552 526 517 535 523 512 480 490 515 502 528 553 555 528 538 497 536 524 499 570 572 545 570 533 544 535 513 524 581 549 535 538 542 538 538 512 506 508 534 510 486 470 507 475 516 552 528 527 510 561 528 499 476 462 493 504 514 502 490 509 502 455 463 503 527 487 477 477 485 461 460 448 499 483 489 514 509 509 505 502 512 458 454 486 500 522 505 523 477 505 538 529 534 503 522 500 
vem trace:

