SDId: 34882752
energy: 4.83336e+17
zenith: 0.487277
azimuth: 0.476476
GPSSeconc: 1127606991
stid: 341
spdistance: 1132.85
radio trace:
510 513 532 491 489 487 509 517 479 488 501 512 498 502 524 533 474 476 486 516 537 547 509 534 537 572 586 552 547 538 575 529 505 498 500 544 566 520 548 544 543 521 518 544 518 534 516 483 472 504 513 506 513 510 508 494 485 480 517 549 545 537 560 543 473 506 518 518 513 518 540 551 547 538 501 516 508 553 541 552 540 533 482 534 537 523 520 500 492 509 536 520 529 544 536 559 545 531 539 541 539 513 485 518 484 498 503 514 505 514 526 528 510 496 499 486 520 553 536 503 518 524 560 518 480 470 519 532 554 492 488 469 499 514 507 518 531 528 490 450 500 511 500 484 499 489 487 525 532 527 497 514 475 498 529 535 539 532 564 554 487 501 505 507 565 530 540 513 531 537 477 494 485 493 523 502 523 509 467 488 517 500 510 539 530 527 511 498 542 533 530 532 537 515 525 576 517 480 484 471 515 527 486 496 475 466 493 520 513 488 497 455 488 471 499 526 504 529 533 509 518 536 509 504 507 509 518 522 467 486 492 506 522 503 522 535 530 541 519 514 497 481 494 527 534 544 542 516 538 547 541 486 508 513 527 519 511 536 542 500 475 490 487 495 500 486 512 502 506 549 537 497 501 511 493 501 512 517 532 524 503 523 534 504 487 472 441 500 515 495 525 513 505 482 522 504 488 501 526 535 524 537 527 518 530 547 514 516 508 517 528 533 520 513 459 494 534 559 535 537 556 555 555 558 527 506 546 570 537 489 505 532 503 519 526 515 516 487 498 556 505 496 490 513 512 543 523 481 478 520 513 503 469 497 486 518 531 559 552 549 570 519 533 504 488 496 510 534 525 505 527 512 525 541 457 456 494 518 543 519 551 541 554 545 523 532 492 495 555 538 558 548 531 530 495 529 483 458 456 480 493 501 497 462 492 512 486 500 507 507 472 507 533 526 549 532 550 550 523 527 491 498 495 515 503 488 546 574 555 532 542 519 549 531 536 548 517 533 530 542 499 552 564 494 469 484 503 549 551 528 522 528 495 502 510 564 583 544 534 552 515 505 524 513 525 539 548 512 512 500 519 486 481 537 535 510 542 537 513 500 519 510 537 560 534 550 540 538 548 514 517 501 506 506 518 485 511 506 480 503 489 487 474 470 490 555 573 529 537 553 568 543 528 528 537 519 535 539 529 533 536 506 544 538 548 539 535 510 490 557 535 559 528 538 516 523 493 501 529 523 551 548 578 543 525 497 465 482 507 521 478 477 502 496 549 593 610 564 489 473 472 481 491 501 524 554 532 533 523 489 477 515 507 518 476 483 478 508 514 504 517 541 508 510 524 513 521 534 502 510 558 541 508 502 460 481 519 493 505 545 561 555 539 514 514 502 516 501 496 469 480 480 462 454 506 513 528 534 549 536 562 538 552 509 499 494 495 487 515 528 522 516 499 479 458 492 520 555 524 506 489 497 511 530 484 511 503 541 543 515 508 499 525 531 551 497 505 524 484 500 541 552 564 559 603 573 516 511 477 472 477 471 487 528 507 509 514 515 510 521 539 515 519 506 529 506 494 503 495 469 504 545 555 529 503 520 571 568 537 537 544 525 535 544 521 580 579 534 495 524 548 551 583 596 553 553 565 564 554 559 569 540 506 504 516 508 491 530 560 534 510 495 521 556 554 590 545 511 503 551 549 559 520 498 452 459 475 490 486 515 495 509 523 517 551 524 514 547 516 479 459 473 500 517 546 573 522 519 
vem trace:

stid: 341
spdistance: 1132.85
radio trace:
510 513 532 491 489 487 509 517 479 488 501 512 498 502 524 533 474 476 486 516 537 547 509 534 537 572 586 552 547 538 575 529 505 498 500 544 566 520 548 544 543 521 518 544 518 534 516 483 472 504 513 506 513 510 508 494 485 480 517 549 545 537 560 543 473 506 518 518 513 518 540 551 547 538 501 516 508 553 541 552 540 533 482 534 537 523 520 500 492 509 536 520 529 544 536 559 545 531 539 541 539 513 485 518 484 498 503 514 505 514 526 528 510 496 499 486 520 553 536 503 518 524 560 518 480 470 519 532 554 492 488 469 499 514 507 518 531 528 490 450 500 511 500 484 499 489 487 525 532 527 497 514 475 498 529 535 539 532 564 554 487 501 505 507 565 530 540 513 531 537 477 494 485 493 523 502 523 509 467 488 517 500 510 539 530 527 511 498 542 533 530 532 537 515 525 576 517 480 484 471 515 527 486 496 475 466 493 520 513 488 497 455 488 471 499 526 504 529 533 509 518 536 509 504 507 509 518 522 467 486 492 506 522 503 522 535 530 541 519 514 497 481 494 527 534 544 542 516 538 547 541 486 508 513 527 519 511 536 542 500 475 490 487 495 500 486 512 502 506 549 537 497 501 511 493 501 512 517 532 524 503 523 534 504 487 472 441 500 515 495 525 513 505 482 522 504 488 501 526 535 524 537 527 518 530 547 514 516 508 517 528 533 520 513 459 494 534 559 535 537 556 555 555 558 527 506 546 570 537 489 505 532 503 519 526 515 516 487 498 556 505 496 490 513 512 543 523 481 478 520 513 503 469 497 486 518 531 559 552 549 570 519 533 504 488 496 510 534 525 505 527 512 525 541 457 456 494 518 543 519 551 541 554 545 523 532 492 495 555 538 558 548 531 530 495 529 483 458 456 480 493 501 497 462 492 512 486 500 507 507 472 507 533 526 549 532 550 550 523 527 491 498 495 515 503 488 546 574 555 532 542 519 549 531 536 548 517 533 530 542 499 552 564 494 469 484 503 549 551 528 522 528 495 502 510 564 583 544 534 552 515 505 524 513 525 539 548 512 512 500 519 486 481 537 535 510 542 537 513 500 519 510 537 560 534 550 540 538 548 514 517 501 506 506 518 485 511 506 480 503 489 487 474 470 490 555 573 529 537 553 568 543 528 528 537 519 535 539 529 533 536 506 544 538 548 539 535 510 490 557 535 559 528 538 516 523 493 501 529 523 551 548 578 543 525 497 465 482 507 521 478 477 502 496 549 593 610 564 489 473 472 481 491 501 524 554 532 533 523 489 477 515 507 518 476 483 478 508 514 504 517 541 508 510 524 513 521 534 502 510 558 541 508 502 460 481 519 493 505 545 561 555 539 514 514 502 516 501 496 469 480 480 462 454 506 513 528 534 549 536 562 538 552 509 499 494 495 487 515 528 522 516 499 479 458 492 520 555 524 506 489 497 511 530 484 511 503 541 543 515 508 499 525 531 551 497 505 524 484 500 541 552 564 559 603 573 516 511 477 472 477 471 487 528 507 509 514 515 510 521 539 515 519 506 529 506 494 503 495 469 504 545 555 529 503 520 571 568 537 537 544 525 535 544 521 580 579 534 495 524 548 551 583 596 553 553 565 564 554 559 569 540 506 504 516 508 491 530 560 534 510 495 521 556 554 590 545 511 503 551 549 559 520 498 452 459 475 490 486 515 495 509 523 517 551 524 514 547 516 479 459 473 500 517 546 573 522 519 
vem trace:

