SDId: 34894491
energy: 1.48742e+18
zenith: 0.931033
azimuth: 3.76179
GPSSeconc: 1127680752
stid: 332
spdistance: 476.967
radio trace:
614 563 538 549 534 543 546 544 522 535 558 557 540 545 494 494 519 544 536 545 546 532 530 557 579 534 544 540 519 505 519 547 561 554 546 582 580 560 568 583 599 604 596 583 588 614 603 567 561 554 575 572 599 586 570 546 552 561 552 559 578 551 574 550 544 540 559 550 573 535 545 525 548 518 512 525 569 529 542 547 547 558 587 578 579 540 530 554 590 564 546 564 526 529 550 543 571 562 555 536 548 575 580 580 575 525 488 526 558 552 558 551 546 528 523 544 561 549 598 577 567 568 597 616 597 550 571 577 575 592 584 595 565 524 513 529 534 526 560 541 539 527 494 519 539 525 534 535 561 550 539 552 556 525 531 565 543 544 559 551 584 578 568 558 533 561 560 553 541 559 545 550 576 576 566 569 571 541 558 534 523 574 570 569 577 572 558 529 534 553 577 577 612 586 551 553 544 534 514 566 559 564 572 569 559 563 568 593 586 575 569 572 566 557 545 556 530 541 529 554 560 591 600 549 526 559 552 570 571 578 578 575 547 527 540 536 561 571 558 559 546 571 584 555 553 558 564 572 565 571 559 556 562 518 517 532 565 550 566 551 537 537 549 560 569 569 553 553 579 572 555 569 600 602 619 597 582 589 580 574 605 552 527 574 534 566 550 560 526 535 546 549 563 534 533 595 593 567 577 541 547 569 584 593 579 561 555 562 555 548 540 532 544 514 532 557 606 590 557 532 535 530 543 553 537 547 533 553 553 525 543 544 555 576 561 535 564 536 514 507 543 581 581 588 578 540 552 541 535 500 524 546 528 530 577 597 594 569 571 548 522 548 563 550 543 548 551 533 563 559 557 565 543 553 524 562 558 534 534 493 519 544 542 551 534 540 587 593 598 564 553 537 534 522 532 545 552 554 566 573 563 542 554 560 565 584 565 572 571 544 578 608 601 542 557 563 564 557 580 542 502 485 533 573 567 561 566 582 585 580 579 561 558 535 546 559 573 567 554 554 545 566 538 565 535 526 537 541 525 521 514 535 541 551 534 551 549 564 569 557 570 567 556 544 540 539 551 554 526 572 555 578 545 518 556 553 550 568 563 561 541 549 553 542 551 580 591 597 569 534 497 532 536 530 528 544 535 571 592 603 574 564 552 564 573 570 529 538 546 548 537 554 568 603 572 572 528 526 550 551 544 575 552 512 501 526 561 571 553 555 555 528 529 577 577 549 551 546 524 550 569 550 587 593 542 541 556 558 558 565 558 558 594 578 541 566 568 563 524 528 539 549 555 557 540 580 585 562 562 562 564 552 560 552 515 506 542 581 553 529 530 507 520 519 521 517 513 543 546 554 561 550 526 521 501 516 520 521 556 572 552 559 541 527 542 515 537 575 597 607 590 576 566 522 531 548 559 542 537 539 528 503 533 590 593 583 589 581 547 539 581 555 538 526 540 513 533 534 534 523 558 590 597 565 589 582 592 569 596 596 565 583 598 573 549 554 560 540 529 538 541 570 567 581 554 548 539 551 582 592 603 617 613 610 584 589 577 576 567 566 605 595 575 606 600 555 559 538 523 544 550 554 555 563 574 587 559 555 538 538 557 574 574 558 581 591 598 615 580 556 543 600 588 630 568 531 573 561 550 558 575 573 562 550 518 530 530 576 572 558 567 551 525 517 505 537 529 563 571 562 578 576 585 530 524 529 544 561 571 563 571 562 577 560 520 554 531 545 564 590 565 532 586 589 555 548 578 535 
vem trace:

stid: 333
spdistance: 695.527
radio trace:
489 477 495 524 514 500 502 502 448 438 454 467 481 508 498 477 447 436 470 478 501 509 512 494 474 494 470 445 444 472 456 465 484 499 498 544 562 537 538 507 508 507 540 504 492 480 513 490 493 507 515 495 506 523 501 463 498 500 482 490 506 489 504 462 436 461 506 483 482 512 526 510 486 480 482 484 482 478 484 561 534 537 546 520 490 509 514 511 490 476 519 563 569 506 510 512 490 437 472 514 531 511 493 489 482 475 468 489 517 504 498 490 513 544 492 500 523 512 495 497 506 524 518 526 509 474 497 519 538 522 509 463 467 477 495 530 547 500 490 514 504 508 516 528 515 525 515 505 495 499 536 525 503 506 494 490 465 475 506 507 477 488 527 549 526 511 508 504 504 510 530 548 501 515 539 513 494 502 514 514 516 494 467 481 490 485 464 489 508 484 451 489 489 461 501 516 521 520 503 476 498 512 459 485 505 544 510 458 453 488 508 513 501 483 509 524 495 491 509 505 515 487 479 483 495 494 480 489 464 453 496 510 519 526 472 496 495 463 473 485 508 535 489 507 514 494 480 492 488 473 489 522 491 516 514 507 498 503 512 503 513 500 506 483 480 483 487 498 473 482 464 466 507 527 530 526 540 531 503 505 532 538 548 495 474 492 485 489 495 467 471 483 496 503 508 515 517 555 531 487 483 486 517 519 508 490 446 481 515 506 508 513 482 520 522 503 486 486 487 468 497 461 487 473 492 504 484 507 471 458 474 461 465 491 471 464 484 493 498 495 467 489 506 500 519 511 487 472 469 499 499 467 454 509 487 510 487 510 527 518 501 506 522 497 476 488 492 481 434 462 472 505 490 464 461 471 504 504 476 532 564 561 562 517 509 481 494 458 466 487 524 499 461 410 472 482 481 489 468 531 499 499 490 476 494 485 459 453 456 468 501 498 477 435 477 507 494 490 495 517 507 519 513 489 485 458 462 452 510 491 504 534 514 487 486 497 485 495 509 499 482 489 505 509 479 456 467 452 494 511 492 473 467 470 479 519 517 528 516 496 473 460 482 515 542 538 520 487 465 465 475 475 457 447 455 458 477 485 499 509 533 521 498 480 476 462 456 461 496 510 502 477 429 465 502 493 448 502 477 511 463 450 443 469 463 495 493 533 521 516 496 514 534 514 489 477 475 472 464 502 490 496 491 509 487 488 473 497 517 494 476 480 473 490 488 480 478 493 471 493 506 489 490 512 510 501 483 530 516 502 529 497 521 503 503 490 491 482 497 502 481 476 493 541 539 556 535 496 476 483 498 460 487 493 500 482 459 474 509 523 493 478 493 521 513 524 525 505 513 484 499 480 479 519 526 482 508 467 481 498 481 483 492 488 496 512 506 506 503 536 520 484 514 458 472 478 506 496 477 522 521 519 540 532 505 484 525 544 551 554 533 548 492 510 493 464 492 479 534 507 489 486 490 509 503 498 470 460 459 458 491 491 475 493 500 493 495 484 480 471 482 518 481 454 469 471 494 493 520 540 537 528 516 519 515 506 460 430 462 450 458 480 489 453 437 461 522 511 491 504 508 530 539 492 478 439 467 496 481 502 527 525 540 534 531 541 536 543 517 507 520 496 471 466 476 498 464 488 519 539 485 458 501 495 470 474 509 519 471 434 499 525 516 529 510 545 552 567 549 516 475 474 461 497 485 443 487 512 532 495 502 492 487 476 468 453 459 484 450 487 509 516 491 471 461 464 460 460 
vem trace:

stid: 342
spdistance: 1235.2
radio trace:
489 501 530 526 497 504 541 543 482 472 470 491 525 494 483 470 484 508 518 515 511 519 490 486 528 523 495 464 454 459 471 515 518 521 546 507 497 494 457 444 475 489 489 486 514 515 530 530 562 563 533 536 539 549 518 502 509 485 472 465 491 521 546 504 489 505 519 499 497 488 477 519 539 566 564 512 510 490 489 486 495 511 550 556 547 506 510 512 526 525 479 491 529 516 476 481 477 460 502 538 541 504 515 540 486 473 518 508 497 516 530 524 501 532 526 511 502 508 537 506 499 474 515 526 524 541 500 499 516 505 501 495 478 491 519 542 545 522 520 511 487 487 493 505 518 512 544 533 513 516 525 499 465 476 478 493 507 471 482 475 477 485 517 530 525 507 494 494 507 509 490 494 503 522 532 517 525 510 535 476 481 482 531 534 522 526 505 486 475 525 503 516 496 491 485 507 526 515 510 460 481 520 532 554 570 548 525 512 514 504 523 503 480 452 485 460 474 470 456 457 472 440 487 545 553 517 525 490 514 547 531 534 521 506 483 498 502 528 489 521 509 491 501 496 498 514 498 496 516 486 487 484 482 475 492 523 541 536 525 493 470 517 536 535 523 499 488 475 499 495 533 528 511 517 474 464 465 483 482 502 487 494 483 493 488 508 471 473 470 489 500 506 500 538 533 523 548 521 520 505 482 486 499 496 439 460 463 495 466 469 490 506 492 490 486 483 469 474 484 481 478 490 475 463 470 494 506 516 520 494 503 504 491 511 504 484 483 464 497 540 537 518 513 510 534 530 529 522 514 527 502 512 542 498 483 492 494 474 494 496 514 510 496 476 484 508 533 501 510 522 515 500 479 513 541 527 541 570 515 470 505 524 495 514 524 499 500 536 498 467 480 499 476 495 533 510 494 485 493 494 484 454 468 465 484 512 492 513 490 485 501 515 494 479 504 497 491 495 477 479 491 508 506 503 461 465 498 506 525 529 540 537 524 518 506 496 527 494 492 480 446 460 485 533 521 513 485 479 512 511 484 482 490 498 498 497 471 460 469 469 473 503 529 535 519 502 534 526 513 508 501 524 535 491 487 485 493 508 539 548 523 523 506 495 511 519 513 512 526 505 505 514 492 474 496 485 460 470 517 509 545 521 503 498 498 496 463 481 506 510 477 473 462 481 520 488 479 517 522 514 497 476 503 537 528 548 518 512 504 490 504 533 501 502 529 521 533 512 495 457 491 495 507 509 474 483 479 491 514 516 516 491 476 483 501 488 497 508 495 506 507 487 447 463 474 501 503 506 484 512 514 534 555 508 532 541 484 467 497 509 503 540 555 532 528 502 508 516 510 522 526 515 520 516 513 504 510 520 500 492 512 501 477 482 513 509 516 501 504 491 474 483 469 446 465 458 481 492 487 491 529 537 499 481 496 474 498 503 503 507 479 499 466 508 487 487 534 524 509 502 518 523 526 533 493 515 505 476 485 494 494 548 552 523 543 512 499 483 502 485 505 491 502 456 486 470 495 483 470 446 494 521 536 519 514 470 472 488 508 494 480 499 496 516 520 507 497 509 516 514 508 486 502 475 439 468 507 532 527 531 505 497 445 437 458 470 476 510 516 503 472 497 508 518 506 531 513 533 499 507 523 542 541 485 512 545 547 523 507 486 517 535 498 448 488 483 489 489 481 473 497 512 500 506 495 496 483 487 478 461 510 494 505 520 536 523 514 489 506 509 555 552 533 491 512 528 526 513 
vem trace:

