SDId: 34712481
energy: 4.61438e+17
zenith: 0.355508
azimuth: 3.67888
GPSSeconc: 1126558852
stid: 342
spdistance: 772.179
radio trace:
442 457 457 477 417 423 435 464 466 445 445 470 478 470 460 478 483 443 492 486 467 451 423 445 490 467 428 466 450 462 454 439 457 440 448 446 451 467 427 411 424 420 438 460 475 474 475 483 485 484 489 458 466 460 459 470 453 440 459 431 453 489 505 484 437 432 423 425 432 453 491 456 455 427 411 397 434 452 440 418 433 453 438 460 453 458 476 512 469 447 436 465 491 475 466 435 473 478 470 473 474 466 456 465 482 459 449 434 463 454 465 471 472 452 460 491 465 447 456 483 471 441 439 447 472 456 473 464 442 447 462 466 440 460 450 450 453 441 457 456 436 438 462 461 479 470 460 459 456 480 473 483 494 476 507 485 445 453 493 500 474 446 467 481 476 466 472 471 496 483 449 441 442 467 460 432 440 439 454 426 425 476 483 477 478 458 444 459 489 473 493 466 459 451 483 454 439 452 456 501 483 453 441 448 428 428 425 435 446 429 442 432 431 425 434 491 490 476 436 470 448 423 448 441 431 440 476 465 451 463 458 468 448 437 443 470 439 441 472 491 488 467 472 461 478 453 446 464 451 455 461 451 444 451 457 434 464 482 455 486 463 453 476 467 442 423 460 450 465 468 470 427 433 454 455 447 412 414 426 413 433 468 491 462 420 463 453 430 438 440 458 497 507 453 442 458 433 442 426 453 481 456 439 414 439 437 434 447 447 426 439 452 443 442 432 417 432 436 465 447 460 442 449 455 452 451 456 461 450 460 469 458 444 476 456 438 442 452 467 477 453 410 436 459 476 499 461 412 427 454 455 448 439 467 490 480 477 499 482 453 451 465 474 456 440 439 438 436 438 471 458 458 446 431 448 442 423 423 434 451 463 464 467 479 499 488 444 463 487 485 465 489 486 484 512 491 456 474 480 477 469 473 440 463 474 442 434 418 421 441 449 449 473 450 460 477 472 454 449 457 440 412 446 463 470 468 463 452 469 469 451 442 436 442 456 443 433 434 459 443 437 432 426 450 453 449 459 486 485 459 474 433 403 417 431 444 457 465 450 454 462 467 439 449 411 446 476 461 469 432 448 439 415 432 418 450 458 462 452 435 451 468 436 419 423 422 433 433 439 448 438 467 500 457 459 462 460 453 455 467 463 474 480 461 453 439 423 424 437 466 463 456 471 454 448 455 456 473 465 460 486 473 484 484 509 516 509 513 451 399 400 437 476 488 483 470 504 448 455 461 488 459 465 472 472 478 448 436 446 431 448 440 433 430 469 477 473 449 422 443 439 455 474 461 502 472 468 456 468 461 464 501 476 480 451 443 446 442 475 496 497 467 497 477 474 477 466 488 490 461 445 472 474 454 449 447 452 433 445 440 458 464 481 476 481 457 471 438 427 448 474 478 478 478 465 459 460 463 450 429 408 441 454 451 450 436 431 459 490 489 487 478 462 452 446 459 443 419 452 474 443 456 439 472 449 474 464 474 442 436 443 419 454 452 462 460 482 500 487 454 466 490 473 470 468 499 453 461 435 412 444 472 475 459 462 446 477 450 455 446 465 474 475 481 485 494 478 471 480 467 422 436 474 464 473 472 493 481 460 453 452 466 453 466 459 437 445 473 442 467 496 501 527 494 456 456 486 482 512 465 483 474 468 489 471 464 433 434 453 446 443 456 459 476 447 450 462 447 447 448 428 457 459 438 450 459 433 423 425 455 469 460 460 455 456 453 436 455 458 426 435 449 484 491 485 480 454 470 
vem trace:

stid: 333
spdistance: 1205.42
radio trace:
473 445 450 459 477 462 421 379 410 447 465 450 440 455 469 470 495 476 467 478 476 454 423 428 448 473 459 468 460 419 453 460 466 505 507 501 428 430 450 482 452 449 449 429 413 411 394 421 431 420 430 448 459 447 423 442 431 469 448 448 477 474 464 485 458 434 448 472 451 476 477 455 462 479 442 449 463 442 436 455 430 428 420 422 419 429 438 430 442 475 457 440 438 462 491 531 519 465 417 422 432 430 443 448 502 488 459 478 449 450 448 466 463 440 447 483 487 486 483 483 460 447 422 436 447 465 461 450 423 421 417 449 454 424 427 426 435 427 441 437 432 440 449 427 420 454 465 469 472 487 457 443 412 427 453 463 448 417 428 496 478 449 430 452 429 447 443 418 424 451 445 457 429 439 415 446 470 449 444 473 478 453 415 434 441 459 489 505 498 474 448 434 386 404 397 406 431 443 451 436 435 446 435 438 434 458 460 439 453 464 457 447 437 436 437 456 454 476 500 457 416 441 454 454 471 468 475 460 446 461 432 404 439 476 446 457 472 506 450 409 411 407 413 445 449 423 425 447 448 433 464 474 449 452 455 456 445 408 438 420 440 463 452 442 441 446 448 456 456 471 487 445 455 468 490 456 465 418 444 415 429 451 485 479 479 504 516 471 451 442 398 391 415 442 460 429 434 429 422 415 413 451 458 456 464 450 460 456 445 447 438 416 441 465 439 432 435 438 461 418 431 488 469 455 463 451 440 402 417 433 431 431 485 461 434 432 439 423 412 412 432 441 431 419 423 447 452 466 453 437 454 442 417 408 405 427 428 435 447 424 434 428 453 468 467 484 455 452 479 506 494 477 444 403 403 424 439 429 441 451 413 429 450 454 443 433 456 497 504 478 481 449 438 449 471 458 460 451 414 403 403 428 448 434 441 416 427 440 441 426 443 472 467 482 452 450 446 420 452 446 458 436 443 415 421 450 453 424 436 457 426 424 454 451 434 424 437 429 393 393 409 438 425 428 419 431 464 461 468 443 468 465 449 408 433 424 425 448 445 425 442 426 430 431 450 484 490 464 488 469 440 442 457 454 428 422 434 451 455 452 429 417 427 415 413 461 473 475 461 426 459 489 432 433 483 471 465 457 466 457 459 455 453 478 477 438 422 470 468 441 478 439 437 440 457 475 455 454 468 481 457 439 425 435 436 438 449 492 476 493 479 458 475 462 469 475 451 446 456 473 417 413 457 449 460 453 438 429 427 466 468 456 464 445 435 416 434 422 463 463 440 444 460 446 449 456 443 429 426 413 405 401 435 444 413 409 429 396 440 476 460 445 450 474 456 465 467 488 444 438 443 475 452 425 436 449 462 454 486 445 448 438 445 441 448 460 450 399 397 425 468 494 448 433 441 423 436 456 463 501 485 453 447 455 466 468 446 465 480 495 493 468 477 478 472 446 426 418 438 434 425 426 442 489 467 470 484 491 440 430 457 456 471 459 464 510 530 507 472 403 382 369 440 442 400 453 445 460 448 428 459 474 447 433 436 465 457 475 467 417 430 417 405 439 492 502 483 490 488 477 457 456 438 418 411 416 439 457 470 533 509 481 474 459 457 435 437 452 414 460 504 484 446 441 474 480 450 476 480 462 465 470 481 473 443 452 448 441 436 441 437 408 373 409 411 453 452 462 462 486 502 451 433 449 502 491 474 462 455 495 464 458 471 497 466 493 472 467 425 422 401 409 394 407 435 418 418 432 
vem trace:

