SDId: 34743851
energy: 3.71525e+17
zenith: 0.732227
azimuth: 1.75304
GPSSeconc: 1126734398
stid: 342
spdistance: 551.458
radio trace:
479 482 446 420 446 436 414 452 455 448 420 430 409 426 431 439 437 413 449 458 468 462 445 460 449 436 464 477 473 475 488 489 505 479 454 442 445 461 466 454 432 441 441 415 450 451 484 460 436 419 433 462 460 500 485 463 436 421 449 463 461 464 452 428 401 411 414 456 458 443 443 451 439 433 438 501 499 466 486 441 447 442 459 455 438 418 440 449 442 443 449 440 470 451 453 454 455 449 434 445 456 435 464 470 444 441 464 482 485 471 461 444 473 478 461 436 453 464 476 420 433 463 456 462 467 496 490 466 441 420 424 451 449 483 489 468 457 488 501 504 438 414 425 474 458 493 479 437 400 428 436 444 451 468 452 458 424 428 409 427 409 418 430 457 450 492 492 513 498 498 500 509 509 488 471 464 441 416 443 441 439 451 432 463 469 470 472 451 437 448 434 434 476 476 481 508 496 451 452 478 465 485 497 482 483 466 427 422 418 439 450 459 464 469 447 454 461 479 466 450 425 427 440 443 461 480 460 449 445 448 471 464 473 475 450 443 419 426 438 441 464 469 474 455 475 484 438 423 441 456 486 482 489 451 431 429 420 457 459 481 471 471 442 443 489 488 478 458 496 513 474 452 459 474 462 416 429 443 454 459 445 464 461 473 464 470 458 445 454 457 455 454 436 438 438 470 481 479 456 466 449 455 476 498 509 509 487 463 463 465 457 434 457 462 442 448 467 467 452 449 487 471 496 488 449 425 397 406 427 457 451 438 451 465 452 440 456 462 497 459 445 462 479 468 465 447 441 441 429 464 512 492 486 461 494 478 481 488 474 465 469 468 462 449 456 440 457 449 484 450 445 421 432 423 438 430 455 445 487 468 459 424 462 499 495 494 476 470 437 438 492 495 485 451 431 448 451 443 445 432 460 445 431 432 472 468 473 427 444 441 449 464 484 479 444 439 458 467 441 445 438 437 472 482 480 456 457 422 436 445 450 464 463 475 495 493 466 459 470 474 426 441 456 484 483 481 482 464 450 443 436 433 468 442 442 464 476 476 445 463 481 464 462 458 404 413 421 464 447 457 442 461 471 468 456 455 429 461 468 446 469 464 455 472 483 484 436 447 456 483 471 457 452 445 413 435 445 457 461 465 470 476 484 476 438 446 442 472 485 457 442 420 431 455 456 449 412 427 430 442 438 444 430 428 451 485 485 465 468 490 484 469 460 438 413 419 418 437 457 444 430 448 446 467 477 457 476 460 443 464 458 426 446 466 464 453 467 467 448 449 472 446 420 439 443 454 446 432 468 462 465 474 452 451 463 453 466 455 445 463 428 425 476 493 473 481 457 486 474 494 493 481 468 466 445 452 437 444 479 452 449 459 427 454 489 469 427 404 374 409 469 459 470 471 486 464 455 461 493 496 482 466 469 467 473 464 428 445 459 468 489 466 448 455 452 464 465 459 451 435 434 434 452 446 466 477 479 472 474 451 447 459 486 489 459 448 473 471 490 461 467 480 485 454 440 399 404 448 453 474 468 464 456 420 448 457 504 468 436 457 462 440 463 449 481 455 441 452 449 449 482 492 503 513 494 493 503 517 504 462 443 445 439 457 472 469 443 425 430 427 432 468 497 475 486 439 451 434 445 422 482 487 468 468 471 465 460 446 452 427 427 429 458 476 494 498 473 439 415 440 463 455 487 474 465 439 443 447 442 445 449 442 442 477 499 478 460 458 468 493 490 461 480 428 437 432 399 410 
vem trace:

stid: 333
spdistance: 718.528
radio trace:
434 444 440 443 453 493 483 463 450 449 482 468 461 463 469 492 467 452 444 450 447 458 468 454 464 484 485 433 437 422 428 412 451 425 443 426 445 474 461 459 450 413 398 439 468 443 423 432 426 472 466 478 464 464 475 466 442 476 463 458 461 448 444 449 446 456 429 438 443 448 408 395 413 411 439 438 430 451 438 433 433 457 457 448 464 482 466 439 439 449 458 462 456 440 468 480 468 451 453 464 461 435 445 446 428 437 465 514 509 477 504 464 471 485 466 484 460 429 418 461 458 480 488 471 460 458 425 445 436 452 456 454 490 496 503 466 410 430 465 473 464 454 455 423 442 489 489 488 471 498 480 438 435 452 454 446 441 431 443 452 462 440 444 492 491 441 458 479 446 443 453 436 421 437 439 439 447 451 460 463 463 444 424 432 452 439 448 464 456 463 481 496 484 470 434 431 435 443 435 463 478 460 475 461 428 426 459 468 485 461 425 426 433 421 437 441 458 441 424 422 452 492 523 513 497 441 390 425 443 470 449 470 487 463 493 492 469 437 447 447 412 449 437 429 463 485 481 477 466 446 447 491 478 461 483 483 433 438 462 442 442 447 455 468 458 475 443 426 452 480 518 510 451 450 444 464 441 435 447 430 472 456 463 482 511 486 472 438 410 443 481 480 425 483 483 485 477 446 460 478 478 476 459 494 523 482 471 475 454 452 462 435 400 429 452 461 423 464 450 439 431 469 482 479 480 470 489 512 507 502 476 494 488 501 475 460 471 457 395 383 366 372 431 405 411 436 441 434 454 475 423 431 425 427 432 420 435 452 460 427 399 433 454 447 464 446 446 424 417 421 453 426 421 419 430 433 448 482 505 487 488 490 483 466 463 455 460 429 436 439 465 471 447 441 444 452 480 491 487 496 461 453 445 445 493 482 475 489 460 452 424 416 454 459 442 450 469 477 483 457 477 470 456 433 458 452 454 502 525 493 470 451 424 470 493 483 465 430 457 467 451 428 455 478 469 462 448 443 441 452 467 465 468 493 477 452 446 439 452 469 508 479 478 436 393 422 449 433 421 425 439 468 476 466 459 448 466 467 417 425 449 460 449 463 477 489 449 444 429 447 461 423 445 440 447 448 427 414 445 409 445 462 450 410 402 439 469 441 424 444 462 440 460 495 484 488 477 465 450 475 442 451 462 470 478 481 448 424 414 405 418 453 463 456 454 443 446 435 457 445 432 481 460 473 451 465 483 478 449 472 485 480 486 486 457 446 452 472 453 451 431 444 430 446 453 466 448 425 440 437 440 424 442 457 486 434 421 412 457 471 448 467 476 456 454 465 474 487 464 433 441 440 437 450 469 435 433 406 456 449 428 442 431 441 452 435 461 449 446 448 465 474 456 433 446 444 448 448 490 473 419 478 492 477 477 478 474 482 455 457 491 498 464 468 460 470 424 450 466 480 448 471 504 484 462 464 487 486 466 474 488 493 462 491 508 469 467 473 448 431 473 469 470 499 503 450 447 461 466 454 404 422 406 428 451 456 463 466 467 425 416 464 510 469 455 413 417 435 428 436 452 464 441 450 439 420 439 459 455 447 437 430 429 411 441 434 421 423 427 442 480 491 472 470 467 463 425 409 426 454 462 465 479 472 478 493 460 465 490 455 462 450 463 443 414 434 413 416 449 469 499 505 498 481 452 478 494 482 481 474 448 477 482 501 469 449 465 449 449 464 455 426 441 446 453 442 438 426 
vem trace:

stid: 332
spdistance: 1006.68
radio trace:
554 554 539 577 555 549 583 609 572 545 555 534 542 567 512 550 553 547 568 565 527 518 559 586 574 590 610 554 529 571 596 586 549 525 510 535 519 531 521 515 514 548 528 540 543 531 575 559 529 511 521 559 575 569 575 534 545 545 556 547 563 565 563 561 560 560 535 542 566 546 539 562 555 558 553 533 550 572 561 560 564 551 521 515 531 514 497 501 547 571 567 549 543 523 533 538 526 532 558 538 515 521 495 521 550 547 553 557 581 581 595 567 525 520 552 523 539 542 541 552 537 569 603 558 551 569 549 544 555 553 544 546 561 545 541 543 510 482 523 510 557 557 579 584 560 594 567 539 525 487 478 508 506 531 508 514 534 548 538 569 587 601 583 579 547 544 570 561 559 545 559 547 550 563 530 555 555 536 504 513 522 536 552 535 539 563 532 533 502 504 481 508 506 513 536 541 520 515 503 520 550 547 559 563 539 544 551 562 608 590 567 562 573 572 584 569 519 555 556 551 547 558 516 471 492 522 572 578 577 557 578 522 518 536 560 559 551 565 563 566 569 535 578 573 556 534 516 518 528 524 538 555 563 530 511 531 531 535 543 540 529 556 543 576 593 570 563 579 546 571 549 556 569 562 518 520 527 484 537 529 533 516 520 547 591 561 538 555 582 584 574 573 554 560 549 533 528 523 506 487 496 492 596 601 562 539 542 559 557 523 514 544 552 557 581 572 554 537 577 562 565 584 551 541 535 545 564 575 589 525 516 534 544 545 550 552 547 535 517 542 537 532 560 564 558 564 534 561 537 549 554 532 546 568 563 607 593 557 540 536 548 569 561 572 581 584 570 570 561 547 533 501 522 564 563 586 567 527 529 542 556 575 523 540 541 555 546 574 594 538 517 516 521 526 552 555 555 552 527 527 515 503 537 551 546 549 564 611 575 547 582 607 596 590 564 536 537 522 539 575 569 570 543 533 567 538 535 560 558 568 542 539 555 550 543 564 557 533 523 501 520 518 544 548 527 546 540 546 508 522 522 559 548 567 551 527 538 535 553 540 529 538 563 568 566 551 557 541 555 563 541 557 546 544 511 533 529 562 568 547 512 556 583 551 564 558 521 534 554 570 538 520 522 554 547 571 553 540 567 587 612 583 561 572 564 561 585 586 555 562 550 577 569 555 509 559 554 532 513 528 528 529 549 542 513 508 531 549 560 550 555 552 546 529 501 500 500 533 557 567 563 544 521 518 537 579 584 588 573 567 568 578 540 536 585 556 529 536 564 559 541 513 517 562 562 562 555 556 587 576 589 567 606 617 600 605 593 593 620 608 562 536 562 560 579 553 550 549 558 558 558 558 570 533 533 552 532 531 519 531 530 554 568 561 556 545 531 544 562 545 584 598 594 579 543 550 554 579 539 553 549 547 566 562 549 547 538 526 539 516 530 514 540 539 541 540 532 528 506 522 555 562 521 504 501 489 530 557 548 546 571 554 510 557 566 549 562 561 570 546 545 507 537 551 572 560 552 560 563 550 519 534 532 538 558 567 528 527 527 574 583 567 553 566 552 552 527 552 523 545 537 580 565 559 576 593 589 585 576 565 548 540 542 536 536 500 492 518 537 552 538 525 523 479 527 547 525 531 537 526 523 555 567 553 516 515 575 585 578 568 501 504 516 561 563 516 478 503 501 512 539 534 550 522 527 556 560 573 546 545 559 543 577 594 606 592 582 549 552 539 568 574 537 538 539 540 501 518 
vem trace:

