SDId: 34674938
energy: 1.18022e+18
zenith: 0.49582
azimuth: 4.50411
GPSSeconc: 1126363102
stid: 332
spdistance: 640.187
radio trace:
568 523 550 519 508 540 537 552 555 563 542 571 579 601 564 581 547 552 561 506 520 559 558 561 567 536 540 536 557 557 542 548 533 501 523 502 494 481 504 536 534 562 591 566 532 518 534 542 536 563 546 544 522 519 502 532 538 537 541 544 566 577 558 546 522 526 541 554 590 537 520 521 520 505 526 560 554 541 539 552 563 526 516 501 533 540 539 522 514 562 590 575 563 563 568 584 547 507 518 500 530 559 553 543 541 519 521 539 534 531 536 497 518 555 545 554 539 560 545 525 513 555 561 557 564 559 583 543 534 574 571 567 576 549 531 548 562 554 535 560 571 540 550 544 563 550 529 511 519 508 530 534 557 548 579 559 567 543 529 520 552 516 493 518 540 526 528 547 558 563 541 503 513 513 524 553 545 552 530 525 518 540 527 537 544 542 560 539 509 530 542 550 547 555 543 546 576 587 563 582 587 551 549 574 587 573 575 577 542 559 540 542 547 557 547 570 554 540 566 566 568 583 589 563 536 532 552 535 565 549 538 517 520 529 553 554 544 500 508 567 589 567 550 569 552 567 544 561 584 574 574 563 577 545 531 545 522 563 514 525 561 566 563 582 549 583 575 557 524 518 554 566 522 537 543 526 523 527 564 588 567 567 555 560 514 521 529 499 518 555 579 555 594 597 580 554 517 536 553 555 593 602 563 562 584 591 516 510 544 548 556 587 579 582 570 551 517 541 522 537 540 549 528 533 539 519 558 547 552 526 514 510 546 550 577 551 536 532 531 531 521 538 548 534 562 561 585 609 562 543 517 533 534 519 553 547 533 567 586 561 555 564 580 541 557 554 558 540 488 520 537 527 551 532 528 525 517 559 524 541 547 552 541 547 608 584 553 565 553 536 504 519 527 544 563 588 561 538 552 542 546 540 560 550 555 563 549 566 572 569 577 571 583 583 586 560 516 511 500 575 579 574 552 574 584 565 527 513 499 504 552 556 550 557 525 545 573 568 566 523 504 522 563 597 555 520 558 572 590 537 542 562 559 555 574 584 585 530 575 599 586 573 524 553 545 546 551 527 524 555 540 554 545 592 593 589 595 566 522 571 567 583 553 575 563 545 533 512 523 544 571 589 568 545 515 520 517 534 525 518 544 575 566 567 515 555 564 542 555 540 515 528 523 560 567 519 549 553 545 528 541 555 561 540 544 557 570 520 539 548 565 528 539 536 540 540 542 559 572 551 556 557 549 576 556 547 585 573 527 531 536 564 575 587 562 506 525 532 524 544 519 511 516 520 581 570 538 512 520 545 509 534 554 546 555 554 554 543 545 528 555 536 560 576 583 577 564 557 555 563 534 562 543 577 570 573 528 526 541 523 546 564 576 584 619 583 543 545 531 523 539 541 544 525 511 506 530 526 539 589 564 537 513 542 541 552 529 544 544 544 569 575 562 570 556 522 512 513 568 564 550 539 550 523 521 562 536 575 537 551 554 576 577 563 570 555 537 566 570 548 542 522 549 548 564 541 518 515 533 549 543 533 559 539 523 555 522 590 593 535 553 561 532 533 567 552 567 581 598 591 573 536 533 542 545 537 555 549 539 533 601 599 578 543 564 574 564 556 519 525 544 527 494 515 560 540 540 540 523 536 542 557 578 516 500 500 490 535 561 569 523 531 524 507 520 551 552 527 524 541 534 522 559 564 589 570 584 550 501 493 526 548 603 602 561 532 533 552 550 536 563 559 547 532 562 572 561 576 
vem trace:

stid: 342
spdistance: 855.029
radio trace:
471 455 466 454 461 440 431 460 461 473 490 469 481 473 462 474 476 424 434 468 504 483 474 450 451 431 450 450 465 492 491 437 449 431 446 445 440 439 434 466 444 436 462 463 488 462 453 453 478 457 435 448 450 445 446 454 429 428 440 444 445 485 467 452 465 476 455 468 485 478 468 459 445 476 450 450 433 445 458 461 452 430 426 429 428 461 477 462 460 445 443 485 486 472 460 423 440 475 470 439 431 398 433 425 427 441 464 466 477 466 467 479 468 451 476 482 475 464 451 461 475 468 475 458 455 500 485 471 457 417 454 482 445 436 433 428 455 442 473 481 474 441 435 466 469 480 461 422 412 440 472 443 455 435 458 457 431 451 470 474 488 478 462 468 469 446 441 439 476 467 447 433 426 447 447 446 433 446 456 439 443 446 460 479 468 475 472 491 455 457 449 450 424 438 427 446 431 425 448 421 445 406 384 403 410 430 420 444 467 467 468 479 481 443 423 418 460 457 423 443 440 408 387 424 441 428 423 427 415 437 460 456 441 473 480 481 479 439 443 449 454 448 431 407 407 430 423 450 446 462 474 458 482 479 462 452 456 456 447 460 454 438 451 475 467 463 424 413 399 420 447 441 441 448 432 421 421 451 455 478 472 480 463 444 410 388 400 404 417 429 462 475 465 463 456 433 422 408 403 418 460 461 430 456 482 473 434 438 435 441 463 454 469 492 493 474 462 461 472 463 453 460 437 425 401 422 436 463 492 478 489 469 456 441 399 428 445 455 447 444 407 414 434 501 489 478 439 449 449 468 503 496 466 456 492 495 499 489 482 457 422 445 447 465 430 439 440 422 443 431 438 452 471 476 465 434 441 438 498 459 464 476 458 458 479 481 472 442 472 455 469 471 435 431 423 468 473 456 463 484 455 469 502 480 479 460 422 419 454 422 437 460 489 501 517 500 520 492 458 426 392 415 439 473 470 462 434 420 440 466 460 435 447 446 469 477 465 499 479 467 468 483 472 454 456 432 422 445 439 427 433 460 475 468 458 464 436 435 447 443 448 473 460 443 481 492 488 487 468 480 459 445 464 456 467 453 427 418 434 444 458 454 450 454 466 451 436 455 443 439 427 455 469 492 471 456 477 484 480 481 490 471 469 453 456 471 426 399 448 476 466 457 478 464 487 455 464 437 425 403 421 443 468 496 497 479 454 459 470 462 415 441 427 416 456 448 480 470 455 426 412 392 414 466 456 429 439 429 433 473 471 446 438 446 445 441 450 448 443 457 481 475 489 457 444 422 436 430 445 440 407 420 437 434 422 433 465 434 425 439 452 456 456 452 423 432 445 462 449 431 441 450 476 441 462 435 442 449 434 411 415 427 460 453 439 412 458 475 486 453 437 431 416 423 394 390 444 493 484 495 465 464 469 457 437 433 427 432 428 448 446 451 461 445 451 467 497 484 458 476 463 480 483 477 478 446 401 399 419 451 445 452 453 472 441 386 381 397 448 451 461 409 421 416 420 442 444 441 473 477 455 447 450 479 460 443 469 468 430 430 403 433 454 441 419 418 422 453 438 454 484 499 483 462 453 425 435 423 436 468 458 448 434 430 438 451 456 439 467 440 413 407 432 447 465 445 442 439 439 458 488 487 480 476 474 430 423 425 435 447 430 447 409 457 504 472 446 433 430 423 437 480 461 456 464 468 470 414 408 406 445 445 449 426 463 462 450 459 451 431 455 464 475 484 482 438 432 455 
vem trace:

stid: 333
spdistance: 980.144
radio trace:
397 468 472 506 501 437 475 481 475 443 455 480 462 460 428 429 474 488 476 455 432 431 463 471 485 455 427 442 456 412 438 455 476 430 464 479 483 472 443 423 453 447 479 496 518 504 498 501 476 499 467 430 403 415 459 455 436 428 446 467 485 460 461 492 495 455 455 434 470 471 459 486 488 459 463 437 446 445 463 487 490 458 457 443 463 480 451 461 462 451 468 446 410 395 422 464 479 480 461 480 496 473 455 426 453 459 471 479 457 440 448 468 490 493 439 425 450 498 495 483 473 452 428 453 474 437 421 421 420 457 455 465 438 411 397 382 428 459 486 449 434 446 445 443 447 419 412 410 417 460 427 444 413 402 406 464 486 460 464 484 479 490 470 458 463 448 452 448 467 445 462 441 446 474 448 459 472 468 471 475 487 498 496 420 416 441 442 443 488 446 454 470 475 459 444 477 453 459 463 443 426 462 476 404 433 402 406 392 418 463 467 449 444 444 418 440 410 414 436 443 446 448 413 432 447 452 448 414 439 467 478 497 435 426 448 510 507 502 487 489 482 500 489 453 462 454 457 479 508 477 443 453 470 496 487 433 447 499 492 478 454 452 446 457 474 467 491 464 463 446 435 458 462 456 428 418 424 433 431 449 451 470 467 454 441 479 449 436 439 450 482 425 445 446 434 439 450 473 464 453 440 410 430 459 495 448 463 458 465 494 493 479 442 430 418 453 452 473 475 457 458 474 454 481 505 489 464 472 522 492 439 440 450 423 428 451 456 464 455 441 439 465 458 439 454 443 446 443 434 417 399 430 434 477 447 446 470 434 432 438 437 466 432 435 407 396 423 458 451 450 440 450 449 496 525 520 479 488 488 498 466 452 462 454 443 420 408 428 437 440 452 462 442 405 423 451 468 432 471 490 534 513 472 418 401 448 479 453 442 425 434 432 427 445 458 479 473 452 438 458 452 444 433 438 435 485 464 438 465 450 457 459 463 438 427 423 427 438 441 426 456 463 449 448 461 429 412 444 438 454 468 472 451 417 432 400 407 429 436 466 480 461 455 434 441 411 432 440 443 456 438 454 457 449 447 415 456 433 445 465 453 453 473 436 468 465 412 431 427 448 465 453 441 441 448 466 478 477 470 481 439 447 431 446 435 436 448 454 451 468 453 461 443 460 461 458 448 467 497 460 449 439 442 443 436 430 443 491 462 464 489 476 468 441 447 475 460 449 469 455 463 445 452 444 462 424 431 446 466 467 473 489 460 468 464 464 495 503 489 447 422 414 432 447 454 432 428 444 432 459 431 461 474 461 450 486 476 433 439 418 436 437 448 433 449 417 426 430 432 432 450 438 433 426 436 438 470 457 446 476 479 453 422 450 454 449 494 485 457 431 405 396 437 444 484 462 435 436 426 451 459 460 450 449 459 431 446 440 420 412 399 418 418 446 465 473 443 454 472 471 443 443 452 433 423 465 426 423 453 429 444 405 413 406 407 419 418 462 447 423 411 407 437 439 413 424 431 431 420 399 438 491 490 483 450 432 460 470 465 443 426 428 472 468 466 437 445 449 467 475 482 437 429 439 451 407 407 405 450 455 451 485 500 479 487 458 476 480 478 434 473 475 457 446 435 437 432 435 460 464 447 448 413 414 399 369 400 427 430 444 459 514 505 470 438 447 446 469 504 483 441 453 400 405 450 429 434 470 471 439 428 431 457 443 425 423 411 439 426 418 404 403 373 418 452 475 472 468 
vem trace:

