SDId: 34665756
energy: 1.9956e+17
zenith: 0.222881
azimuth: 1.64742
GPSSeconc: 1126319552
stid: 343
spdistance: 645.954
radio trace:
447 468 472 448 427 449 466 469 472 493 496 470 461 462 459 447 451 449 428 458 490 472 444 450 420 411 468 481 454 464 459 461 457 467 477 481 454 510 469 460 453 481 438 459 466 478 480 485 470 466 477 493 463 443 451 470 458 434 418 444 442 453 421 416 448 467 467 429 450 467 471 464 475 492 490 482 478 461 477 469 447 452 447 472 482 468 467 461 475 473 456 488 458 466 481 491 480 445 409 440 428 459 421 421 471 455 461 435 440 434 438 445 455 468 454 470 462 466 480 464 464 482 481 478 456 484 477 488 469 424 464 495 488 489 445 445 453 502 485 485 471 454 436 446 443 481 443 453 448 452 483 474 489 497 489 470 467 475 478 461 443 502 498 482 479 452 454 459 433 437 479 464 426 452 465 489 500 460 463 492 491 490 491 472 451 466 458 479 460 466 432 441 439 401 425 463 482 474 460 486 473 443 418 452 472 481 437 454 473 431 430 463 484 513 494 488 502 451 455 469 495 486 456 455 457 465 463 452 444 473 485 482 433 429 420 471 519 521 494 471 437 463 449 408 420 448 465 447 459 470 467 457 453 426 427 457 460 430 424 429 448 495 473 461 438 477 506 475 450 455 473 469 435 449 469 466 471 456 437 450 450 471 488 485 499 510 518 508 462 444 430 436 445 453 445 472 472 459 456 467 460 498 465 445 451 462 459 439 474 467 473 461 461 444 423 428 436 437 436 408 470 460 439 451 487 471 467 457 440 468 473 451 446 420 413 418 446 454 475 433 396 440 485 489 466 484 451 470 456 482 473 456 452 459 471 451 409 416 437 456 455 458 429 434 465 494 499 455 476 458 482 466 494 479 489 502 469 444 425 470 461 445 457 457 422 429 415 454 473 481 456 464 491 458 454 466 472 447 440 474 481 485 460 456 452 437 438 436 465 477 473 488 474 464 470 492 480 469 496 521 470 468 435 455 472 457 432 427 446 455 470 449 481 489 473 468 460 488 465 470 488 485 465 429 454 458 449 471 468 479 482 481 472 459 435 435 423 410 430 435 452 466 445 447 442 438 442 477 484 470 473 485 467 462 434 430 432 443 445 453 451 443 452 464 455 460 463 467 459 455 434 454 434 422 435 440 474 461 462 463 444 455 434 430 427 461 472 459 443 429 448 454 460 458 454 469 487 495 445 449 464 464 477 478 478 472 482 459 480 473 486 475 474 446 448 457 435 464 471 481 459 452 456 437 441 467 472 464 451 467 460 469 447 453 422 414 466 461 447 449 468 487 457 449 496 480 456 458 422 454 437 464 434 433 442 464 460 462 443 449 457 470 497 463 443 470 467 454 459 454 458 440 446 458 455 464 454 467 478 477 452 459 425 458 463 495 476 466 474 456 472 495 461 440 439 457 451 460 462 425 452 429 443 471 487 460 444 440 441 430 443 444 436 447 467 481 487 448 404 404 433 461 474 466 481 490 473 465 461 441 453 479 493 480 510 506 484 477 462 446 428 435 430 449 458 487 468 458 483 480 469 433 444 441 441 435 452 472 470 484 477 459 484 453 442 463 459 455 458 434 467 481 487 469 451 463 421 387 406 446 473 472 486 491 483 469 457 470 462 463 479 453 461 477 447 458 446 475 478 493 507 463 466 458 463 461 492 496 500 523 506 474 452 474 474 483 482 478 469 470 474 463 440 452 460 441 421 440 447 456 438 430 459 458 465 479 473 476 471 466 445 480 473 465 461 440 436 415 
vem trace:

stid: 419
spdistance: 874.11
radio trace:
466 450 441 436 467 447 447 467 480 474 451 460 502 510 462 455 482 451 467 478 506 499 488 475 425 450 461 446 415 450 458 434 434 452 447 495 452 474 479 420 408 492 477 501 506 469 488 447 468 471 474 429 421 437 498 471 434 478 517 495 487 445 437 457 516 509 481 478 479 460 483 497 514 508 483 472 449 491 502 517 509 476 486 479 493 481 469 453 505 507 450 461 489 502 461 523 510 487 506 495 510 512 479 477 446 434 448 449 470 449 430 461 484 487 479 475 469 482 483 479 480 524 479 476 471 414 420 457 450 484 490 497 478 490 473 464 481 464 466 467 454 401 438 459 430 458 469 447 465 438 450 449 431 454 472 467 449 447 442 432 439 392 419 468 477 464 433 435 480 489 494 487 458 480 461 447 439 460 497 446 448 458 475 451 456 466 458 455 473 493 462 475 484 494 482 439 443 423 471 446 452 454 446 493 467 488 530 516 500 493 473 532 503 468 455 441 438 437 394 398 437 414 448 504 484 471 512 530 501 493 497 514 507 510 542 478 504 497 504 509 488 457 502 492 462 481 488 453 477 495 436 422 463 478 475 453 431 404 448 462 459 456 503 503 514 490 492 539 509 508 487 506 463 485 513 530 564 554 497 508 477 469 498 471 479 477 472 483 489 456 494 472 470 483 522 477 475 487 481 454 498 495 500 480 495 494 447 501 479 489 480 449 460 483 482 437 453 434 423 452 454 449 478 524 491 491 475 502 489 471 491 470 457 427 449 420 462 529 511 482 472 485 467 425 463 548 513 476 456 461 477 504 466 427 458 440 433 459 466 471 483 475 461 461 468 474 447 422 442 482 481 512 503 435 448 464 493 483 494 490 489 448 478 485 466 458 463 432 451 485 467 469 487 470 484 490 467 491 546 546 517 470 498 473 473 511 497 449 432 456 500 483 462 470 506 478 471 479 445 456 486 502 453 505 538 534 527 554 518 495 505 508 521 485 473 490 479 470 438 362 441 466 426 456 490 508 497 499 422 412 439 428 442 478 484 511 514 494 513 445 447 456 479 465 461 433 451 493 506 486 506 515 518 542 517 507 520 510 508 492 541 515 491 519 509 528 504 492 491 503 467 473 471 423 399 429 428 455 407 464 480 508 510 493 506 481 479 463 474 497 487 497 485 487 495 491 469 469 449 447 447 496 504 472 467 505 532 490 457 431 470 466 448 447 473 466 502 546 534 516 459 423 446 448 485 459 480 476 489 490 469 502 502 467 425 409 451 461 477 470 475 504 466 464 465 483 528 478 500 497 516 475 470 478 496 454 486 464 448 458 441 473 475 455 451 452 484 497 498 477 494 464 424 459 500 493 479 481 491 507 497 506 502 479 487 488 485 507 491 435 455 474 488 473 504 458 516 503 443 454 458 480 482 427 448 469 460 456 475 472 495 491 511 469 482 478 473 432 441 477 458 445 452 464 445 492 478 502 527 508 517 524 498 499 497 467 479 456 452 465 502 496 494 493 447 429 462 484 492 461 478 451 471 483 447 454 451 479 460 446 451 461 491 482 511 494 470 513 497 482 458 429 453 484 479 489 489 484 484 470 485 461 403 456 432 423 423 427 460 510 484 473 451 458 478 494 479 466 474 449 479 490 496 467 509 466 500 481 495 508 536 536 515 496 471 471 464 492 462 455 411 477 494 458 463 429 389 407 443 436 458 454 433 464 513 521 519 544 519 474 478 476 423 428 410 417 381 422 
vem trace:

stid: 342
spdistance: 1152.65
radio trace:
449 421 420 431 441 444 430 452 432 434 412 409 432 447 445 426 422 435 446 411 423 419 422 380 416 428 462 445 426 441 437 452 472 499 461 426 447 458 453 459 445 473 457 442 451 447 478 472 464 456 458 441 448 426 456 440 388 402 429 376 373 381 383 429 430 430 449 460 456 449 440 418 449 481 444 433 421 400 409 418 403 416 417 412 429 444 456 429 426 430 446 426 420 389 427 388 427 449 476 484 454 426 424 430 457 463 468 464 475 478 439 438 446 434 435 409 400 405 381 414 418 409 414 436 441 439 481 474 488 444 412 400 408 428 425 413 441 420 392 404 432 431 388 403 452 449 403 402 422 428 414 418 411 423 411 434 446 465 430 471 457 476 421 452 454 462 473 439 415 426 460 431 410 434 425 435 444 429 416 437 433 392 432 423 428 401 419 424 452 445 406 400 410 399 413 404 425 443 453 414 400 420 413 435 451 439 435 412 438 446 447 425 412 411 435 448 432 461 462 454 442 434 454 456 444 430 396 379 409 468 500 466 455 426 447 443 427 457 473 482 497 462 431 439 446 433 435 450 459 486 457 442 429 409 438 473 459 441 446 425 440 443 422 418 455 456 433 436 414 433 424 425 436 453 442 444 449 433 444 439 411 428 434 433 453 421 438 481 466 444 427 438 442 451 460 476 477 459 468 468 453 423 429 415 413 419 458 451 450 462 439 427 440 433 426 443 435 428 440 440 420 434 486 474 443 416 426 471 423 411 406 414 462 434 398 395 412 424 410 387 432 454 470 454 452 450 411 450 490 446 429 419 411 444 459 451 454 433 476 486 467 444 434 446 457 426 435 462 466 463 471 455 419 433 433 438 426 417 446 424 414 424 445 457 457 449 434 448 453 501 472 452 430 469 446 429 408 408 436 435 420 425 426 441 458 460 445 425 436 457 472 505 470 426 418 402 413 394 447 486 479 455 433 424 417 419 411 416 426 425 445 455 448 436 425 419 409 404 408 421 440 416 415 432 433 426 423 439 450 449 434 443 452 457 440 428 429 425 415 452 454 460 435 449 443 436 461 480 450 444 440 427 470 468 447 458 459 474 454 460 476 463 471 445 432 423 418 415 415 395 431 431 411 416 441 454 451 441 414 396 370 410 418 422 438 458 498 473 459 450 446 418 392 402 437 459 477 487 473 457 471 474 454 411 433 463 414 429 467 426 409 421 462 473 477 459 434 452 449 443 475 455 414 411 431 440 463 466 472 436 456 441 434 443 404 431 434 432 430 438 443 442 423 432 393 417 434 440 451 432 439 429 443 446 425 424 469 458 460 450 453 445 433 435 444 442 444 441 425 439 475 448 457 452 452 467 440 442 462 475 479 480 455 449 425 429 419 420 455 458 465 460 452 454 426 433 439 394 410 443 429 407 449 440 440 449 413 445 452 481 474 455 442 452 457 448 421 394 385 439 422 427 427 465 455 460 424 442 456 452 451 445 438 431 427 422 439 411 424 448 450 483 460 454 427 426 440 423 441 417 453 430 396 406 399 425 446 423 440 470 455 410 416 455 444 450 421 446 465 465 446 457 453 433 422 450 451 456 480 475 474 444 430 461 438 422 451 440 423 449 465 487 484 439 417 417 407 417 436 448 481 460 393 391 436 415 395 404 388 383 369 396 412 448 438 434 442 433 456 459 417 416 420 437 445 427 432 436 412 410 406 400 399 441 431 411 432 465 452 430 438 464 460 456 455 439 420 411 
vem trace:

