SDId: 34724420
energy: 9.82262e+17
zenith: 0.829333
azimuth: 2.49828
GPSSeconc: 1126621609
stid: 332
spdistance: 679.337
radio trace:
571 569 554 569 559 523 543 556 545 535 521 542 571 561 551 562 563 525 514 497 534 557 575 580 570 570 566 548 502 498 515 521 545 536 548 590 560 548 563 534 550 562 564 563 573 554 578 569 559 551 547 579 548 545 539 556 510 512 536 550 561 535 523 530 594 602 597 596 577 559 549 562 595 577 565 575 515 515 521 542 533 530 529 557 542 552 539 527 543 536 562 585 560 551 534 524 534 563 543 566 561 514 565 578 524 538 517 497 528 541 529 516 522 532 547 516 529 554 561 564 545 534 505 519 472 519 555 567 521 529 558 577 588 536 553 543 555 571 557 581 584 559 539 535 531 530 514 519 495 518 558 532 522 554 553 530 529 549 566 532 541 541 526 539 550 550 554 547 540 542 534 515 531 539 541 536 510 545 544 567 567 563 533 524 503 529 516 555 550 566 542 525 509 528 534 527 521 488 547 553 537 525 542 517 532 576 568 503 495 481 499 550 518 527 515 540 514 531 515 513 544 559 569 554 554 529 482 502 476 514 582 573 552 537 553 537 481 499 548 549 572 557 572 574 555 542 522 507 563 557 565 557 557 555 566 548 561 594 573 501 550 557 586 571 551 568 559 579 569 558 574 562 591 610 581 565 570 549 529 480 521 534 554 541 556 584 534 542 571 545 564 535 486 520 534 527 513 495 518 552 559 559 548 526 548 532 508 515 504 557 540 549 547 551 524 532 551 568 568 580 568 592 572 541 531 547 560 571 549 556 560 587 565 555 554 559 557 535 506 507 523 512 545 553 525 509 516 495 521 491 532 544 525 523 496 505 519 553 533 536 560 585 600 543 524 520 524 523 493 539 542 504 540 555 565 532 543 526 549 536 574 554 543 514 538 537 544 520 535 571 524 521 528 534 581 560 528 564 580 554 524 490 521 525 549 512 522 555 567 563 521 519 533 534 560 558 563 577 557 535 545 536 559 555 555 534 545 537 534 532 556 519 505 501 513 508 554 599 601 588 563 542 534 548 513 535 529 538 556 546 580 592 576 538 549 559 563 554 572 569 546 549 522 553 549 571 580 562 559 539 526 526 549 559 566 536 544 547 544 572 555 529 542 530 520 558 524 542 548 532 548 549 545 507 544 528 522 551 530 498 534 562 563 533 534 537 516 519 488 510 555 575 547 558 537 559 516 517 484 494 508 481 459 510 529 561 581 573 528 524 556 543 558 557 551 524 564 574 576 573 571 556 513 570 538 511 548 546 560 601 582 548 582 585 592 610 610 601 572 580 560 549 507 506 546 568 544 541 570 594 575 557 556 547 557 535 514 551 572 531 531 536 551 578 593 564 556 582 591 529 522 568 588 583 554 543 532 537 517 524 533 565 533 531 528 490 512 517 498 520 540 576 575 539 534 488 491 520 535 523 539 551 549 561 599 573 518 500 551 570 575 584 555 555 561 549 528 542 525 524 539 534 542 544 516 523 507 513 562 592 588 556 586 636 603 552 530 562 566 577 595 592 574 562 546 569 579 536 547 571 546 556 544 552 541 542 555 559 503 526 552 563 589 521 540 552 555 547 533 533 537 520 528 541 545 576 561 553 540 556 573 594 524 509 530 570 542 550 521 564 496 531 536 534 571 577 584 558 536 549 545 539 546 586 573 559 541 521 529 514 516 534 526 526 499 507 521 502 511 533 546 518 523 526 548 544 507 527 537 541 507 502 494 537 572 575 595 558 584 582 566 545 565 553 576 581 562 568 
vem trace:

stid: 333
spdistance: 713.095
radio trace:
445 442 439 447 458 444 475 450 443 438 426 472 459 453 477 467 452 445 429 425 402 438 446 404 400 432 429 470 477 480 435 436 424 429 451 461 447 407 414 450 442 452 484 470 461 471 452 485 496 474 481 468 455 433 459 464 461 493 470 464 450 440 447 453 446 449 433 445 431 423 436 449 457 419 404 419 410 440 431 453 463 453 423 454 478 447 437 422 448 473 470 455 423 411 414 430 434 459 487 436 440 459 452 455 427 425 466 459 440 425 461 494 464 462 488 484 472 455 482 461 447 465 478 464 456 471 475 468 456 477 484 482 458 468 471 489 472 443 431 450 470 467 481 477 492 471 489 493 473 466 440 435 475 473 484 460 462 460 478 480 469 450 463 486 468 463 474 455 454 463 472 464 449 478 469 457 446 457 446 450 458 443 453 439 415 439 467 450 458 450 433 450 493 426 423 453 457 463 446 431 418 433 474 473 446 451 458 428 446 461 411 431 424 436 428 448 425 414 422 434 421 439 432 436 487 470 435 429 446 460 474 456 460 424 436 437 450 447 451 465 464 472 399 433 457 443 420 432 462 464 470 472 452 411 444 431 458 416 423 456 455 421 441 471 462 468 454 494 471 457 497 454 419 454 450 457 457 449 451 449 456 432 454 414 435 430 468 434 451 467 493 488 479 468 457 424 450 457 416 434 448 451 461 467 465 460 445 447 463 468 449 431 442 444 452 475 453 441 433 422 438 437 441 463 480 477 461 446 433 464 455 473 461 471 456 479 487 485 448 443 455 413 432 463 431 419 399 407 445 476 479 468 460 416 439 477 523 486 455 441 470 473 490 465 465 455 420 461 468 468 455 451 430 431 450 443 418 395 433 430 465 477 472 487 496 447 430 463 450 441 476 503 489 454 439 419 428 431 400 443 464 434 420 430 443 451 437 462 441 426 425 429 447 431 448 434 430 449 453 462 453 412 418 438 466 460 435 479 489 442 450 442 442 430 451 432 472 443 424 459 472 469 487 465 443 484 464 414 437 442 461 441 425 462 477 483 478 479 498 502 476 493 493 457 455 461 446 452 447 439 423 443 459 479 496 525 476 457 457 470 435 416 412 434 443 402 387 376 431 455 444 454 480 474 451 448 448 464 480 503 494 486 466 441 468 475 476 473 453 424 420 437 442 451 441 453 425 438 471 493 477 445 437 434 442 486 452 437 462 463 419 450 411 439 459 468 446 441 451 440 451 417 450 441 437 460 479 463 470 480 469 476 450 430 452 471 435 466 468 442 434 457 462 470 460 460 457 456 465 439 449 458 468 454 479 477 470 442 445 458 449 457 428 466 493 474 457 458 465 460 445 416 428 459 467 445 467 440 469 508 491 485 463 483 471 449 413 442 402 389 395 418 452 439 436 404 419 421 441 444 459 422 430 441 460 440 453 460 471 445 414 424 435 443 451 445 466 466 448 416 387 423 437 408 391 403 479 474 468 461 455 465 457 460 458 484 461 472 447 461 466 438 463 460 449 449 444 441 426 445 479 486 459 443 434 440 460 477 460 426 453 434 461 424 417 455 481 457 469 455 435 429 432 450 463 459 464 475 451 427 463 445 406 421 431 454 462 494 472 476 456 429 437 468 469 452 405 432 445 442 464 490 501 472 437 415 436 443 419 442 471 441 452 421 372 384 414 455 458 453 436 438 440 426 418 441 464 445 466 486 463 445 457 510 476 473 482 453 443 443 432 435 422 421 412 403 446 476 
vem trace:

stid: 342
spdistance: 866.087
radio trace:
429 439 448 457 435 478 467 462 466 421 445 438 419 443 447 427 427 445 427 432 454 429 430 453 446 405 423 417 433 448 467 432 429 425 449 467 475 463 451 473 497 482 456 446 434 456 440 456 428 437 433 438 451 452 431 440 467 472 460 436 442 445 418 414 418 415 434 455 477 451 455 482 466 470 451 452 460 473 465 427 435 473 484 439 452 461 465 455 448 419 424 417 452 440 455 446 454 467 462 475 450 440 476 450 428 409 443 429 433 454 451 458 424 438 433 441 455 470 500 458 439 447 451 478 466 481 470 453 441 437 431 412 437 435 458 439 485 477 449 424 442 442 468 472 468 460 454 468 445 437 454 467 446 458 439 440 460 490 484 457 463 471 470 454 471 458 464 432 477 465 469 466 481 473 479 498 473 477 473 481 429 450 468 453 471 459 458 470 442 478 460 406 428 427 431 439 462 472 461 470 468 447 458 476 415 438 443 431 450 449 455 408 398 450 438 457 473 453 437 434 430 438 451 485 481 445 440 453 463 485 455 448 465 461 461 453 441 425 428 429 460 479 470 450 444 450 475 465 464 450 450 470 465 450 450 474 481 479 450 452 433 438 444 454 448 415 415 427 454 457 473 449 453 452 465 469 474 477 423 410 432 430 436 456 449 448 445 437 445 423 446 458 473 501 472 436 486 505 461 466 459 441 439 431 422 442 440 448 439 456 452 432 472 453 470 453 423 427 454 466 458 474 449 469 478 457 430 437 479 463 452 401 402 439 471 465 451 478 447 443 436 444 478 453 460 490 504 481 427 423 413 403 437 446 451 444 420 433 439 441 419 463 427 419 430 421 438 459 461 483 489 476 449 415 409 449 487 442 440 448 466 454 440 436 431 450 460 470 470 454 421 421 437 465 478 447 441 442 446 449 473 488 516 501 446 419 451 441 433 465 462 469 476 471 417 396 429 442 451 450 418 420 435 436 449 485 495 467 438 425 431 432 432 425 442 433 413 440 436 428 433 453 430 417 437 461 464 436 452 434 447 433 462 500 480 440 441 435 459 462 447 439 431 427 437 474 465 418 431 422 453 446 445 439 446 454 461 463 431 462 472 470 443 439 437 445 424 412 440 442 444 429 434 431 417 470 465 451 453 469 443 444 452 454 444 434 457 449 439 418 413 439 467 464 467 433 439 426 460 443 443 432 430 448 464 470 483 497 470 447 472 444 439 455 452 448 447 482 500 476 457 459 495 476 473 446 443 445 413 420 425 426 459 420 431 476 431 417 435 461 462 471 472 479 467 465 465 484 473 465 484 456 460 448 421 438 464 431 427 428 461 479 456 450 460 445 440 453 424 408 419 420 440 438 450 468 459 459 460 423 398 430 427 445 458 469 473 465 448 431 446 479 469 464 450 436 462 445 440 488 530 476 446 457 451 440 438 463 420 423 428 440 458 451 461 461 466 436 456 476 466 469 477 498 463 450 421 398 422 459 434 418 438 425 397 430 471 487 458 466 453 446 466 452 477 470 461 467 446 464 472 431 467 454 420 428 438 406 428 433 442 453 468 479 442 443 405 432 451 456 433 395 402 416 427 444 435 434 410 412 402 399 435 471 482 435 445 410 418 423 433 424 408 458 442 448 460 465 468 481 469 491 453 463 461 456 449 440 432 476 439 433 419 421 453 483 497 454 418 429 430 427 456 473 454 430 432 429 416 422 460 443 455 465 438 420 403 442 460 455 440 450 428 423 421 419 439 448 
vem trace:

