SDId: 34767955
energy: 3.48907e+17
zenith: 0.60728
azimuth: 6.01101
GPSSeconc: 1126876888
stid: 419
spdistance: 636.397
radio trace:
448 475 480 453 469 477 486 511 458 448 466 457 436 458 452 493 495 513 488 469 443 442 414 395 401 451 442 494 472 501 495 481 476 500 512 464 501 500 457 484 519 540 531 543 551 521 513 514 488 482 481 470 467 497 487 470 490 472 473 489 481 451 455 453 472 496 524 490 441 455 502 512 457 467 463 465 475 464 468 480 436 467 453 490 477 460 487 513 517 474 450 457 480 468 512 495 423 441 501 523 524 488 513 528 509 501 468 489 479 499 482 507 501 453 452 493 484 487 448 481 447 449 536 521 478 493 483 490 505 503 449 449 468 497 473 423 374 418 482 520 497 447 448 519 537 489 476 438 448 453 462 492 455 474 508 499 495 476 476 479 477 480 479 511 518 503 520 544 515 486 470 453 467 450 459 472 528 507 481 463 481 465 499 469 423 430 435 435 466 498 507 529 499 524 487 511 532 494 502 522 510 496 471 510 542 507 523 478 448 479 501 479 455 495 486 477 475 474 444 462 522 517 496 488 471 457 432 455 498 482 449 437 420 445 488 455 479 434 487 495 491 493 472 458 482 446 445 475 470 484 480 500 494 517 477 454 438 437 448 462 479 521 539 458 455 448 469 528 485 520 516 517 492 485 473 490 479 500 495 477 448 480 482 481 465 473 501 483 567 536 485 464 470 469 485 463 434 432 422 491 462 486 478 447 461 473 522 489 490 488 493 471 452 470 473 433 448 466 470 498 469 469 501 476 435 450 468 478 455 489 465 513 504 477 468 506 496 530 546 548 497 519 481 482 499 465 478 447 438 494 513 482 493 494 504 506 524 520 518 524 537 521 546 524 508 481 489 469 516 513 454 485 504 501 491 491 485 469 474 456 489 460 463 465 488 527 510 486 478 472 438 451 505 459 465 474 475 487 523 524 487 498 458 447 461 499 484 521 505 484 497 480 458 448 478 465 503 452 449 438 430 443 471 478 488 459 476 467 462 452 494 464 465 543 531 481 500 464 455 484 458 473 477 479 452 425 459 438 477 497 468 482 481 465 455 481 487 499 476 488 508 534 463 439 453 458 470 456 477 484 481 458 492 503 482 486 503 520 509 534 543 508 506 520 550 544 514 488 488 481 452 403 405 465 501 483 505 478 498 471 469 512 516 479 463 483 493 458 490 488 509 484 496 498 505 457 460 454 475 473 467 473 500 501 508 492 500 462 468 490 453 430 407 447 463 475 488 461 423 450 468 478 498 443 420 435 467 463 506 492 506 525 482 466 458 427 451 477 446 484 479 471 464 470 461 475 510 504 496 458 461 482 489 505 507 514 494 479 504 541 512 461 433 467 467 431 499 522 505 451 452 502 497 496 501 452 466 423 411 459 485 466 462 503 520 503 493 522 551 532 507 495 521 513 493 503 478 512 504 484 467 505 485 480 457 466 457 486 458 451 452 517 513 491 461 475 461 488 470 469 474 482 504 463 464 481 471 451 443 457 486 487 504 526 503 526 513 519 493 426 437 475 454 440 424 468 470 530 489 505 463 486 466 472 471 480 460 502 486 505 458 453 476 504 474 455 418 416 452 514 486 478 454 452 434 484 492 490 472 502 478 467 465 456 405 380 436 486 499 507 486 456 430 484 473 493 486 497 469 482 503 522 504 487 470 463 448 452 466 483 496 466 437 524 496 485 489 518 495 501 525 495 492 469 481 489 495 521 523 470 466 509 487 461 458 439 493 475 476 470 470 497 461 459 494 511 519 458 
vem trace:

stid: 343
spdistance: 689.798
radio trace:
461 436 434 452 470 466 445 448 442 470 447 431 448 448 457 450 450 433 439 454 458 478 475 482 460 437 463 466 452 427 387 420 454 452 438 428 429 414 455 482 425 440 437 418 450 449 455 451 447 476 492 471 476 449 459 455 454 415 402 413 409 412 428 459 453 464 469 497 466 452 437 466 472 449 455 489 485 492 453 453 468 448 458 451 477 488 488 464 444 467 472 451 471 433 457 455 443 427 454 445 458 456 441 433 454 457 460 443 432 444 426 424 461 450 452 452 439 463 436 430 419 419 442 454 454 455 496 468 431 403 402 415 411 435 452 441 443 446 419 444 457 464 435 405 400 439 444 444 464 439 420 451 447 434 441 438 430 425 445 470 483 432 433 436 446 459 430 440 434 444 442 428 415 429 440 438 430 450 452 450 467 472 458 457 444 425 428 447 433 440 457 446 443 413 420 451 424 429 448 441 458 444 432 448 456 456 443 434 440 451 438 443 431 446 469 465 441 450 436 436 439 441 443 438 461 477 477 446 427 454 473 459 448 458 451 465 430 427 418 426 415 433 443 471 467 461 437 448 481 452 444 442 429 418 446 434 425 430 434 453 466 446 458 452 466 448 471 452 442 452 460 463 480 474 453 422 426 467 466 467 451 402 433 449 452 448 475 468 429 440 416 442 426 436 440 471 481 466 433 445 431 425 469 469 455 440 431 438 461 429 425 435 419 441 456 420 401 424 443 416 457 462 467 455 474 469 475 473 438 453 460 451 443 436 435 472 485 474 477 459 477 460 461 463 472 445 412 452 459 455 482 477 450 446 442 433 435 412 407 424 452 407 433 429 413 429 426 423 429 433 442 446 433 433 444 422 440 453 452 453 457 462 460 458 431 434 435 425 415 458 471 455 444 437 462 476 461 457 465 451 429 434 466 497 467 466 463 421 433 425 416 426 459 454 449 426 446 463 469 463 474 476 450 448 428 448 440 446 437 433 421 439 442 445 442 412 421 422 428 442 500 487 441 443 423 456 453 417 440 439 441 414 418 414 447 453 410 402 386 402 427 432 420 421 421 459 470 471 460 459 441 460 454 444 412 410 413 433 451 450 424 419 409 408 388 413 413 422 428 466 498 481 442 408 436 448 458 440 441 439 428 448 438 436 440 465 475 472 451 464 453 442 477 459 412 422 457 473 457 445 461 434 387 409 436 399 421 429 436 425 427 426 459 490 499 482 488 441 437 432 434 436 423 423 449 462 441 452 446 446 461 459 447 464 472 459 453 486 472 454 427 430 423 422 447 466 444 429 457 451 445 435 456 449 419 474 457 471 467 442 417 443 418 416 470 453 430 441 461 468 435 419 452 438 407 436 433 439 453 461 424 411 396 407 422 414 428 414 462 478 463 463 458 462 453 437 449 444 416 380 388 402 438 448 418 410 425 451 437 450 443 471 451 440 430 436 446 436 424 437 443 494 470 435 452 487 469 457 455 472 449 428 434 420 412 410 446 460 462 468 439 433 448 421 437 439 444 443 419 411 410 432 424 419 431 439 447 412 407 412 410 396 415 453 474 453 467 462 469 456 435 425 457 433 420 422 430 437 397 436 428 447 444 460 464 485 488 462 454 482 469 486 465 452 444 462 443 452 474 469 457 414 421 465 460 433 457 474 461 459 438 466 418 405 436 437 451 475 467 460 478 469 465 451 478 451 459 455 436 428 452 462 470 484 484 452 435 430 420 400 386 390 431 459 464 451 439 443 
vem trace:

stid: 342
spdistance: 1077.31
radio trace:
440 438 417 453 431 441 404 409 406 419 442 425 472 473 429 448 447 448 469 454 430 419 441 436 423 425 437 436 453 425 446 462 458 430 413 413 414 405 424 456 442 444 410 397 435 442 444 436 451 441 441 453 414 428 412 407 439 437 402 432 447 431 446 467 449 403 434 459 476 476 453 453 428 455 471 445 479 486 473 447 468 449 467 473 465 443 454 441 424 417 407 407 423 437 431 451 439 438 435 437 446 451 426 425 408 425 449 485 476 445 442 412 441 438 417 414 412 456 458 463 441 430 429 409 405 425 433 437 403 417 431 416 428 446 468 457 446 450 450 433 432 474 458 412 378 393 427 460 456 446 456 445 454 431 441 419 396 401 379 388 396 415 419 445 431 430 418 413 427 404 429 439 466 456 469 470 441 423 419 433 424 443 455 456 463 450 428 435 437 435 420 397 428 442 476 452 430 449 457 443 465 471 458 458 452 431 457 467 464 449 435 407 408 419 444 449 447 455 454 396 397 410 398 408 431 450 431 428 441 455 432 404 432 443 424 425 445 463 469 467 454 458 444 411 433 428 432 434 405 391 429 408 427 415 436 438 435 439 451 438 449 460 476 455 427 422 448 462 458 461 434 406 422 441 444 456 437 431 425 414 415 438 460 431 453 460 480 466 433 433 446 472 435 386 444 439 418 423 446 449 476 465 475 450 440 431 432 422 420 426 431 450 449 450 428 430 433 449 449 426 441 431 438 432 436 479 465 461 444 416 421 446 450 428 419 417 431 418 416 424 425 413 402 442 451 447 440 456 473 440 448 465 485 469 428 432 451 480 460 441 458 468 451 435 417 439 440 401 404 422 449 444 411 416 436 454 419 443 465 441 438 463 482 441 457 453 404 405 424 439 445 407 399 420 439 479 465 434 410 399 418 398 439 420 419 411 419 403 404 403 393 428 432 416 418 427 450 466 449 457 494 497 454 438 438 438 440 437 450 461 450 453 446 451 441 450 442 423 419 423 456 420 413 425 464 456 451 460 457 435 414 380 385 402 405 398 432 413 426 420 416 432 433 449 433 444 435 416 398 406 436 436 410 394 398 429 450 441 430 437 457 462 457 434 435 428 423 419 437 450 457 462 462 466 476 438 434 461 455 451 430 408 449 458 464 459 426 428 432 394 410 396 385 422 426 432 432 445 453 426 458 433 436 438 432 443 422 432 448 430 392 393 421 411 389 397 392 384 399 440 438 410 390 411 426 438 420 472 458 471 468 463 448 475 459 486 474 443 467 458 425 392 413 430 439 419 432 422 442 420 432 442 430 445 455 441 426 438 472 474 454 435 449 467 464 408 423 416 440 453 437 429 453 452 458 461 464 448 472 483 476 434 456 449 410 442 482 448 457 435 437 401 421 394 407 439 435 416 400 437 438 443 427 454 459 435 456 438 474 481 448 480 474 474 483 474 459 447 447 449 470 470 458 443 466 445 439 465 483 471 461 456 432 423 429 420 452 445 452 453 450 436 440 442 446 453 449 498 492 450 469 451 462 442 448 445 443 434 438 418 409 427 440 428 449 457 463 441 482 499 448 469 454 470 439 421 421 420 431 446 455 416 424 440 440 431 444 468 448 425 462 450 427 415 435 460 455 447 429 434 420 422 427 428 422 429 448 455 447 450 448 419 439 440 464 453 448 433 466 440 441 426 428 424 447 458 463 423 418 394 357 379 410 429 436 418 412 416 442 442 465 471 466 453 469 458 463 481 
vem trace:

