SDId: 34875364
energy: 2.3205e+18
zenith: 0.865486
azimuth: 1.83128
GPSSeconc: 1127560055
stid: 333
spdistance: 522.645
radio trace:
433 462 497 462 460 471 470 423 401 429 460 462 467 465 442 409 407 447 459 468 453 447 448 430 410 446 434 420 456 443 443 436 450 423 427 416 401 390 429 461 429 415 395 413 394 377 379 386 379 415 432 452 463 450 423 409 431 431 457 477 462 447 435 465 485 439 426 407 405 460 477 461 451 457 437 399 398 411 387 402 463 477 469 419 397 411 406 404 415 403 389 432 421 410 431 429 427 407 470 462 425 445 433 443 442 442 409 433 429 400 420 429 450 428 395 409 445 466 431 427 442 422 418 447 472 430 453 456 444 431 428 440 428 404 438 458 460 433 460 440 456 454 453 455 447 466 432 408 381 401 426 438 440 416 436 450 435 453 466 448 448 436 433 434 442 412 412 403 410 402 426 451 454 451 407 409 388 418 451 420 446 450 481 440 449 464 457 431 385 357 392 426 471 482 413 398 424 426 410 415 402 410 415 420 418 403 396 395 390 418 439 440 398 382 395 402 422 414 402 383 373 412 436 439 448 443 447 435 432 412 400 399 411 455 469 430 430 474 458 415 425 432 455 438 410 426 481 494 472 441 415 411 419 418 428 402 441 417 419 403 440 433 426 458 445 453 444 462 416 422 432 445 444 447 424 439 408 363 382 400 409 400 395 409 428 400 384 404 400 395 413 446 439 422 459 464 458 459 437 442 431 430 420 448 455 433 444 414 430 474 452 454 429 421 440 418 431 403 424 418 413 443 449 449 418 442 400 379 422 442 441 460 481 476 466 471 431 404 405 416 440 429 454 445 449 428 455 485 462 438 444 414 389 400 405 414 424 447 452 471 511 487 435 422 425 390 448 478 438 427 428 421 421 431 438 437 438 448 457 447 452 423 417 396 391 442 430 417 429 434 443 475 455 416 419 416 406 414 415 391 451 465 437 402 412 412 395 447 452 436 419 405 414 420 408 412 432 436 484 499 450 377 386 407 423 411 428 444 436 450 470 458 472 466 454 493 480 435 451 452 460 475 446 425 388 389 421 421 424 426 429 406 409 415 426 407 401 421 414 435 445 441 432 428 465 448 413 414 407 424 438 476 428 427 424 416 391 424 445 445 472 482 470 451 439 428 427 419 410 412 408 421 424 421 432 451 455 441 385 435 469 445 467 463 458 428 425 427 461 435 410 397 403 407 441 427 370 361 369 390 404 410 395 357 412 438 430 442 435 450 437 423 438 428 452 462 445 414 428 404 404 420 454 436 390 419 428 434 438 442 446 430 464 464 460 443 432 405 411 430 450 490 479 443 402 403 460 446 450 452 458 458 452 467 493 491 454 464 447 391 417 433 421 428 437 458 434 397 416 389 402 431 426 426 441 466 487 443 440 450 444 452 444 453 438 409 395 383 410 430 415 426 421 420 408 434 405 411 422 401 392 406 416 420 448 452 433 432 474 414 424 427 465 475 471 452 424 398 410 426 431 435 428 410 395 411 409 402 421 434 453 470 427 425 446 427 420 417 433 413 384 415 423 428 432 410 427 434 412 424 458 447 458 475 470 448 434 451 457 463 451 399 434 444 457 448 447 455 472 478 473 442 411 415 430 426 447 462 463 437 435 399 386 386 417 438 449 450 444 428 416 434 445 440 446 409 422 420 430 443 477 481 425 422 416 417 467 457 431 446 434 425 386 386 411 433 444 438 443 448 434 448 461 458 426 434 442 426 435 426 411 400 406 438 428 421 432 449 445 446 452 414 405 409 427 443 469 439 
vem trace:

stid: 342
spdistance: 1389.18
radio trace:
434 444 424 435 451 437 425 458 446 426 408 408 421 422 435 440 425 404 440 433 437 424 422 414 421 443 458 451 443 423 425 444 459 460 433 403 402 443 461 472 456 440 449 427 442 406 410 423 419 396 421 448 427 423 453 461 455 436 424 416 438 414 398 436 428 434 430 391 391 448 450 459 458 450 410 383 382 396 436 426 446 431 441 454 444 434 442 426 387 400 443 453 442 457 475 496 449 421 450 449 446 407 419 424 443 426 425 441 413 433 442 453 413 414 392 406 422 422 454 467 449 429 414 382 377 404 398 392 404 389 413 425 399 412 417 453 427 460 472 448 421 435 439 411 424 417 414 393 374 383 418 422 427 414 419 459 451 425 451 451 452 433 431 428 423 427 438 421 416 429 438 451 429 416 415 405 458 444 450 412 403 425 433 407 429 443 427 423 414 418 423 420 421 404 437 442 441 457 426 413 403 445 450 477 446 434 455 460 448 441 446 446 431 451 424 444 416 429 437 425 434 425 413 369 390 415 388 386 403 415 408 429 426 400 424 462 453 436 435 439 420 405 416 437 439 423 416 437 440 427 388 395 439 441 442 432 443 435 421 399 387 401 431 429 455 443 402 452 412 374 393 410 429 412 411 439 422 413 397 424 425 441 446 448 437 411 406 416 396 429 434 429 415 396 403 421 416 443 437 438 424 369 394 393 409 417 409 402 400 417 417 409 421 406 429 427 399 410 447 443 464 425 402 405 389 409 400 419 408 413 450 463 442 410 438 422 421 447 443 418 429 469 472 456 439 445 436 433 434 438 448 400 409 412 370 406 426 431 426 403 418 415 416 417 435 446 446 452 425 451 422 429 434 424 415 411 428 393 423 433 417 406 438 453 443 451 437 417 426 381 400 402 431 444 451 444 448 451 416 429 416 436 437 440 427 452 444 434 448 429 408 406 421 417 417 423 444 448 412 396 406 397 388 397 409 402 424 401 405 423 419 447 458 497 467 425 413 399 421 430 446 454 438 432 425 442 453 442 415 439 438 442 429 436 458 446 448 434 417 418 417 409 439 424 427 423 428 419 447 455 422 374 402 425 434 438 411 427 446 413 387 395 399 414 458 437 420 430 443 435 443 443 421 428 437 450 466 462 450 404 412 448 446 417 392 417 415 389 395 423 431 439 428 427 449 452 452 414 413 410 420 439 450 420 432 430 424 420 405 423 439 406 415 423 448 435 428 421 440 436 422 409 390 403 438 433 432 436 422 395 411 424 427 428 436 422 415 419 403 388 398 463 444 418 451 449 446 436 414 433 412 434 458 419 419 413 399 414 439 445 431 415 428 415 405 416 408 433 438 410 415 414 399 397 406 429 445 466 427 423 419 399 400 420 426 418 411 411 423 416 417 413 399 404 426 439 413 428 460 454 449 417 399 412 401 411 413 416 429 439 407 417 422 442 441 431 436 448 443 449 461 474 457 423 401 431 457 433 446 450 449 443 450 433 453 457 451 457 474 461 461 450 441 422 415 407 420 409 433 432 457 458 454 459 457 459 433 438 448 441 407 409 433 439 421 442 460 456 454 444 451 462 419 406 417 411 406 417 420 394 382 401 409 390 435 444 423 405 404 429 423 415 427 423 422 420 449 457 450 446 428 416 449 406 404 411 449 420 392 419 432 421 437 445 446 423 440 430 449 420 413 407 408 411 424 431 455 463 451 403 425 459 443 412 436 422 427 408 395 409 384 435 445 414 430 445 453 455 
vem trace:

