SDId: 34800297
energy: 9.55657e+17
zenith: 0.661184
azimuth: 6.18499
GPSSeconc: 1127083674
stid: 333
spdistance: 561.263
radio trace:
438 425 436 444 428 417 450 432 467 473 439 446 456 457 453 439 440 442 452 477 432 453 465 455 436 432 460 442 444 420 461 458 472 442 436 457 432 431 434 423 440 484 484 425 413 423 416 415 395 393 421 413 396 392 411 403 447 459 448 449 442 425 441 436 447 430 488 455 444 419 393 424 438 419 417 404 416 440 447 457 466 451 448 435 408 418 423 446 420 410 446 418 378 421 468 498 475 462 475 465 472 491 474 440 429 448 440 465 464 443 427 443 480 495 464 470 455 456 463 418 449 451 445 451 467 442 422 417 457 455 437 440 459 488 457 464 425 438 452 477 476 470 465 426 422 423 417 394 386 355 383 430 438 455 441 420 432 440 422 450 434 429 436 449 403 404 417 426 429 427 419 403 399 411 408 407 412 426 463 434 423 408 423 397 444 445 419 429 428 455 461 428 449 436 484 416 428 420 439 432 428 443 461 467 459 451 468 442 435 391 408 410 423 431 427 441 457 482 492 502 470 467 461 473 462 435 405 420 435 416 436 435 393 406 438 442 474 526 539 518 468 447 453 456 427 445 426 425 454 444 434 413 444 463 470 438 441 425 416 413 413 431 464 492 498 446 384 379 411 449 430 411 415 458 478 476 443 427 438 427 435 422 429 453 449 413 461 464 452 440 428 445 458 468 491 481 424 449 473 438 443 438 443 461 440 432 453 473 459 461 446 455 461 439 449 424 424 460 450 435 393 387 431 455 474 481 477 457 438 418 427 398 404 409 432 445 442 440 438 412 420 407 403 413 402 413 413 395 390 438 476 448 455 472 465 442 438 408 402 466 476 465 474 452 457 449 446 402 436 420 404 393 393 439 446 443 425 412 438 460 464 484 489 470 437 433 422 433 417 442 436 436 451 456 455 465 452 452 438 465 466 477 466 457 446 447 437 472 449 432 380 372 366 432 441 425 449 440 428 463 453 426 436 435 414 405 444 477 483 427 450 461 476 434 435 459 467 414 431 473 486 445 484 467 446 418 424 438 418 432 433 439 459 464 440 457 428 400 443 449 430 374 386 431 408 414 418 417 412 382 412 458 477 501 470 431 414 418 434 455 474 437 434 424 443 453 421 404 414 439 448 438 427 437 444 426 425 448 432 457 465 467 460 463 443 416 423 448 459 471 454 436 427 436 444 446 462 456 405 407 401 447 470 453 462 453 442 463 448 435 425 462 447 409 378 409 404 436 446 448 457 451 478 473 453 440 452 464 456 459 467 454 432 448 447 435 425 414 429 473 455 436 446 427 444 450 448 451 426 462 420 375 417 409 423 446 465 471 450 442 434 446 466 446 423 446 445 430 415 412 434 448 409 445 453 413 432 437 425 427 398 407 448 493 479 487 456 447 487 469 452 436 443 441 447 424 415 411 415 419 426 445 452 458 446 443 457 433 446 462 471 465 477 450 454 477 429 430 454 410 416 422 449 486 436 457 440 454 438 449 420 454 450 427 421 465 417 426 466 476 432 451 463 472 484 474 448 452 475 477 486 458 446 430 406 420 438 426 413 421 442 448 469 468 467 439 431 423 415 409 404 435 451 474 473 487 483 445 454 443 420 396 417 460 454 458 454 443 404 404 419 418 446 479 468 443 425 426 396 424 438 443 455 452 443 449 425 421 419 450 432 413 410 393 412 412 430 450 428 429 421 436 438 422 391 392 400 426 412 456 457 453 471 416 424 456 477 455 425 408 403 380 414 422 433 432 467 464 
vem trace:

stid: 342
spdistance: 864.962
radio trace:
420 400 416 418 427 411 396 398 403 377 413 415 438 427 408 424 431 449 418 425 405 453 462 472 459 428 450 475 473 455 451 444 453 422 395 419 410 398 392 394 423 453 472 470 458 459 443 442 460 456 468 450 445 433 414 421 432 429 423 434 443 464 460 433 433 473 436 439 433 418 425 429 416 428 434 436 462 459 475 473 459 441 415 424 454 462 472 470 463 447 424 449 455 431 436 449 453 464 462 456 466 465 461 481 449 450 464 450 461 456 460 438 431 440 441 449 471 457 447 461 426 429 419 397 414 448 468 457 428 434 409 441 460 474 461 453 468 490 478 441 446 450 433 452 455 450 444 439 443 433 422 432 430 439 425 423 465 447 437 434 435 433 411 426 419 416 445 472 433 431 415 423 440 420 442 475 462 462 444 460 445 442 440 440 444 420 426 457 486 467 459 450 461 449 461 485 482 478 470 455 442 461 475 466 464 452 437 423 417 393 413 425 388 410 404 437 460 469 457 438 432 429 431 456 457 444 474 474 466 471 460 449 441 427 448 461 454 419 412 432 408 406 419 410 406 430 457 476 477 462 439 472 433 436 441 438 419 444 459 449 472 453 460 440 451 459 461 441 416 406 428 451 471 441 430 468 482 490 452 432 425 444 461 447 423 409 448 494 463 424 414 422 403 467 474 475 478 473 450 455 479 455 442 453 450 431 437 415 423 440 441 456 457 460 441 421 424 442 460 466 463 459 445 452 461 458 473 458 480 476 428 455 487 495 480 460 444 463 472 471 462 459 439 431 425 432 453 440 440 449 441 408 439 461 440 436 448 463 415 430 449 448 455 438 387 380 401 429 438 457 459 419 401 442 455 448 432 465 463 451 428 441 422 459 461 440 456 443 440 437 442 458 456 445 451 442 407 418 443 425 432 454 460 486 483 451 466 476 455 467 449 464 458 449 449 460 439 437 422 446 466 457 429 429 425 406 388 450 441 442 481 466 435 443 427 441 460 470 466 471 457 448 455 431 403 441 458 465 471 450 451 444 439 429 406 420 459 451 450 425 429 446 439 408 412 432 441 440 432 446 454 446 487 481 477 486 448 461 487 459 455 483 516 485 455 424 455 471 468 431 415 429 464 435 463 483 455 446 461 457 465 445 452 460 485 492 491 464 479 498 491 473 462 440 464 452 440 431 452 429 398 440 453 454 454 442 439 439 465 480 486 476 470 464 462 480 485 475 461 441 455 472 434 477 470 442 471 450 443 449 434 432 450 451 417 424 436 411 391 438 448 446 456 448 405 439 435 433 436 433 437 420 432 452 442 429 419 433 434 456 452 458 432 448 453 443 428 432 462 461 444 436 442 449 462 441 438 453 455 424 442 438 458 459 420 435 437 445 479 472 483 447 426 448 435 419 422 454 440 451 442 440 443 443 443 443 443 461 463 451 451 460 467 475 476 462 458 436 450 454 474 457 435 433 437 427 436 452 441 461 463 451 422 435 453 481 474 458 491 484 448 438 471 470 467 468 467 461 446 430 423 453 482 469 468 455 448 484 462 438 442 450 464 480 501 465 441 427 411 436 443 422 463 455 456 424 417 436 454 438 437 434 397 402 435 422 419 425 446 434 453 454 470 463 424 429 437 440 450 478 419 431 454 482 464 457 420 403 413 437 446 433 430 441 440 456 474 456 440 430 445 481 481 474 440 446 453 449 445 464 465 455 431 449 446 423 458 466 441 408 449 439 432 414 434 420 405 400 
vem trace:

stid: 332
spdistance: 1213.12
radio trace:
562 570 571 566 568 553 534 536 556 569 565 534 530 553 556 554 538 535 547 520 549 526 529 528 560 581 606 567 548 557 538 551 551 554 576 560 541 523 545 522 548 558 584 567 567 562 575 573 560 581 585 573 558 532 535 552 553 556 552 593 577 567 554 551 548 556 574 573 582 568 579 544 560 546 549 528 486 513 570 574 562 541 506 543 565 556 554 541 533 549 550 583 562 562 562 521 532 514 545 520 495 528 524 550 543 522 518 548 570 561 589 609 574 567 560 545 550 552 524 531 556 528 561 575 533 505 490 494 516 567 552 568 527 497 536 544 557 596 581 546 510 472 503 544 550 561 541 520 542 535 514 505 527 530 524 527 537 586 580 578 560 593 560 554 556 584 546 534 522 514 533 543 523 558 563 526 544 544 532 531 546 552 555 560 574 601 548 544 550 530 533 527 515 492 527 519 516 535 540 566 562 546 572 542 540 528 569 584 593 599 567 529 560 555 558 558 563 552 569 539 529 570 575 564 537 557 542 526 558 553 560 576 572 581 547 544 594 634 595 544 543 559 521 508 538 575 583 581 586 571 567 521 561 539 544 576 555 556 518 536 534 543 553 530 562 586 592 578 583 551 545 591 543 545 561 569 579 564 604 558 520 545 564 580 526 539 551 560 558 541 554 565 551 528 534 514 505 539 529 523 535 547 560 573 579 575 540 572 588 586 570 545 565 560 551 544 571 539 501 499 496 521 538 553 534 523 486 481 522 539 541 554 554 532 523 542 571 573 548 518 494 519 549 532 553 573 548 525 525 551 560 590 602 535 545 501 524 518 544 565 528 563 557 540 518 540 533 520 523 524 507 535 558 546 556 552 544 525 532 530 571 573 574 564 600 590 601 582 535 558 538 534 514 553 591 569 587 552 537 534 536 519 527 551 542 556 540 542 528 550 526 524 554 584 543 536 526 543 532 538 582 545 547 526 515 528 537 566 555 544 513 531 546 596 560 566 588 564 567 576 542 550 585 578 550 574 564 540 544 561 566 581 570 556 564 562 564 581 583 556 509 518 522 478 525 545 577 587 601 587 593 570 569 582 544 584 549 525 536 573 536 532 503 527 532 532 534 539 516 521 542 552 541 563 585 556 539 554 563 544 534 548 546 519 536 566 577 569 578 578 562 524 517 511 518 523 557 587 558 553 534 565 575 547 521 558 562 572 591 572 514 562 563 577 572 567 567 554 549 551 554 564 553 552 541 575 586 524 545 559 542 540 555 562 559 565 589 589 564 535 539 518 554 511 514 547 581 571 566 560 570 547 523 516 561 562 567 516 535 549 556 576 556 562 532 501 518 519 540 565 561 581 584 569 578 554 524 549 564 552 548 568 591 602 590 571 550 527 522 555 552 555 518 494 508 542 549 566 556 577 577 558 554 570 529 565 543 543 547 559 543 521 529 557 582 588 607 569 531 537 572 588 576 541 540 517 535 533 554 555 570 556 561 555 561 529 490 527 511 506 516 539 550 530 510 526 504 516 560 550 533 540 540 546 537 539 547 570 546 535 543 564 559 586 570 582 577 566 554 555 534 551 541 513 529 535 536 567 578 573 543 551 516 542 538 560 574 576 591 576 551 565 555 546 530 531 553 526 502 473 463 525 535 572 579 574 579 579 580 565 552 568 587 600 601 551 515 534 526 534 533 570 584 594 593 600 582 557 538 526 533 511 525 526 548 551 547 587 554 494 512 556 569 564 554 538 519 503 
vem trace:

