SDId: 34607731
energy: 9.74276e+17
zenith: 0.885808
azimuth: 5.94583
GPSSeconc: 1126025299
stid: 419
spdistance: 726.122
radio trace:
482 505 507 498 529 470 447 454 477 506 452 449 453 455 496 492 460 436 464 501 503 505 484 464 467 451 471 526 520 518 550 514 513 488 500 521 510 479 463 481 458 498 494 479 495 498 478 493 523 515 504 490 513 516 509 484 431 471 480 469 511 511 481 515 484 462 507 505 515 481 459 468 476 523 518 476 494 469 500 526 512 525 446 465 508 554 547 553 520 513 504 512 527 529 505 485 490 504 474 506 482 474 505 488 498 496 483 472 508 511 529 508 496 485 487 492 479 472 466 523 517 473 465 507 513 527 505 481 544 545 484 495 504 496 502 464 487 504 513 543 564 575 546 514 510 522 499 512 507 514 534 536 516 502 486 500 485 503 452 503 485 513 520 519 546 536 533 537 500 488 474 458 461 450 461 471 470 480 489 509 472 480 511 424 420 474 451 444 480 482 468 493 513 507 438 416 434 464 535 543 496 462 488 481 498 527 528 512 500 532 517 525 454 482 482 493 513 501 486 505 513 537 540 532 531 538 565 525 482 482 487 498 520 454 442 422 428 470 488 525 502 472 493 509 481 529 496 521 548 497 479 492 519 462 450 502 523 504 474 514 545 525 494 458 446 505 516 468 522 508 501 505 503 528 521 512 499 491 513 535 535 505 489 481 466 473 475 509 506 505 511 485 498 504 422 473 528 519 527 511 457 444 463 475 493 496 472 489 501 473 500 478 490 466 442 445 474 431 444 451 481 497 520 546 547 501 431 437 455 445 444 520 493 491 477 440 457 498 516 512 520 505 498 508 504 500 496 448 468 496 506 487 474 513 519 485 490 492 463 453 471 496 517 501 486 461 487 459 472 481 518 502 476 498 481 513 523 529 509 520 493 439 454 462 417 475 489 505 516 498 494 506 505 520 519 487 504 499 458 436 485 520 534 525 520 509 515 525 512 520 507 520 513 496 468 499 488 552 553 481 469 480 485 509 502 476 478 558 561 536 530 501 480 486 475 501 509 473 497 474 516 511 491 480 478 468 482 476 448 414 450 471 478 472 456 475 503 527 517 508 522 515 498 497 530 500 512 504 509 509 514 530 524 463 478 528 508 487 502 516 492 489 506 531 494 471 503 483 500 492 468 483 472 517 546 506 483 485 469 457 485 495 453 463 455 448 500 503 510 514 514 444 479 529 547 524 499 456 489 491 541 570 553 502 503 502 467 473 482 509 510 500 514 531 525 483 467 489 484 511 488 467 497 438 477 516 536 499 496 494 480 516 499 471 419 518 544 530 488 440 451 481 512 478 471 496 457 458 450 480 499 498 505 506 471 441 441 454 453 488 523 536 533 480 471 480 468 491 493 502 511 549 524 504 507 479 464 498 485 463 469 503 475 476 461 439 436 470 519 504 486 408 452 429 442 472 525 539 498 543 572 583 537 497 490 482 522 533 520 525 524 532 475 463 496 504 510 516 514 487 455 455 466 476 482 511 534 550 515 510 518 501 476 489 521 509 505 519 533 524 496 509 526 510 500 508 486 499 509 524 531 525 551 510 504 489 522 565 554 520 515 520 527 525 522 529 521 495 476 519 515 497 435 456 452 431 449 475 462 470 479 494 549 540 541 512 510 499 497 520 549 501 487 449 447 511 531 514 508 485 489 487 506 489 513 532 504 483 516 490 456 478 501 488 499 525 506 513 476 484 477 503 507 520 536 475 506 525 455 459 457 484 489 489 475 480 474 490 439 410 467 488 491 453 474 489 527 475 
vem trace:

stid: 342
spdistance: 786.094
radio trace:
539 543 545 553 526 496 443 446 450 478 504 518 514 508 481 474 475 473 467 477 480 463 479 482 498 493 498 465 481 454 460 468 475 532 498 492 483 498 516 491 471 479 497 479 472 468 492 478 490 497 494 496 482 479 491 446 476 495 491 493 515 516 506 525 509 489 494 495 502 465 476 486 479 490 475 446 483 533 535 532 495 476 500 479 491 485 473 485 485 483 447 453 451 447 455 446 489 519 503 521 491 501 486 460 461 490 479 472 484 467 482 484 495 486 468 457 444 459 519 510 497 507 500 518 524 545 533 511 514 485 481 493 476 473 503 478 457 468 487 510 527 503 482 501 481 487 488 464 473 477 478 481 508 484 506 481 504 478 450 436 468 460 436 464 462 503 465 472 498 470 464 494 507 479 468 475 462 446 455 435 460 473 491 519 503 462 484 507 506 502 527 506 486 488 513 527 486 484 508 525 519 501 494 475 466 460 467 469 484 478 515 500 505 496 487 468 479 480 457 469 485 475 520 499 461 458 499 471 497 511 491 483 505 487 491 466 458 466 493 511 510 513 512 522 525 483 485 483 475 484 466 468 499 463 486 471 484 474 474 479 499 503 497 481 476 460 474 495 491 472 483 471 459 466 470 486 478 465 448 464 471 467 445 492 470 469 457 447 471 465 495 491 482 523 486 501 469 507 491 497 508 494 484 480 495 490 489 478 460 427 433 474 494 486 502 468 481 454 465 461 487 481 471 476 462 463 489 480 469 494 474 480 481 454 444 486 476 494 500 511 515 511 512 489 487 524 510 497 477 474 480 510 475 495 489 454 458 479 497 487 485 495 497 459 434 485 505 527 481 464 474 456 499 473 447 468 476 484 483 507 448 460 469 464 484 510 529 520 484 465 492 497 467 441 450 441 453 479 501 486 506 497 496 479 464 477 478 482 489 487 493 477 502 514 489 503 505 523 516 513 522 503 485 453 473 463 495 496 485 486 482 489 465 479 490 555 527 518 539 505 514 480 473 509 472 502 468 465 456 477 495 533 497 492 498 482 479 492 494 496 487 482 503 479 496 482 502 520 495 499 496 530 506 489 502 463 463 502 486 480 499 494 472 477 465 481 513 488 514 517 499 467 465 471 469 498 510 517 518 515 469 469 484 476 468 485 498 478 484 519 476 458 478 493 436 439 450 460 480 516 525 518 503 494 503 517 511 496 529 509 509 489 520 512 527 493 467 487 481 468 498 471 439 472 459 498 512 479 438 465 488 477 502 472 435 458 468 464 461 463 448 457 480 503 481 474 507 485 500 508 501 485 487 478 522 519 499 511 495 468 469 487 512 505 480 520 472 472 445 483 485 459 513 515 489 481 492 461 467 476 462 475 483 503 481 490 512 543 497 486 505 488 486 483 480 510 529 482 479 508 504 449 420 438 468 495 480 492 494 482 492 474 475 466 469 500 525 523 514 507 497 477 486 493 488 508 513 513 493 452 474 476 489 496 500 490 458 466 431 472 492 484 481 484 509 479 455 460 449 488 498 488 482 459 460 483 488 476 449 450 450 470 441 446 473 464 474 490 480 464 474 434 462 495 481 463 494 494 432 445 450 424 427 411 444 469 463 467 506 514 488 491 490 468 494 502 474 487 516 515 493 486 474 479 504 480 506 493 456 486 499 484 465 471 478 515 522 493 524 506 516 504 492 516 523 491 497 524 528 510 495 494 511 521 483 468 460 495 478 487 492 496 471 505 489 482 487 478 
vem trace:

stid: 343
spdistance: 982.435
radio trace:
450 453 472 459 486 479 471 440 465 457 480 501 495 485 490 476 489 479 487 441 461 466 480 484 513 533 508 487 506 488 486 471 489 469 462 468 478 474 450 479 509 518 517 496 485 489 487 481 489 505 499 494 507 478 451 462 484 501 481 479 461 456 468 474 506 505 492 502 493 514 506 503 500 489 477 469 460 486 483 471 447 481 501 494 471 466 464 464 468 473 461 470 462 468 484 496 505 523 522 482 464 460 502 512 470 459 472 478 469 487 512 509 501 489 491 484 508 512 494 499 496 491 483 490 452 474 480 482 467 474 480 521 520 503 499 478 434 456 457 465 493 482 467 480 461 447 479 473 501 496 524 529 495 496 511 494 518 511 518 501 499 494 507 512 504 487 475 474 454 453 446 447 449 463 460 477 470 480 503 520 490 487 502 518 507 484 491 518 475 492 471 479 500 503 464 448 457 494 474 462 461 482 483 504 492 504 477 471 477 469 448 471 464 482 468 468 479 487 491 477 468 492 483 464 456 479 474 470 497 475 490 501 483 469 487 481 480 476 504 504 517 499 507 479 473 466 428 454 456 498 509 505 516 481 467 471 493 499 473 491 502 498 497 458 445 480 462 423 441 464 491 510 512 482 482 470 497 491 503 515 510 488 493 511 518 517 478 473 480 500 484 483 496 488 485 484 496 481 475 470 478 482 478 485 460 452 444 459 488 500 498 518 531 504 507 497 492 466 483 496 484 497 507 490 461 450 455 483 506 454 472 487 489 471 453 466 488 498 502 511 505 488 475 442 465 469 498 496 500 495 488 486 511 506 514 476 485 486 479 472 483 474 484 470 484 491 490 496 510 484 467 460 445 482 496 468 470 480 478 459 439 437 486 480 481 472 500 490 488 457 467 495 503 498 479 484 470 476 471 497 503 503 501 477 496 495 477 471 462 470 461 454 480 477 480 488 495 462 463 463 493 469 489 508 484 497 494 465 485 511 490 532 528 481 488 498 510 499 458 471 481 470 488 463 480 506 497 487 482 488 510 481 497 502 488 481 482 473 485 503 499 491 480 481 489 515 496 495 515 489 485 481 454 475 472 477 440 438 469 491 486 488 509 479 455 455 453 460 496 499 466 453 469 465 448 474 480 495 513 505 478 509 501 471 474 486 466 472 480 461 470 491 510 508 516 498 490 491 484 488 467 484 490 487 481 466 477 477 501 503 522 509 508 505 505 490 487 498 470 484 480 498 482 498 489 482 496 496 453 459 481 477 469 485 476 503 479 465 461 497 494 486 483 458 458 473 493 488 476 505 497 475 490 509 489 490 507 477 441 460 456 468 510 484 485 483 499 484 461 460 461 463 446 473 485 476 471 469 457 465 476 470 471 461 467 475 477 488 513 499 477 497 500 496 488 491 490 471 469 497 478 503 495 493 503 484 465 465 479 524 490 472 492 475 505 491 448 481 504 484 491 479 449 455 479 477 485 494 477 442 428 452 441 464 438 467 469 480 491 465 457 458 479 492 488 501 490 507 485 504 507 516 488 457 452 455 473 476 484 479 478 490 498 488 495 483 477 479 481 456 477 486 473 469 468 476 483 478 464 472 484 485 490 487 470 459 455 477 485 447 465 474 457 479 492 507 458 468 477 485 487 499 515 488 496 481 481 472 496 501 486 483 493 491 480 461 476 459 458 467 457 468 475 472 461 472 478 484 470 480 503 517 500 506 483 476 485 468 469 463 465 474 468 487 490 494 485 482 
vem trace:

