SDId: 34501297
energy: 7.70894e+17
zenith: 0.397912
azimuth: 2.39227
GPSSeconc: 1125261458
stid: 341
spdistance: 814.826
radio trace:
518 536 521 517 521 550 546 513 552 565 583 571 558 591 582 547 567 567 572 531 533 491 518 542 571 566 541 513 526 527 537 558 568 563 529 495 521 522 505 497 516 517 538 515 521 510 520 567 565 581 554 523 511 547 560 555 568 580 617 577 546 563 590 523 543 532 538 580 563 559 552 545 549 554 582 590 554 547 525 543 521 446 455 482 505 509 511 512 533 528 538 524 488 519 565 532 521 554 571 536 526 548 530 554 546 536 518 483 500 517 486 513 501 528 551 554 552 542 531 484 489 520 530 570 572 540 539 519 517 505 518 534 536 520 569 601 611 586 551 540 558 558 523 538 551 564 524 509 495 497 505 522 565 551 533 534 559 591 589 572 573 594 557 542 537 567 585 558 487 485 512 522 539 537 558 557 541 491 490 491 525 524 502 493 518 537 551 528 521 520 552 547 550 560 561 533 492 536 541 516 508 525 502 513 493 530 580 552 538 566 541 530 532 532 553 539 536 556 594 552 548 563 552 544 539 534 535 550 575 552 521 506 518 535 551 551 580 573 525 499 499 496 576 602 567 535 513 493 499 492 529 492 497 483 527 546 516 481 482 533 541 512 518 533 513 518 522 509 551 544 539 529 535 548 562 559 523 498 489 522 566 567 528 503 513 510 532 551 516 527 500 494 464 506 478 508 550 531 545 541 525 544 559 541 527 527 521 531 558 552 499 495 545 552 558 549 521 495 574 583 542 536 556 535 560 583 609 602 580 543 519 507 552 515 542 533 515 516 568 595 605 545 516 508 537 525 532 552 550 539 574 536 544 566 574 579 578 548 514 538 524 520 591 574 568 547 530 539 526 550 563 511 491 504 527 510 504 482 536 522 517 538 545 557 558 524 528 532 514 525 532 544 537 562 571 534 520 524 524 570 548 537 533 559 568 544 563 523 487 480 523 511 558 554 509 475 514 546 545 541 563 535 517 555 565 566 598 580 475 453 464 538 545 527 579 546 549 542 557 509 490 499 522 545 537 538 561 550 562 560 570 611 544 560 559 548 549 534 504 483 509 500 516 549 520 510 487 539 572 547 580 584 598 567 566 598 572 538 567 603 600 531 539 525 543 522 553 570 556 560 583 542 555 546 543 520 534 553 549 556 564 561 544 572 578 556 563 509 507 521 526 488 465 506 539 516 521 573 539 490 501 536 538 537 549 555 587 577 549 580 585 543 537 521 532 548 526 518 530 538 553 547 568 513 513 525 517 553 536 512 508 472 502 528 509 538 523 556 590 607 588 575 563 561 511 462 491 497 537 553 500 507 534 559 552 538 528 497 548 584 579 572 526 535 494 518 564 506 506 532 549 560 568 575 583 536 549 526 545 515 531 517 533 545 561 535 525 513 529 513 517 517 542 513 517 524 511 539 538 527 480 526 543 518 534 554 561 533 561 512 530 543 521 488 509 539 545 530 588 615 552 497 526 541 528 449 481 505 533 542 537 547 564 585 561 562 575 612 584 567 561 555 577 580 626 613 577 540 525 532 526 538 591 567 581 568 550 546 547 573 565 531 519 529 527 521 496 526 554 559 544 540 513 521 512 476 502 503 486 509 562 551 557 504 522 540 531 515 502 518 555 540 530 554 546 568 567 543 580 545 544 572 512 510 521 539 539 528 592 591 555 571 559 528 504 516 540 552 564 510 478 492 537 567 516 472 469 545 532 504 523 549 540 526 505 495 473 500 534 525 515 529 509 555 583 555 560 528 
vem trace:

stid: 341
spdistance: 814.826
radio trace:
518 536 521 517 521 550 546 513 552 565 583 571 558 591 582 547 567 567 572 531 533 491 518 542 571 566 541 513 526 527 537 558 568 563 529 495 521 522 505 497 516 517 538 515 521 510 520 567 565 581 554 523 511 547 560 555 568 580 617 577 546 563 590 523 543 532 538 580 563 559 552 545 549 554 582 590 554 547 525 543 521 446 455 482 505 509 511 512 533 528 538 524 488 519 565 532 521 554 571 536 526 548 530 554 546 536 518 483 500 517 486 513 501 528 551 554 552 542 531 484 489 520 530 570 572 540 539 519 517 505 518 534 536 520 569 601 611 586 551 540 558 558 523 538 551 564 524 509 495 497 505 522 565 551 533 534 559 591 589 572 573 594 557 542 537 567 585 558 487 485 512 522 539 537 558 557 541 491 490 491 525 524 502 493 518 537 551 528 521 520 552 547 550 560 561 533 492 536 541 516 508 525 502 513 493 530 580 552 538 566 541 530 532 532 553 539 536 556 594 552 548 563 552 544 539 534 535 550 575 552 521 506 518 535 551 551 580 573 525 499 499 496 576 602 567 535 513 493 499 492 529 492 497 483 527 546 516 481 482 533 541 512 518 533 513 518 522 509 551 544 539 529 535 548 562 559 523 498 489 522 566 567 528 503 513 510 532 551 516 527 500 494 464 506 478 508 550 531 545 541 525 544 559 541 527 527 521 531 558 552 499 495 545 552 558 549 521 495 574 583 542 536 556 535 560 583 609 602 580 543 519 507 552 515 542 533 515 516 568 595 605 545 516 508 537 525 532 552 550 539 574 536 544 566 574 579 578 548 514 538 524 520 591 574 568 547 530 539 526 550 563 511 491 504 527 510 504 482 536 522 517 538 545 557 558 524 528 532 514 525 532 544 537 562 571 534 520 524 524 570 548 537 533 559 568 544 563 523 487 480 523 511 558 554 509 475 514 546 545 541 563 535 517 555 565 566 598 580 475 453 464 538 545 527 579 546 549 542 557 509 490 499 522 545 537 538 561 550 562 560 570 611 544 560 559 548 549 534 504 483 509 500 516 549 520 510 487 539 572 547 580 584 598 567 566 598 572 538 567 603 600 531 539 525 543 522 553 570 556 560 583 542 555 546 543 520 534 553 549 556 564 561 544 572 578 556 563 509 507 521 526 488 465 506 539 516 521 573 539 490 501 536 538 537 549 555 587 577 549 580 585 543 537 521 532 548 526 518 530 538 553 547 568 513 513 525 517 553 536 512 508 472 502 528 509 538 523 556 590 607 588 575 563 561 511 462 491 497 537 553 500 507 534 559 552 538 528 497 548 584 579 572 526 535 494 518 564 506 506 532 549 560 568 575 583 536 549 526 545 515 531 517 533 545 561 535 525 513 529 513 517 517 542 513 517 524 511 539 538 527 480 526 543 518 534 554 561 533 561 512 530 543 521 488 509 539 545 530 588 615 552 497 526 541 528 449 481 505 533 542 537 547 564 585 561 562 575 612 584 567 561 555 577 580 626 613 577 540 525 532 526 538 591 567 581 568 550 546 547 573 565 531 519 529 527 521 496 526 554 559 544 540 513 521 512 476 502 503 486 509 562 551 557 504 522 540 531 515 502 518 555 540 530 554 546 568 567 543 580 545 544 572 512 510 521 539 539 528 592 591 555 571 559 528 504 516 540 552 564 510 478 492 537 567 516 472 469 545 532 504 523 549 540 526 505 495 473 500 534 525 515 529 509 555 583 555 560 528 
vem trace:

