SDId: 34552404
energy: 9.49656e+16
zenith: 0.385313
azimuth: 2.44347
GPSSeconc: 1125571825
stid: 342
spdistance: 668.397
radio trace:
419 416 407 410 406 387 388 407 396 392 396 416 419 444 422 412 420 421 428 396 406 392 375 412 419 413 391 393 404 397 432 418 410 410 389 420 429 435 425 394 413 410 417 388 415 410 392 400 439 410 414 420 428 419 404 400 414 435 412 417 434 446 421 414 406 422 424 390 376 392 400 386 401 399 412 424 411 418 386 380 418 417 411 426 438 418 408 394 393 404 412 403 394 413 412 369 398 393 385 390 409 393 398 407 409 401 387 400 443 434 445 411 426 433 418 436 436 440 414 400 394 377 405 405 392 381 394 407 413 415 401 416 418 411 393 386 381 366 370 393 406 414 423 427 427 423 403 424 398 386 391 412 408 423 409 431 434 449 401 385 378 412 385 381 391 398 445 423 432 406 425 455 433 462 434 404 437 432 424 440 432 414 407 385 376 364 399 380 414 434 422 404 395 406 391 434 423 410 402 416 415 393 384 398 410 457 445 453 431 438 434 411 402 433 432 408 427 422 418 423 432 409 399 407 424 418 405 401 371 399 414 423 406 409 405 426 448 441 445 419 442 429 408 397 427 425 417 402 402 419 426 416 432 411 421 364 389 400 425 408 403 425 390 395 423 419 413 387 403 393 384 367 383 413 393 395 373 389 382 356 371 404 411 400 399 388 365 359 385 393 414 410 407 405 390 393 422 432 432 406 429 423 429 446 450 412 422 400 379 390 389 399 398 401 407 427 390 384 374 366 364 406 402 417 435 404 387 398 398 419 421 410 436 416 414 410 375 413 381 390 417 420 418 418 404 415 405 398 413 441 423 419 445 448 419 429 397 399 378 417 438 420 408 422 435 442 409 398 400 412 407 407 397 426 417 376 382 407 423 437 419 427 409 397 371 392 382 396 403 378 399 418 405 450 423 438 411 374 384 376 392 386 433 405 416 421 438 425 430 433 431 447 412 414 415 414 439 432 431 415 399 420 426 428 417 423 417 404 414 434 403 411 437 454 432 409 408 432 430 438 442 396 385 412 428 431 420 438 415 397 423 407 369 372 378 396 393 422 421 419 422 398 389 399 379 373 414 424 409 417 422 406 404 407 405 402 392 390 392 385 399 424 416 393 393 384 398 406 427 420 433 440 401 376 376 400 388 387 404 427 437 401 432 431 404 412 404 424 444 436 427 419 404 426 420 413 390 381 397 373 384 373 391 381 396 392 395 395 403 387 409 420 390 389 426 445 459 436 407 395 380 398 411 411 407 416 407 424 401 391 424 400 408 415 412 410 431 430 436 422 413 418 398 397 412 390 412 431 415 428 429 450 428 423 406 430 391 404 406 383 388 396 399 383 394 420 399 393 393 410 415 415 401 405 437 427 447 434 429 410 390 399 387 369 388 400 396 389 416 414 414 418 423 378 386 382 410 433 436 418 413 412 409 400 412 401 432 429 417 391 397 411 411 416 421 422 413 412 421 417 406 397 421 435 437 430 419 417 382 356 410 417 400 390 414 421 406 387 387 403 424 423 439 430 451 438 428 421 395 375 401 416 408 382 387 406 446 410 418 424 417 401 408 413 376 384 383 418 394 393 420 424 426 412 412 413 413 384 403 434 437 426 388 425 405 397 391 386 383 358 371 377 370 372 383 418 391 395 367 380 394 381 406 414 404 406 430 424 409 387 389 395 419 403 391 388 396 407 424 412 423 426 399 379 363 373 395 372 395 416 421 431 411 417 400 411 433 413 414 395 388 418 397 404 396 428 432 419 
vem trace:

stid: 333
spdistance: 980.799
radio trace:
414 415 416 426 443 452 449 419 431 426 414 434 422 413 415 400 437 460 431 387 382 398 411 412 443 433 404 440 408 399 414 453 474 436 461 448 450 436 415 434 444 450 432 394 424 415 400 425 436 448 457 434 417 416 461 460 433 418 430 440 449 430 398 401 422 440 433 436 438 421 429 437 425 420 432 391 334 361 428 462 471 429 425 461 467 461 436 418 437 408 431 426 402 386 379 401 430 427 433 390 411 424 448 456 427 395 379 395 422 432 453 448 444 471 449 414 429 397 415 413 421 452 443 437 465 469 469 437 416 437 456 449 425 416 394 392 398 419 435 462 448 413 388 390 424 443 411 425 412 417 435 416 438 426 402 379 399 416 417 436 437 426 413 423 405 442 432 403 380 413 425 429 456 450 428 429 436 448 440 426 421 440 431 431 426 429 434 434 411 424 447 442 461 465 461 461 447 440 409 390 403 419 430 440 453 436 475 451 414 404 444 447 435 430 362 360 406 411 425 434 453 423 432 431 385 418 447 448 479 453 458 447 429 418 422 431 429 445 448 445 434 454 453 451 422 403 425 435 442 453 457 455 430 422 422 451 471 459 413 424 412 423 433 474 427 425 414 387 421 393 433 439 414 375 411 428 425 454 452 437 454 444 440 440 471 462 444 460 454 434 399 400 380 382 385 426 432 414 394 373 415 426 410 415 407 415 429 448 446 441 422 421 451 442 431 469 442 457 455 456 438 444 446 451 437 417 412 375 388 398 423 441 397 405 429 429 426 425 414 432 406 397 381 391 395 405 423 419 451 457 464 437 427 418 423 432 399 434 411 428 428 444 448 379 404 434 408 424 418 415 475 449 425 441 442 379 378 387 354 358 393 425 394 431 416 387 419 404 398 399 444 446 422 416 453 461 426 411 424 414 430 417 449 439 452 470 441 457 453 452 462 459 449 443 432 428 410 450 419 434 425 406 378 436 415 418 453 441 434 393 440 460 471 406 429 454 458 452 448 451 451 419 433 442 420 400 392 409 414 424 415 418 450 451 464 463 432 401 426 416 397 406 456 449 440 439 435 407 415 394 387 393 417 384 389 407 409 437 431 441 417 377 406 428 450 418 400 422 425 425 429 435 436 453 441 455 439 421 420 445 434 428 415 415 408 395 391 459 467 412 423 426 435 440 446 433 427 420 384 391 399 428 445 428 413 377 399 428 443 416 425 434 456 459 463 461 447 399 395 363 337 366 390 381 390 405 389 419 439 425 429 401 385 417 438 427 405 395 433 420 410 422 448 447 413 409 420 448 437 429 434 444 416 458 404 389 400 423 429 434 452 469 474 466 468 468 457 441 424 444 434 448 427 398 435 451 418 410 423 390 413 398 412 454 440 438 458 436 437 457 427 434 411 387 411 428 414 447 488 480 431 420 396 428 427 430 441 428 396 384 389 416 415 381 381 372 408 402 435 439 433 413 422 445 445 445 430 430 422 433 438 429 414 439 454 487 440 411 423 376 414 431 411 400 425 426 427 422 406 436 467 432 450 454 448 436 452 424 413 428 386 434 437 397 410 439 465 437 400 384 405 408 436 428 409 434 406 424 422 459 460 445 419 429 437 428 428 409 422 394 384 416 451 467 431 395 458 455 420 407 449 444 421 409 434 427 430 447 418 425 432 463 424 424 402 405 380 389 442 447 444 439 394 425 443 448 433 469 442 434 474 454 471 429 458 424 418 430 435 424 424 425 383 404 427 420 440 400 
vem trace:

