SDId: 34516481
energy: 2.14507e+18
zenith: 0.749566
azimuth: 5.3478
GPSSeconc: 1125362432
stid: 332
spdistance: 390.934
radio trace:
560 534 546 539 549 564 555 543 526 511 514 512 477 507 509 506 536 541 556 580 573 581 547 539 560 533 542 553 510 501 485 514 519 528 522 541 544 562 575 552 569 553 500 515 529 553 537 532 532 525 521 504 533 526 543 519 504 547 531 528 542 573 552 522 515 523 518 538 567 557 543 568 543 519 470 502 498 491 500 512 527 546 535 541 534 554 529 543 514 524 534 549 573 554 546 546 551 547 536 569 560 546 558 541 546 547 538 530 510 521 508 520 512 501 525 555 563 527 548 552 552 556 593 556 528 528 513 531 517 513 516 534 551 558 550 584 533 528 516 550 540 524 522 536 561 541 549 563 516 543 564 564 545 575 567 561 518 502 498 506 503 549 542 532 523 517 527 507 518 524 563 537 536 539 552 542 518 533 571 581 555 541 579 564 537 527 539 519 544 551 561 550 506 540 548 542 523 546 561 544 530 530 551 530 537 540 525 531 516 482 497 485 504 538 547 564 575 561 551 532 554 519 503 543 540 549 540 571 540 524 505 503 501 516 526 523 531 499 504 530 528 529 531 555 564 571 589 592 584 584 587 583 553 540 525 565 568 563 550 533 546 546 576 565 577 550 543 518 535 537 534 561 582 558 548 520 519 527 540 505 545 532 523 556 550 548 552 541 562 579 562 553 553 567 549 533 547 538 510 505 558 570 547 544 589 560 562 534 525 539 540 548 532 558 529 504 506 504 541 553 541 533 545 559 575 543 561 568 547 529 515 550 566 550 572 577 579 569 540 519 514 522 561 512 513 533 508 516 531 519 537 562 533 569 561 549 555 568 573 549 532 508 511 541 572 528 514 516 558 562 549 547 523 545 549 529 540 519 542 535 531 510 524 540 550 551 564 551 506 527 537 515 535 575 580 596 558 529 534 571 554 569 559 560 551 555 566 546 568 535 503 531 535 553 545 540 544 531 560 570 560 587 573 547 544 553 577 574 534 522 536 542 563 591 544 543 549 535 561 572 557 533 536 556 541 533 531 530 518 526 539 514 545 503 541 530 546 534 536 553 544 514 542 569 604 557 534 539 533 570 544 529 556 558 569 566 554 562 588 569 542 543 534 532 511 533 529 520 544 566 553 555 569 537 555 559 570 544 563 535 541 510 512 512 510 517 493 513 531 548 529 530 562 551 494 521 514 500 482 539 543 537 566 590 577 541 542 534 513 532 527 538 551 553 514 516 498 507 494 498 527 549 550 549 533 521 528 512 512 523 529 542 538 522 529 552 534 557 528 536 561 543 514 492 502 550 581 568 558 595 607 594 561 568 528 506 544 525 546 506 517 532 499 523 529 524 537 549 573 577 520 500 521 558 526 548 564 538 536 532 558 569 533 514 480 513 516 504 546 539 552 563 542 545 537 535 519 522 527 543 531 550 548 524 550 544 556 557 531 518 508 527 529 511 529 548 538 537 551 537 508 506 540 544 522 500 496 534 526 538 535 530 543 540 576 575 554 575 590 540 561 574 551 532 506 525 532 513 540 528 504 528 547 552 522 520 526 508 515 517 553 524 520 525 546 540 553 570 522 494 486 505 540 531 552 536 527 516 500 536 561 572 556 518 493 508 549 567 532 530 549 527 500 505 522 561 565 554 533 521 549 564 527 524 553 532 529 553 555 543 533 559 556 529 531 521 497 515 527 551 524 529 526 517 518 562 565 564 561 573 590 553 561 578 599 589 568 543 555 537 576 570 540 540 537 547 549 546 
vem trace:

stid: 341
spdistance: 1174.12
radio trace:
491 546 567 528 508 490 472 495 529 519 529 539 503 445 448 499 475 504 538 563 546 511 516 517 505 497 511 510 538 509 522 464 515 514 506 535 536 505 530 506 503 534 530 549 546 552 502 501 496 462 484 511 494 537 573 568 530 487 508 545 560 559 523 502 497 479 431 454 495 470 518 530 532 507 504 528 532 515 529 518 513 517 521 511 527 508 525 516 500 509 501 490 485 492 505 480 486 480 480 514 539 534 542 564 544 540 503 523 526 501 488 503 474 457 459 462 471 481 512 535 532 539 537 535 542 549 549 562 609 537 528 515 494 511 522 513 501 512 527 538 534 545 547 539 543 521 499 499 516 512 525 512 505 519 520 534 587 534 486 498 476 444 504 523 537 530 556 562 556 541 526 506 454 458 490 520 488 453 454 484 526 508 499 508 487 539 575 544 540 564 542 558 508 498 514 524 511 484 462 480 461 487 524 524 515 499 547 552 532 497 501 496 539 536 487 514 512 512 510 506 509 486 508 570 574 537 547 539 500 505 461 430 429 443 489 486 456 466 482 528 509 540 516 509 504 504 508 476 494 496 520 519 539 548 519 537 546 585 566 562 556 520 504 533 539 511 549 549 511 487 527 551 525 528 536 512 464 443 497 540 520 516 528 472 484 533 487 521 550 531 533 506 520 561 574 544 531 519 518 506 488 505 519 509 480 487 499 480 480 473 477 493 519 497 535 542 538 526 502 506 521 542 536 519 504 502 540 532 529 504 521 524 557 533 466 491 492 470 477 493 506 522 542 547 568 546 497 506 522 527 562 550 504 505 534 510 512 531 516 505 477 513 504 530 518 563 551 539 532 499 472 465 475 494 474 467 479 493 539 537 514 515 515 513 516 527 518 458 498 507 477 476 521 500 477 498 498 495 489 505 542 564 515 510 519 530 522 533 534 528 536 526 505 512 515 520 545 491 530 548 555 515 535 504 488 508 534 528 515 519 497 493 480 505 542 509 478 523 481 489 475 456 474 493 463 477 513 521 526 520 532 505 490 508 527 504 513 550 542 507 521 502 519 493 534 530 485 489 503 492 493 493 518 538 544 529 502 523 524 536 512 484 453 468 506 479 472 480 467 460 435 472 495 473 493 526 521 531 522 485 489 514 490 490 490 532 531 528 502 505 501 497 462 491 551 523 478 488 502 522 527 509 497 510 503 515 519 489 463 514 486 477 519 510 492 486 541 515 523 481 462 480 501 519 507 526 464 484 495 478 483 474 464 479 507 501 486 496 495 485 520 515 482 491 494 481 479 545 535 487 501 529 484 470 491 516 508 526 521 525 526 498 466 501 515 499 518 501 506 516 526 535 511 516 566 568 545 520 530 500 492 478 493 503 493 526 538 532 511 535 511 506 527 515 514 512 501 506 508 549 536 499 507 516 545 549 547 517 486 503 479 503 554 576 614 573 590 548 536 565 551 548 552 560 564 552 547 522 505 488 512 509 498 506 516 526 522 542 526 526 517 513 493 527 568 525 487 517 487 518 543 557 532 525 545 512 499 482 467 475 463 506 482 470 504 495 506 484 522 504 471 485 488 493 515 545 550 560 532 510 501 544 510 536 520 475 491 496 481 516 516 541 508 506 474 494 519 536 529 517 506 505 508 526 526 528 545 523 536 539 539 525 487 476 503 505 482 479 506 528 503 462 448 468 495 507 515 520 510 505 531 536 500 520 533 576 585 584 548 519 505 500 508 510 499 537 536 510 
vem trace:

stid: 341
spdistance: 1174.12
radio trace:
491 546 567 528 508 490 472 495 529 519 529 539 503 445 448 499 475 504 538 563 546 511 516 517 505 497 511 510 538 509 522 464 515 514 506 535 536 505 530 506 503 534 530 549 546 552 502 501 496 462 484 511 494 537 573 568 530 487 508 545 560 559 523 502 497 479 431 454 495 470 518 530 532 507 504 528 532 515 529 518 513 517 521 511 527 508 525 516 500 509 501 490 485 492 505 480 486 480 480 514 539 534 542 564 544 540 503 523 526 501 488 503 474 457 459 462 471 481 512 535 532 539 537 535 542 549 549 562 609 537 528 515 494 511 522 513 501 512 527 538 534 545 547 539 543 521 499 499 516 512 525 512 505 519 520 534 587 534 486 498 476 444 504 523 537 530 556 562 556 541 526 506 454 458 490 520 488 453 454 484 526 508 499 508 487 539 575 544 540 564 542 558 508 498 514 524 511 484 462 480 461 487 524 524 515 499 547 552 532 497 501 496 539 536 487 514 512 512 510 506 509 486 508 570 574 537 547 539 500 505 461 430 429 443 489 486 456 466 482 528 509 540 516 509 504 504 508 476 494 496 520 519 539 548 519 537 546 585 566 562 556 520 504 533 539 511 549 549 511 487 527 551 525 528 536 512 464 443 497 540 520 516 528 472 484 533 487 521 550 531 533 506 520 561 574 544 531 519 518 506 488 505 519 509 480 487 499 480 480 473 477 493 519 497 535 542 538 526 502 506 521 542 536 519 504 502 540 532 529 504 521 524 557 533 466 491 492 470 477 493 506 522 542 547 568 546 497 506 522 527 562 550 504 505 534 510 512 531 516 505 477 513 504 530 518 563 551 539 532 499 472 465 475 494 474 467 479 493 539 537 514 515 515 513 516 527 518 458 498 507 477 476 521 500 477 498 498 495 489 505 542 564 515 510 519 530 522 533 534 528 536 526 505 512 515 520 545 491 530 548 555 515 535 504 488 508 534 528 515 519 497 493 480 505 542 509 478 523 481 489 475 456 474 493 463 477 513 521 526 520 532 505 490 508 527 504 513 550 542 507 521 502 519 493 534 530 485 489 503 492 493 493 518 538 544 529 502 523 524 536 512 484 453 468 506 479 472 480 467 460 435 472 495 473 493 526 521 531 522 485 489 514 490 490 490 532 531 528 502 505 501 497 462 491 551 523 478 488 502 522 527 509 497 510 503 515 519 489 463 514 486 477 519 510 492 486 541 515 523 481 462 480 501 519 507 526 464 484 495 478 483 474 464 479 507 501 486 496 495 485 520 515 482 491 494 481 479 545 535 487 501 529 484 470 491 516 508 526 521 525 526 498 466 501 515 499 518 501 506 516 526 535 511 516 566 568 545 520 530 500 492 478 493 503 493 526 538 532 511 535 511 506 527 515 514 512 501 506 508 549 536 499 507 516 545 549 547 517 486 503 479 503 554 576 614 573 590 548 536 565 551 548 552 560 564 552 547 522 505 488 512 509 498 506 516 526 522 542 526 526 517 513 493 527 568 525 487 517 487 518 543 557 532 525 545 512 499 482 467 475 463 506 482 470 504 495 506 484 522 504 471 485 488 493 515 545 550 560 532 510 501 544 510 536 520 475 491 496 481 516 516 541 508 506 474 494 519 536 529 517 506 505 508 526 526 528 545 523 536 539 539 525 487 476 503 505 482 479 506 528 503 462 448 468 495 507 515 520 510 505 531 536 500 520 533 576 585 584 548 519 505 500 508 510 499 537 536 510 
vem trace:

