SDId: 34521373
energy: 3.12861e+17
zenith: 0.664355
azimuth: 3.8031
GPSSeconc: 1125382776
stid: 341
spdistance: 1064.35
radio trace:
487 534 526 499 489 484 510 481 493 521 556 518 483 496 473 462 458 448 451 487 503 468 462 439 461 499 502 479 467 470 497 489 431 439 449 480 452 416 436 501 490 444 447 484 471 471 482 520 507 510 539 508 486 509 541 517 516 479 485 479 494 508 513 463 484 531 495 501 493 484 473 500 491 488 518 536 516 478 447 466 524 536 472 469 513 488 522 501 504 507 496 461 443 474 468 479 497 533 508 497 511 492 540 507 491 464 461 490 456 488 501 501 517 531 510 488 482 473 476 499 502 493 487 470 529 492 447 454 442 476 456 482 525 506 463 500 489 502 486 481 518 523 516 520 523 471 480 485 489 474 470 500 503 511 479 482 496 492 494 507 524 538 527 478 465 472 472 511 519 503 501 501 496 485 458 446 485 513 499 484 461 464 436 438 495 502 469 511 478 453 452 472 464 499 457 449 476 457 487 472 432 440 451 459 458 475 479 492 482 475 518 492 482 493 488 465 444 458 459 490 497 506 496 510 535 466 483 523 503 471 507 508 453 466 459 449 461 481 483 480 517 530 544 535 510 519 527 499 497 516 536 581 564 501 436 433 487 511 537 555 506 456 474 463 464 483 488 443 460 467 489 513 540 499 490 520 475 453 524 531 490 541 532 530 477 487 436 428 456 468 480 497 504 506 494 518 502 468 497 495 491 498 487 462 459 517 558 554 512 492 523 550 512 464 474 507 500 503 491 529 525 463 445 506 514 501 509 500 486 521 543 529 513 515 550 538 499 516 508 513 494 496 507 461 461 464 482 499 496 520 511 483 478 443 454 535 499 501 515 547 516 519 500 460 431 467 514 491 466 449 453 471 513 503 473 486 495 487 489 460 472 500 496 522 515 475 437 485 467 507 532 509 466 480 490 528 494 507 513 507 529 548 514 522 520 513 499 457 461 543 540 492 481 476 467 482 512 512 486 456 444 480 494 510 458 465 471 490 512 481 507 496 468 504 511 503 524 535 488 513 527 497 505 509 536 518 513 507 500 490 507 534 505 484 505 519 493 479 462 477 490 519 502 494 488 480 497 524 524 488 472 540 540 491 496 525 565 537 492 481 495 515 534 505 465 440 434 468 482 488 538 509 511 479 507 506 542 554 503 501 515 526 495 501 478 453 534 536 521 514 502 538 558 516 519 544 533 528 489 489 496 459 441 460 487 556 530 488 484 498 486 489 481 509 481 492 510 514 501 528 502 485 496 480 469 500 513 469 445 418 452 472 540 528 499 462 458 504 475 455 466 469 488 511 494 475 504 481 442 470 499 474 485 492 482 465 517 509 491 495 485 493 519 513 523 550 479 468 487 496 523 503 484 499 508 501 546 514 516 477 479 520 543 502 517 495 499 496 546 544 567 574 490 495 502 479 535 522 536 527 466 477 507 456 484 475 492 522 538 509 500 515 548 536 493 508 487 493 482 481 484 462 489 490 467 457 473 478 478 512 516 537 495 472 497 490 487 496 476 519 510 500 486 454 490 538 526 507 508 468 461 487 535 536 511 513 525 500 480 476 491 468 423 469 476 454 446 451 454 444 469 496 535 512 486 488 507 495 487 471 495 490 468 528 506 518 509 537 534 512 498 479 488 500 491 502 501 510 498 471 455 469 513 511 491 508 510 538 526 518 524 526 522 497 498 511 531 492 472 521 515 561 514 501 499 468 463 465 498 505 528 517 484 473 427 423 426 473 484 462 457 439 443 444 469 494 519 518 
vem trace:

stid: 341
spdistance: 1064.35
radio trace:
487 534 526 499 489 484 510 481 493 521 556 518 483 496 473 462 458 448 451 487 503 468 462 439 461 499 502 479 467 470 497 489 431 439 449 480 452 416 436 501 490 444 447 484 471 471 482 520 507 510 539 508 486 509 541 517 516 479 485 479 494 508 513 463 484 531 495 501 493 484 473 500 491 488 518 536 516 478 447 466 524 536 472 469 513 488 522 501 504 507 496 461 443 474 468 479 497 533 508 497 511 492 540 507 491 464 461 490 456 488 501 501 517 531 510 488 482 473 476 499 502 493 487 470 529 492 447 454 442 476 456 482 525 506 463 500 489 502 486 481 518 523 516 520 523 471 480 485 489 474 470 500 503 511 479 482 496 492 494 507 524 538 527 478 465 472 472 511 519 503 501 501 496 485 458 446 485 513 499 484 461 464 436 438 495 502 469 511 478 453 452 472 464 499 457 449 476 457 487 472 432 440 451 459 458 475 479 492 482 475 518 492 482 493 488 465 444 458 459 490 497 506 496 510 535 466 483 523 503 471 507 508 453 466 459 449 461 481 483 480 517 530 544 535 510 519 527 499 497 516 536 581 564 501 436 433 487 511 537 555 506 456 474 463 464 483 488 443 460 467 489 513 540 499 490 520 475 453 524 531 490 541 532 530 477 487 436 428 456 468 480 497 504 506 494 518 502 468 497 495 491 498 487 462 459 517 558 554 512 492 523 550 512 464 474 507 500 503 491 529 525 463 445 506 514 501 509 500 486 521 543 529 513 515 550 538 499 516 508 513 494 496 507 461 461 464 482 499 496 520 511 483 478 443 454 535 499 501 515 547 516 519 500 460 431 467 514 491 466 449 453 471 513 503 473 486 495 487 489 460 472 500 496 522 515 475 437 485 467 507 532 509 466 480 490 528 494 507 513 507 529 548 514 522 520 513 499 457 461 543 540 492 481 476 467 482 512 512 486 456 444 480 494 510 458 465 471 490 512 481 507 496 468 504 511 503 524 535 488 513 527 497 505 509 536 518 513 507 500 490 507 534 505 484 505 519 493 479 462 477 490 519 502 494 488 480 497 524 524 488 472 540 540 491 496 525 565 537 492 481 495 515 534 505 465 440 434 468 482 488 538 509 511 479 507 506 542 554 503 501 515 526 495 501 478 453 534 536 521 514 502 538 558 516 519 544 533 528 489 489 496 459 441 460 487 556 530 488 484 498 486 489 481 509 481 492 510 514 501 528 502 485 496 480 469 500 513 469 445 418 452 472 540 528 499 462 458 504 475 455 466 469 488 511 494 475 504 481 442 470 499 474 485 492 482 465 517 509 491 495 485 493 519 513 523 550 479 468 487 496 523 503 484 499 508 501 546 514 516 477 479 520 543 502 517 495 499 496 546 544 567 574 490 495 502 479 535 522 536 527 466 477 507 456 484 475 492 522 538 509 500 515 548 536 493 508 487 493 482 481 484 462 489 490 467 457 473 478 478 512 516 537 495 472 497 490 487 496 476 519 510 500 486 454 490 538 526 507 508 468 461 487 535 536 511 513 525 500 480 476 491 468 423 469 476 454 446 451 454 444 469 496 535 512 486 488 507 495 487 471 495 490 468 528 506 518 509 537 534 512 498 479 488 500 491 502 501 510 498 471 455 469 513 511 491 508 510 538 526 518 524 526 522 497 498 511 531 492 472 521 515 561 514 501 499 468 463 465 498 505 528 517 484 473 427 423 426 473 484 462 457 439 443 444 469 494 519 518 
vem trace:

