SDId: 34785177
energy: 3.54747e+17
zenith: 0.458771
azimuth: 2.71333
GPSSeconc: 1126986531
stid: 332
spdistance: 657.095
radio trace:
532 567 563 561 537 543 556 586 556 547 575 533 546 606 605 573 584 561 541 507 525 550 544 554 557 528 574 557 559 554 567 593 609 569 594 574 550 550 537 564 560 552 563 552 579 557 548 555 571 533 503 505 551 578 586 570 575 565 576 600 579 569 510 528 563 548 552 539 553 578 550 532 561 566 549 527 529 518 516 532 542 558 566 553 544 553 544 543 553 560 567 579 578 567 555 567 568 557 542 571 588 598 546 526 520 533 556 585 578 568 562 565 528 508 516 540 528 535 556 570 555 509 547 551 529 545 536 558 558 537 543 537 496 494 532 534 540 543 567 556 540 540 529 529 519 543 571 533 512 555 547 551 549 549 571 555 536 546 587 586 564 545 564 522 549 547 528 525 559 571 542 572 563 584 574 562 577 572 581 568 549 555 535 554 532 525 556 523 556 561 528 531 535 523 527 564 564 536 552 567 550 523 532 534 530 545 586 605 593 574 556 547 551 563 515 535 540 568 557 530 508 532 545 545 544 537 541 552 570 576 560 554 539 566 568 565 557 542 527 532 562 537 521 562 533 526 546 554 540 530 514 543 535 556 526 548 539 521 524 545 541 551 533 525 514 534 525 552 559 542 563 549 586 576 557 567 557 575 580 604 580 561 550 534 582 572 554 533 549 544 565 568 571 567 603 565 563 520 520 520 530 544 547 562 554 559 534 540 549 521 533 548 571 580 572 573 589 543 528 494 554 567 548 526 519 533 532 527 513 563 556 533 562 559 568 539 520 554 531 545 538 571 566 535 507 508 522 554 543 553 565 576 574 584 585 541 509 514 527 541 506 523 525 549 560 578 546 567 570 546 568 561 559 567 559 535 548 526 547 524 529 542 549 567 511 518 507 513 531 525 561 566 553 545 527 526 512 552 546 524 527 538 515 540 553 552 601 592 573 582 536 525 506 512 523 548 539 529 516 553 539 547 544 546 525 540 550 543 509 513 552 551 555 560 576 558 544 549 548 530 544 544 550 527 514 530 521 549 590 557 541 518 520 576 563 544 568 575 561 529 551 587 578 554 542 571 560 578 574 590 558 549 570 559 558 566 598 606 574 558 550 586 583 544 512 501 512 526 543 540 507 511 529 534 556 584 560 563 540 542 540 551 525 517 525 536 545 552 544 542 537 532 569 550 566 551 547 556 540 558 541 574 607 580 564 554 553 559 545 569 584 557 546 583 540 517 537 559 564 554 563 563 540 555 605 593 587 584 560 555 579 563 560 585 583 570 551 538 538 561 541 520 480 521 571 563 564 595 583 558 538 527 546 554 551 551 573 583 609 587 558 525 561 580 613 580 570 597 582 555 550 543 528 530 552 548 531 545 575 569 555 585 622 583 557 562 550 580 560 578 589 580 575 535 545 538 545 535 541 551 576 533 535 543 525 521 509 531 548 549 545 575 565 568 597 579 565 532 546 570 532 555 594 567 583 581 582 562 560 553 556 545 567 582 572 566 578 567 572 544 545 568 524 551 547 553 545 504 506 503 550 602 597 554 531 550 566 577 585 551 566 566 560 539 558 579 552 565 567 565 570 577 520 540 569 563 552 557 605 550 540 530 554 550 527 548 568 546 557 567 544 555 542 557 548 561 559 557 557 577 578 555 539 562 537 565 554 548 546 563 557 542 521 571 574 569 588 589 602 565 510 513 503 480 490 491 497 512 547 521 569 565 546 546 536 548 568 567 562 566 564 582 598 576 581 597 593 604 
vem trace:

stid: 342
spdistance: 908.274
radio trace:
501 492 471 463 456 465 488 498 496 471 460 435 484 503 502 490 462 463 484 471 492 479 469 444 475 487 461 467 481 512 513 503 493 512 524 541 512 483 458 480 464 438 409 455 478 501 502 506 456 482 501 530 493 489 471 465 491 466 482 454 457 466 465 428 418 454 473 469 454 482 492 517 520 495 497 494 490 460 465 449 472 472 478 466 484 485 490 477 494 522 483 472 477 472 457 488 501 490 464 443 431 428 432 445 429 448 475 468 492 499 483 502 491 510 482 490 510 485 497 497 454 439 479 515 497 516 500 482 492 500 515 487 477 475 444 464 494 499 496 494 499 463 444 460 499 504 508 508 505 515 492 464 495 468 462 462 494 507 476 481 466 487 516 483 494 495 488 496 477 472 463 452 491 528 512 515 508 511 486 500 459 471 487 471 458 478 465 488 499 470 455 465 469 481 464 511 488 460 482 466 466 499 504 498 494 484 466 463 484 475 483 453 471 464 464 447 473 502 489 471 461 460 487 499 511 514 520 504 481 517 515 485 499 484 478 482 481 453 473 457 460 483 499 516 500 512 476 485 480 477 487 458 462 474 453 481 457 456 441 425 440 466 484 521 513 480 464 449 437 497 494 496 487 496 458 476 484 481 479 459 468 466 446 427 452 476 474 450 453 450 482 465 409 439 441 460 483 492 494 499 503 488 433 442 463 461 455 431 430 444 455 453 477 469 485 492 495 467 469 484 489 460 464 473 460 463 450 453 471 501 462 458 468 461 475 465 479 481 471 465 460 482 471 472 444 467 484 480 451 482 480 472 510 494 460 486 498 517 505 472 451 488 516 451 440 477 509 491 503 480 456 470 504 519 516 493 489 514 494 490 476 477 460 483 490 449 448 466 446 466 514 500 483 491 475 457 458 478 487 468 455 435 484 504 503 500 473 437 448 459 463 486 483 488 485 492 491 490 495 494 466 490 488 495 493 488 482 462 431 455 454 424 443 432 460 464 497 519 485 501 496 482 482 450 455 477 490 498 527 494 489 443 441 455 464 459 454 441 483 467 455 445 455 473 456 439 458 458 475 449 474 495 493 512 490 459 453 454 501 492 511 532 516 488 493 505 466 499 489 476 490 501 485 484 495 478 480 465 472 465 449 470 477 488 504 474 497 502 480 453 443 475 481 475 468 472 469 500 487 453 473 490 470 481 466 477 474 490 451 487 486 473 453 445 444 415 454 464 472 477 481 529 488 492 500 509 478 486 476 479 469 451 445 473 458 504 490 502 496 504 460 478 459 483 518 477 500 496 498 484 459 471 462 470 455 494 494 492 491 502 512 487 501 475 435 448 451 472 472 483 477 463 474 461 441 468 501 488 471 471 473 458 478 531 533 523 487 512 496 513 486 474 478 484 481 512 525 492 451 428 445 467 460 515 509 473 513 492 447 433 414 418 455 486 482 476 452 457 459 467 510 518 488 506 476 474 484 479 450 441 472 483 481 452 441 444 449 477 469 471 490 466 486 468 512 499 509 493 512 475 489 476 477 483 467 448 421 434 454 455 515 509 479 493 505 494 485 468 490 501 480 491 497 501 517 520 515 509 492 509 498 505 497 494 484 473 483 480 449 443 463 466 463 471 478 495 489 482 475 506 463 492 510 521 494 477 461 465 479 446 463 469 451 473 481 465 486 497 498 506 508 477 482 469 474 488 470 476 470 454 455 468 462 454 459 474 475 475 481 472 457 490 493 472 515 515 529 500 
vem trace:

stid: 333
spdistance: 954.675
radio trace:
413 420 434 455 464 471 462 455 472 455 417 431 470 458 476 443 439 447 406 402 442 461 465 487 455 470 471 452 476 453 473 461 463 480 456 407 411 443 494 460 479 459 446 451 452 435 459 472 419 414 449 433 426 436 443 425 449 435 434 470 432 415 440 443 427 418 405 419 437 460 473 482 483 473 485 478 463 453 444 437 475 468 424 425 431 435 433 430 443 469 475 473 440 432 465 479 463 455 465 481 485 451 455 463 449 469 463 425 431 468 475 443 414 460 462 474 475 460 462 444 460 485 429 442 412 376 399 400 429 429 450 463 478 507 510 492 473 471 452 497 448 469 434 395 407 415 445 485 445 424 419 425 446 411 431 422 434 426 442 449 461 486 444 458 452 447 445 454 446 465 471 464 475 463 480 481 447 406 411 429 448 456 483 459 444 466 437 430 462 455 457 461 434 450 454 465 440 423 413 439 438 448 465 461 466 445 454 461 449 443 443 468 453 439 403 461 498 464 466 471 473 480 501 489 473 460 461 444 440 445 430 437 398 424 418 415 429 460 466 422 450 456 435 449 462 464 466 527 494 481 463 487 454 459 478 483 420 425 425 462 490 487 494 470 435 464 457 506 477 468 439 403 423 464 460 478 473 463 467 471 411 426 432 431 450 459 423 412 408 422 378 395 404 425 443 442 472 442 442 435 438 448 483 455 463 480 479 447 428 412 393 424 433 435 427 444 420 376 431 447 445 445 463 470 457 449 446 484 464 425 432 448 464 490 441 433 432 441 424 445 450 428 443 455 455 448 442 429 407 432 449 417 437 436 447 449 462 471 432 422 441 406 412 416 449 476 445 464 472 469 466 452 453 455 429 409 416 424 455 460 464 480 469 450 468 432 459 493 462 454 433 461 445 458 449 443 409 428 465 480 427 386 437 414 430 457 456 451 445 466 420 428 443 456 444 403 433 442 426 440 436 435 466 472 467 427 411 437 468 454 424 437 451 422 397 396 416 410 447 492 495 483 430 389 433 440 431 457 496 464 466 447 426 406 432 438 433 432 442 424 450 465 462 475 478 477 471 512 465 436 453 443 449 469 459 469 481 457 452 450 439 439 463 436 447 475 462 449 413 449 443 462 430 433 471 470 449 454 469 479 499 499 454 399 417 445 468 455 456 449 455 474 463 458 452 440 444 469 489 461 439 458 484 477 464 450 435 440 422 420 441 445 434 467 487 492 519 466 494 494 485 453 475 443 439 415 444 463 475 508 492 459 450 445 454 450 460 448 431 449 434 429 440 466 483 481 465 433 430 439 450 450 442 469 429 438 443 450 487 455 463 494 505 473 440 455 472 440 429 435 447 460 428 454 474 472 478 445 424 402 424 442 472 466 480 480 441 411 417 431 409 408 387 402 430 454 426 421 449 461 496 458 443 418 441 467 478 461 449 457 452 491 501 468 430 416 418 418 435 440 467 464 438 442 433 420 446 416 424 434 418 449 463 448 468 480 451 415 426 450 453 459 465 449 436 416 429 459 466 486 467 410 426 446 448 476 472 466 469 462 478 433 462 447 432 457 480 469 507 499 466 482 469 470 478 475 495 505 503 475 464 437 457 478 479 469 467 475 452 408 409 409 435 452 456 465 472 468 505 517 467 435 438 455 482 443 435 410 414 414 434 447 462 472 480 448 414 407 423 467 493 506 467 458 406 430 439 506 469 451 454 456 440 456 471 468 473 484 463 431 457 465 475 424 423 422 421 444 
vem trace:

