SDId: 34741025
energy: 1.00277e+18
zenith: 0.985836
azimuth: 3.8856
GPSSeconc: 1126716701
stid: 342
spdistance: 551.382
radio trace:
485 496 474 453 473 463 473 494 490 467 447 469 446 465 471 457 484 474 451 455 464 476 469 483 485 504 483 469 480 481 493 465 477 459 464 457 430 445 459 478 477 449 449 479 521 509 510 513 500 497 505 473 483 480 505 488 483 474 466 472 479 501 530 541 519 525 494 478 492 507 485 472 442 424 461 466 435 452 479 489 498 477 483 455 439 442 455 452 483 461 471 481 458 461 471 474 525 531 544 515 466 470 507 510 479 477 512 504 503 502 473 450 461 495 515 514 524 491 492 474 473 493 491 462 463 458 481 485 488 487 480 482 479 477 462 452 473 478 491 473 527 522 499 482 467 464 494 479 498 474 460 492 469 495 495 487 484 505 480 463 461 461 485 488 491 510 479 456 458 494 495 472 481 467 441 420 433 442 449 483 487 493 491 493 460 483 505 477 460 500 486 484 497 517 498 487 478 482 521 507 502 496 485 473 490 486 493 497 501 495 496 498 490 497 493 536 531 520 515 505 514 501 483 463 482 466 479 494 506 492 456 502 505 480 464 442 433 445 474 490 486 492 503 492 526 501 502 509 497 464 500 482 508 470 443 484 481 462 467 515 481 520 491 478 457 470 499 504 507 514 491 490 512 492 480 471 493 459 495 506 492 455 478 451 456 464 477 464 462 445 456 484 484 456 445 460 483 505 493 475 479 475 496 505 525 524 512 496 486 504 492 483 480 485 505 492 451 472 497 472 490 472 462 469 489 469 475 493 485 492 459 439 451 467 444 442 430 426 435 426 460 459 466 454 445 469 471 507 495 493 492 476 458 452 483 495 504 478 466 446 445 455 443 457 467 506 496 499 468 460 477 516 500 480 452 477 488 470 472 493 475 500 515 499 471 486 510 497 498 480 518 525 496 474 471 465 488 460 454 465 450 460 448 455 457 449 493 515 503 514 537 517 502 500 495 484 503 507 483 479 457 430 461 477 480 496 497 482 467 456 464 471 473 428 424 437 444 449 478 466 468 458 469 482 508 492 490 501 496 521 540 506 482 505 491 502 477 462 477 481 465 465 508 523 527 508 525 510 505 463 461 498 523 519 519 494 510 478 472 506 524 514 515 503 522 505 488 482 487 461 496 481 460 457 479 436 429 441 486 484 505 487 489 466 463 441 498 535 507 508 501 487 464 454 487 477 507 483 468 475 497 501 478 486 504 493 495 491 469 482 450 462 490 473 474 483 485 496 502 504 509 507 518 495 515 541 511 479 453 474 500 503 498 473 471 479 467 480 487 506 475 502 481 483 520 497 467 470 484 453 479 453 435 444 455 479 476 500 505 500 486 497 457 458 466 494 531 522 523 535 492 472 508 469 488 497 470 439 481 497 514 472 477 484 464 461 449 440 445 430 430 427 459 490 494 488 484 499 527 528 506 495 513 518 478 470 471 495 441 441 471 498 484 486 500 475 459 493 481 452 459 492 488 518 508 495 483 497 518 481 447 464 481 491 452 477 503 509 495 497 479 484 463 473 498 510 498 492 492 517 526 511 457 427 450 436 411 464 480 452 436 469 491 490 500 490 458 446 475 487 489 513 468 441 461 488 500 457 438 459 467 484 483 497 507 478 470 520 483 458 477 471 473 486 497 506 498 508 486 462 468 469 483 494 487 518 522 485 480 481 475 527 514 512 473 490 485 510 479 443 440 452 477 490 497 494 505 496 484 486 460 463 458 451 462 443 449 479 459 447 454 483 491 469 481 491 483 513 
vem trace:

stid: 419
spdistance: 759.721
radio trace:
514 478 473 482 502 483 492 532 570 554 555 536 493 505 515 541 528 532 516 524 516 493 513 484 431 406 457 462 479 509 495 508 473 503 493 445 481 483 440 469 489 495 518 549 553 512 486 457 498 538 537 512 494 472 486 503 491 508 491 472 493 516 498 504 486 519 517 489 487 479 451 452 487 481 507 512 514 479 441 437 478 515 543 548 525 493 486 468 510 515 495 478 485 469 502 524 505 480 491 485 490 485 475 476 479 485 437 511 509 527 511 496 476 447 480 500 516 523 492 466 491 519 558 543 511 489 507 501 473 481 515 528 480 489 507 532 511 486 472 489 466 447 436 478 490 506 496 509 478 494 484 527 541 511 522 519 508 531 517 495 506 510 496 494 505 540 526 481 430 476 514 491 469 468 506 495 486 490 418 432 427 492 461 461 511 510 518 514 506 507 511 522 514 500 510 479 526 495 468 498 499 504 519 482 512 492 507 514 496 509 493 464 508 475 507 504 517 506 522 513 492 450 498 493 495 489 492 529 561 542 520 535 526 531 546 520 497 491 516 502 468 465 505 508 475 487 509 505 506 481 500 523 498 481 496 488 478 453 497 496 490 472 483 467 470 508 523 512 488 486 460 466 478 560 585 546 554 531 500 499 441 469 457 509 484 510 523 500 491 526 497 516 512 498 465 437 422 482 519 564 513 457 485 461 445 426 457 487 511 542 553 541 542 465 457 479 501 520 482 472 497 473 512 522 514 479 453 451 455 458 480 512 495 502 552 536 491 495 489 500 516 508 482 488 521 502 520 553 536 492 439 446 467 517 457 502 539 509 428 415 443 469 503 534 534 510 515 487 458 484 478 516 530 531 522 497 492 472 521 510 484 503 477 460 511 496 478 483 486 494 503 510 514 489 478 474 505 470 509 526 530 549 581 546 532 525 517 492 507 508 531 554 536 528 503 507 503 517 472 482 506 505 511 519 508 483 474 469 455 469 463 457 462 494 480 439 481 476 501 480 479 528 543 535 519 481 482 505 552 548 472 478 439 437 445 464 514 546 519 506 442 495 493 489 478 504 515 554 541 503 452 450 440 428 489 489 489 493 496 480 495 484 535 512 512 500 517 501 481 482 489 455 454 480 543 538 524 544 498 500 480 522 507 454 485 520 499 469 469 469 476 465 465 503 546 522 481 500 473 487 474 481 451 468 487 496 501 511 552 490 484 474 481 509 508 467 454 464 482 504 494 517 517 510 515 529 510 477 468 490 531 528 513 452 451 484 527 482 515 522 505 501 544 532 448 475 540 507 466 491 465 483 459 481 506 477 445 448 464 471 502 478 476 480 480 528 542 502 511 481 504 500 478 474 493 474 478 466 505 522 551 522 487 498 457 444 475 520 498 496 502 483 495 469 478 498 502 461 465 464 492 509 576 524 521 553 540 525 522 523 554 567 544 502 487 478 460 477 477 456 453 523 533 564 490 486 498 465 494 458 489 485 468 499 510 517 538 511 491 479 513 533 526 480 502 493 513 536 521 471 465 524 519 531 487 486 486 481 492 509 519 488 499 469 504 521 461 459 499 523 422 419 494 530 493 515 520 549 541 542 526 491 460 497 537 541 496 509 520 514 510 490 478 491 529 509 492 493 424 473 516 502 505 482 530 531 522 517 475 467 506 475 506 484 509 456 417 461 472 479 449 430 501 477 452 439 442 448 479 489 518 552 526 553 526 509 454 480 433 444 486 482 495 522 504 473 513 529 
vem trace:

