SDId: 34695596
energy: 2.08558e+17
zenith: 0.275016
azimuth: 3.71983
GPSSeconc: 1126474307
stid: 333
spdistance: 865.207
radio trace:
448 464 444 428 446 443 460 447 435 444 444 444 436 459 458 448 413 463 486 488 505 500 479 492 468 449 471 455 447 476 470 477 449 436 452 453 462 446 426 429 441 447 466 474 450 446 414 433 435 467 467 475 456 464 470 465 438 428 434 445 459 433 439 439 424 441 452 455 441 445 429 427 449 471 456 441 460 462 448 416 425 442 458 450 413 438 449 442 432 462 453 419 449 449 470 451 437 419 427 430 431 473 436 442 469 481 476 478 477 475 461 502 508 500 487 462 460 458 462 450 455 435 403 433 397 386 446 451 436 417 426 460 429 461 485 474 473 485 494 486 520 469 448 416 401 377 407 419 446 445 440 453 470 469 488 455 449 407 451 441 445 437 434 425 454 444 437 419 418 423 460 454 430 443 433 417 432 441 442 413 424 450 437 427 412 446 483 504 451 428 436 441 435 447 459 470 457 484 529 516 469 495 463 467 458 456 436 438 458 454 446 480 484 457 443 428 456 455 464 490 495 496 468 456 473 454 476 441 432 430 434 419 431 430 473 444 430 444 445 446 400 423 424 424 445 477 490 464 428 407 400 425 450 473 421 400 426 433 422 447 440 454 435 424 424 409 436 457 385 401 456 483 489 465 501 485 476 437 384 377 415 415 454 479 489 481 499 497 434 437 456 463 424 460 486 497 505 457 465 474 453 422 425 460 429 453 480 461 483 451 479 480 424 376 399 425 410 432 482 471 445 422 424 405 416 454 456 480 489 471 447 415 443 468 457 458 457 474 462 474 468 440 418 429 437 442 431 440 427 427 411 425 454 468 455 474 438 445 440 428 428 441 399 437 448 425 418 436 418 451 473 489 480 471 490 492 461 476 498 463 436 437 453 444 418 424 424 413 444 439 446 461 456 464 466 427 453 477 463 448 446 438 433 485 480 427 458 474 422 428 426 445 417 445 484 503 523 490 468 481 483 447 448 445 418 419 445 466 442 471 466 447 471 479 435 433 454 474 442 434 497 495 476 466 448 451 453 475 473 425 424 441 435 417 433 478 480 459 442 452 434 465 480 485 467 463 431 458 450 476 472 517 500 492 506 494 458 486 503 508 451 452 441 440 432 420 460 493 476 467 447 448 423 423 449 431 459 440 464 449 451 459 441 431 479 478 467 426 452 456 443 438 417 416 438 473 430 437 429 459 475 471 461 442 475 464 465 465 470 476 476 478 480 461 458 455 461 452 444 434 428 442 445 465 447 451 434 453 445 440 474 439 439 416 414 443 461 462 470 489 476 460 437 435 465 427 447 430 405 428 410 419 424 487 487 433 425 419 422 441 426 414 439 458 454 440 444 470 488 467 480 483 450 421 423 447 441 442 404 432 454 478 465 446 445 433 456 444 471 462 458 442 469 480 476 464 444 406 426 434 401 376 449 445 431 450 408 408 496 486 474 434 458 457 443 486 489 485 447 461 477 460 437 447 448 459 459 424 409 428 439 431 427 410 413 419 436 441 437 448 455 452 452 425 419 426 459 481 506 462 417 446 462 477 471 449 457 452 478 485 457 455 480 466 428 415 482 477 463 470 450 477 444 459 463 432 424 424 472 438 435 425 417 424 440 449 466 453 477 453 468 488 496 490 450 459 483 453 439 408 458 484 462 474 476 470 437 434 484 502 494 485 463 462 419 397 412 418 409 433 485 421 430 438 472 463 443 433 449 439 423 401 420 460 442 451 470 456 462 460 474 487 472 466 437 461 403 434 
vem trace:

stid: 342
spdistance: 867.186
radio trace:
456 464 453 445 433 481 457 470 443 435 436 451 458 447 424 397 393 391 414 427 423 433 415 447 435 435 437 413 424 460 435 425 429 456 437 424 430 450 464 451 451 437 458 457 443 444 436 428 441 402 357 390 455 440 465 452 448 444 438 449 488 476 444 444 465 427 432 446 416 428 462 463 447 426 424 480 508 485 495 464 425 427 430 410 415 435 438 458 464 444 436 424 416 440 438 428 437 463 453 417 407 411 388 421 429 444 461 430 437 452 430 452 453 433 439 424 418 404 393 394 431 464 470 443 436 447 448 413 408 429 466 454 463 470 471 465 451 469 480 488 466 467 458 464 440 434 402 393 403 421 421 418 416 432 475 473 444 440 434 451 463 457 431 438 430 477 467 454 475 464 440 426 449 478 455 440 434 436 468 453 455 453 430 432 435 432 462 456 469 457 455 455 439 431 399 427 439 442 443 450 449 443 454 411 425 410 412 408 411 442 440 440 442 439 427 405 372 395 422 431 424 415 429 445 444 443 475 459 451 445 446 450 459 440 427 459 430 447 443 482 498 468 457 473 467 442 433 441 439 438 456 463 424 427 420 454 458 421 417 455 459 459 475 460 439 421 458 461 453 405 414 412 426 434 484 447 410 419 411 454 474 472 442 447 484 450 422 418 415 444 468 466 423 441 464 471 452 455 455 418 401 434 440 450 447 451 431 446 466 466 449 425 445 457 454 436 451 418 427 416 440 420 399 402 395 394 418 416 407 400 402 432 468 450 465 444 456 468 487 463 454 442 438 427 430 466 456 443 474 465 473 462 402 421 478 495 474 475 450 454 456 438 414 415 459 437 428 454 463 446 471 515 475 435 440 446 463 463 479 459 471 454 459 435 437 452 464 479 464 420 437 438 447 463 446 420 422 420 451 460 485 492 482 466 432 432 407 410 401 394 410 439 448 412 436 465 449 457 464 453 446 453 455 471 449 444 436 465 467 504 475 488 483 454 438 421 433 450 445 443 419 418 410 433 440 447 474 463 455 470 484 457 495 481 477 497 477 464 477 479 453 464 473 478 469 476 456 429 401 432 412 406 443 473 489 484 481 469 454 446 426 426 438 425 424 451 450 450 439 445 402 413 439 442 471 486 467 435 421 418 445 428 406 436 448 453 431 440 418 455 463 446 428 403 416 441 445 445 476 461 483 470 457 461 450 432 457 436 422 448 463 457 467 435 477 493 487 458 470 460 455 445 474 435 413 420 441 470 460 460 448 439 436 451 434 424 422 451 452 426 446 455 440 462 447 454 456 451 464 472 465 437 470 481 475 443 406 402 409 421 447 470 474 463 431 432 421 412 428 415 414 415 439 460 436 428 444 479 469 462 440 446 470 468 466 434 425 441 433 415 420 439 441 434 437 423 418 426 407 447 451 468 425 454 461 456 438 420 430 421 417 392 441 459 459 432 445 474 449 425 451 463 482 485 463 444 442 463 458 451 430 431 443 451 494 471 465 454 454 447 459 457 451 451 436 467 484 459 451 445 460 431 441 434 439 413 388 433 455 452 452 428 453 445 441 477 470 445 466 459 420 442 436 453 454 444 431 435 459 471 474 471 463 464 460 445 483 469 491 463 452 445 421 459 467 459 417 444 446 430 434 466 445 445 459 464 450 451 439 429 443 421 410 457 445 420 425 443 440 446 428 436 450 437 455 505 450 418 433 447 428 417 413 416 433 453 447 444 464 466 473 439 452 467 458 459 480 480 
vem trace:

