SDId: 34607104
energy: 4.42694e+17
zenith: 0.147003
azimuth: 3.0783
GPSSeconc: 1126021153
stid: 342
spdistance: 643.352
radio trace:
428 434 441 476 471 467 465 446 461 471 460 461 447 456 494 502 466 452 465 463 463 460 440 426 462 488 446 443 434 440 450 467 435 431 439 455 467 469 480 492 494 458 449 473 458 468 485 457 440 464 491 472 458 458 473 459 443 423 430 433 426 466 479 476 460 475 460 442 445 482 440 470 461 467 477 488 467 479 475 480 472 447 455 470 489 465 429 452 458 459 459 499 487 479 442 466 478 459 408 421 448 448 467 465 454 480 478 442 414 466 485 475 429 444 500 513 477 453 463 452 439 455 442 434 455 461 459 474 473 462 503 489 457 462 455 475 454 447 444 473 443 417 423 415 441 457 427 449 474 468 450 479 486 491 455 437 435 498 488 476 456 456 437 438 447 476 466 494 443 438 477 499 490 476 489 465 461 439 448 482 464 482 486 473 444 452 484 477 437 449 473 460 445 437 444 452 451 460 452 430 433 425 459 438 424 440 451 457 474 466 469 472 476 473 470 486 488 497 514 494 480 476 473 482 468 468 460 475 483 471 490 527 488 502 485 471 461 452 442 438 472 462 468 492 510 492 490 488 505 469 499 488 490 466 443 416 401 450 446 469 455 473 472 486 459 452 452 437 439 472 496 502 462 457 458 437 488 477 483 489 470 461 463 486 485 480 453 437 471 443 438 446 456 438 455 412 439 450 452 463 480 438 450 448 421 414 463 459 442 469 502 492 481 456 490 510 444 446 467 521 489 464 474 488 474 502 489 478 474 475 497 489 461 498 470 464 468 482 495 452 436 441 471 481 488 465 457 452 454 442 449 466 486 493 500 474 460 447 497 478 488 497 488 459 481 455 459 500 484 465 410 440 457 478 480 484 487 487 487 466 467 471 468 475 499 473 491 456 473 454 447 463 482 475 458 465 484 477 484 463 465 451 466 509 511 523 472 464 457 470 494 475 483 494 462 455 472 490 489 490 491 467 469 474 452 445 472 466 469 490 472 487 465 486 434 457 463 475 461 476 489 491 457 454 469 505 457 465 473 437 476 478 447 450 455 467 472 471 478 466 468 472 487 482 462 453 446 434 469 453 448 448 452 467 479 490 478 449 454 473 462 455 474 480 450 434 449 455 467 458 457 472 471 448 446 455 450 470 467 481 489 507 480 475 489 503 476 476 462 460 478 476 496 488 456 459 468 455 457 440 468 474 493 472 476 496 494 488 486 472 462 471 467 489 501 477 459 443 474 472 497 494 495 455 468 474 497 477 451 447 449 468 448 422 431 480 496 464 448 433 464 458 465 444 429 468 511 493 452 451 459 466 481 482 476 477 453 461 459 464 462 422 437 458 464 432 476 461 427 448 476 473 477 485 435 471 474 469 458 453 461 442 454 446 488 460 454 458 447 425 418 436 432 423 409 412 446 460 453 455 464 480 480 495 444 478 497 513 489 479 472 484 527 501 475 448 463 453 450 458 470 450 469 497 487 474 453 458 456 430 419 477 482 496 483 446 471 486 479 444 440 473 494 487 496 485 475 464 457 472 475 470 460 451 468 509 498 432 461 466 485 469 451 420 424 408 438 457 487 464 449 427 433 464 449 448 458 441 440 454 427 450 447 449 467 469 464 519 501 474 496 501 476 491 485 467 479 478 469 469 487 498 482 446 423 458 468 442 421 461 437 442 451 447 472 465 462 487 502 494 482 454 464 457 448 438 449 476 488 512 492 519 464 461 437 459 464 473 468 484 470 467 464 504 483 481 439 466 
vem trace:

stid: 333
spdistance: 856.815
radio trace:
460 444 453 463 488 495 489 451 454 470 481 494 475 479 459 488 504 493 439 457 449 428 445 472 472 473 477 471 468 478 496 481 514 458 468 450 420 440 456 446 451 463 504 488 482 476 500 476 450 465 488 446 433 474 494 493 492 455 440 464 455 471 449 432 464 447 454 457 454 483 452 418 470 496 462 471 491 481 454 482 463 459 446 439 402 424 438 449 457 468 444 431 428 447 443 481 486 451 440 446 464 496 505 451 478 467 483 464 465 484 496 473 442 467 468 435 415 453 484 470 464 463 438 455 488 441 421 464 466 476 468 458 437 376 383 394 427 489 430 417 442 459 483 469 434 451 461 450 414 465 471 465 475 456 479 453 499 476 495 520 510 493 518 499 489 476 469 502 489 458 432 412 443 470 512 487 486 459 495 471 409 436 448 450 503 507 476 483 478 475 441 433 476 508 481 495 496 472 468 460 452 459 436 438 445 458 451 459 450 468 462 481 441 458 450 431 452 442 455 480 498 469 492 491 481 501 499 461 466 488 481 496 508 493 525 470 497 466 449 479 478 480 483 480 491 471 458 480 477 470 484 499 482 485 436 405 435 432 446 491 470 473 459 451 492 453 481 444 412 454 430 433 418 399 444 458 467 434 461 427 419 435 474 432 467 456 442 458 423 444 461 447 466 485 465 455 422 456 463 431 451 462 445 433 446 481 493 476 463 487 496 451 431 459 484 470 487 500 503 484 454 457 486 476 465 455 471 477 472 457 435 432 425 447 460 467 437 423 435 418 428 468 481 487 478 471 456 423 415 442 423 437 446 483 497 492 461 455 477 481 482 464 466 462 489 485 497 483 495 496 495 490 494 466 405 465 498 481 495 500 486 516 500 507 458 461 459 470 469 483 464 469 498 482 486 483 456 491 454 471 483 478 485 478 464 445 463 491 463 429 438 435 446 438 415 444 444 465 529 507 491 449 459 437 469 476 475 485 472 499 487 473 503 498 483 474 461 459 510 485 459 497 487 493 466 441 451 440 439 436 441 466 483 463 443 480 450 459 473 474 496 492 485 462 473 463 473 482 498 480 442 454 492 469 474 472 459 476 463 445 442 468 481 482 477 463 455 476 448 463 431 441 471 502 494 447 460 459 426 457 471 488 485 488 481 460 501 454 461 456 455 412 450 474 487 480 447 484 457 443 438 463 510 461 456 496 494 474 450 463 435 442 459 463 468 454 445 458 486 496 473 498 502 479 497 511 503 512 460 447 432 441 439 464 472 493 481 450 435 432 491 530 502 471 446 446 463 477 496 512 521 518 478 440 466 482 485 474 505 504 502 483 454 433 437 477 490 443 437 453 463 455 414 481 494 510 500 445 458 441 442 446 405 427 463 457 435 445 452 451 446 457 456 458 472 494 473 461 483 482 438 428 419 482 462 485 469 467 463 458 461 486 453 455 466 445 439 446 451 472 480 463 455 463 465 468 454 444 446 434 437 413 438 450 428 460 477 455 466 491 473 477 436 427 390 414 405 429 428 453 455 457 444 451 446 419 416 425 433 463 479 451 451 475 458 431 456 464 474 499 517 466 496 487 471 478 487 467 454 488 477 474 471 437 444 452 464 462 440 434 397 449 475 471 455 437 409 417 438 470 452 473 487 472 474 440 457 453 496 481 460 457 460 469 504 484 443 453 436 428 433 423 430 475 517 479 477 513 515 507 498 488 457 528 501 486 530 508 477 437 443 475 508 504 491 476 463 443 
vem trace:

stid: 332
spdistance: 1281.31
radio trace:
558 531 528 558 579 572 589 554 556 550 532 532 545 539 557 508 505 517 538 549 552 584 548 525 540 533 530 556 550 546 553 558 568 569 521 500 471 516 538 542 540 551 569 553 539 537 535 533 531 548 545 538 580 560 507 476 484 514 520 561 573 537 563 568 584 566 505 490 512 498 513 491 508 527 542 534 552 520 515 554 563 542 576 559 566 533 528 553 534 554 557 540 550 553 580 570 541 556 562 544 534 520 528 527 521 534 529 497 473 523 518 496 526 555 587 589 544 523 507 560 543 549 541 566 528 505 511 516 508 528 521 513 506 520 551 523 500 541 559 560 569 569 578 561 552 578 525 519 511 483 487 514 522 538 556 544 498 551 544 545 547 548 533 510 508 557 553 554 537 524 527 518 521 514 520 565 521 565 541 541 543 540 546 523 532 559 544 536 545 536 539 564 515 519 552 538 512 516 506 517 523 559 561 534 525 505 541 548 557 555 571 549 551 540 522 563 583 577 545 525 562 541 525 511 570 574 564 540 566 567 544 524 529 540 554 549 562 548 549 540 565 585 571 560 579 558 526 528 527 554 551 524 545 526 530 559 584 577 558 569 551 545 547 518 506 509 496 525 509 486 498 540 526 544 520 497 511 501 511 547 568 554 550 538 511 537 527 506 519 551 551 530 538 518 534 537 488 503 513 507 522 493 519 530 530 535 540 558 574 573 558 540 517 499 547 584 596 577 560 554 535 560 590 605 578 578 560 567 540 516 521 513 527 502 511 543 502 537 549 553 564 538 546 543 536 548 553 530 523 506 491 519 558 548 516 524 533 545 545 551 504 530 532 532 544 521 553 541 560 547 507 517 486 483 482 490 520 549 519 552 559 544 554 575 556 520 508 544 520 524 507 490 533 536 512 539 553 542 526 542 566 568 570 549 558 554 556 527 534 535 536 542 512 526 519 530 527 551 566 548 538 523 513 556 542 551 562 536 541 556 559 567 553 567 579 591 547 557 568 573 553 566 539 538 545 555 562 556 537 546 539 562 563 548 553 532 518 511 548 548 562 571 553 544 535 550 557 555 527 512 537 535 565 566 542 531 544 564 565 562 558 541 522 517 496 514 551 558 571 560 529 504 493 488 499 518 569 582 569 571 546 570 561 572 528 542 542 523 520 529 533 520 528 517 552 565 581 533 560 573 561 551 539 550 542 545 546 568 572 593 578 561 533 538 518 521 563 537 496 519 525 538 544 582 559 564 538 497 544 545 561 558 561 582 578 577 540 583 566 533 524 509 511 505 521 497 538 554 555 534 530 511 529 492 540 532 564 517 536 517 515 537 546 539 529 527 524 519 529 522 564 533 552 561 529 527 489 520 563 526 491 497 531 509 506 522 546 521 538 518 482 497 527 536 579 553 591 546 532 536 581 574 568 576 542 578 555 558 535 560 546 476 487 499 491 551 568 568 567 549 539 524 501 531 560 571 569 559 571 515 524 553 570 554 550 566 588 557 567 538 552 552 544 547 560 540 543 543 551 549 548 541 574 602 595 578 554 535 533 533 532 533 548 572 556 551 547 530 523 538 557 560 521 540 582 576 572 552 544 493 504 538 540 569 556 544 553 521 527 534 525 558 553 572 572 553 520 547 566 580 573 571 525 532 512 507 529 567 551 565 564 547 548 541 566 565 592 576 547 560 547 548 584 603 576 587 566 559 565 556 557 539 526 502 535 557 562 526 533 540 544 539 559 511 531 520 546 548 
vem trace:

