SDId: 34666561
energy: 4.46069e+17
zenith: 0.411382
azimuth: 4.59316
GPSSeconc: 1126322755
stid: 341
spdistance: 6758.12
radio trace:
528 530 539 571 546 506 506 467 505 541 548 551 519 536 536 513 509 542 516 492 494 479 487 506 498 526 490 518 542 540 543 548 522 501 569 568 567 546 527 519 533 540 537 503 473 465 477 492 488 512 495 470 461 475 484 527 524 511 491 495 503 502 538 472 484 499 510 544 528 535 526 554 564 576 553 531 526 481 485 532 526 550 499 486 495 506 488 527 526 500 487 464 507 524 532 534 528 504 497 519 490 473 479 497 511 509 521 513 511 511 521 524 527 510 515 520 509 512 512 498 475 471 484 502 548 530 541 550 518 503 491 473 471 468 501 516 511 501 530 512 526 486 445 438 445 455 502 495 499 493 511 540 543 569 526 489 462 462 451 469 482 486 486 473 478 491 496 508 519 502 538 575 581 543 508 501 493 448 477 502 526 527 504 479 561 522 491 488 503 534 536 503 511 479 511 487 496 475 511 484 505 531 519 473 461 503 526 540 577 524 555 548 555 488 471 505 492 505 469 457 504 486 473 482 526 574 567 557 504 514 556 525 515 545 538 528 565 594 565 523 515 506 548 576 543 538 496 516 522 528 493 522 487 492 497 514 511 483 503 494 474 463 479 490 504 471 501 496 489 497 480 496 533 530 477 488 542 525 525 523 517 524 537 519 524 492 496 481 460 506 487 506 534 523 530 520 487 480 496 517 501 482 471 490 539 554 547 550 526 538 549 531 532 537 546 574 558 554 544 518 499 502 504 508 534 535 540 531 532 527 509 546 517 523 510 531 540 530 509 501 523 491 499 486 478 492 493 500 533 553 555 518 518 536 517 515 547 517 550 538 530 538 526 548 519 541 534 560 569 542 514 528 514 515 514 498 503 544 541 542 531 530 529 514 485 478 498 497 491 517 498 540 558 523 532 532 554 535 528 559 547 544 523 522 500 484 526 546 539 510 522 530 541 472 437 437 473 498 514 544 508 506 535 541 534 511 548 526 510 515 513 511 511 500 515 527 511 500 519 522 526 489 482 527 504 528 516 501 500 450 468 518 569 569 541 519 544 567 535 534 473 507 481 494 516 536 545 560 537 547 546 493 469 466 485 491 469 507 521 509 496 507 506 474 491 548 544 536 519 528 513 503 584 560 511 483 503 485 495 523 480 475 479 476 495 491 489 519 522 540 555 510 506 516 527 538 526 547 535 525 547 558 553 527 522 493 500 481 547 542 509 507 453 441 449 464 552 539 542 518 506 483 465 499 528 525 510 506 511 513 529 506 529 502 482 477 496 504 531 504 465 493 511 501 501 533 523 491 551 518 497 508 517 480 480 470 464 506 548 484 496 511 510 527 540 489 519 510 541 482 465 484 503 507 478 501 517 542 581 584 577 545 507 515 560 545 537 490 507 534 548 556 560 557 524 509 514 545 541 482 521 527 524 533 558 518 541 565 534 536 517 512 470 457 497 507 511 507 526 545 554 547 519 465 476 492 511 517 524 490 485 521 528 551 547 539 494 505 506 481 514 504 512 504 476 475 482 518 518 486 487 549 538 513 497 498 516 508 503 471 461 494 495 495 476 475 483 488 508 574 564 519 530 512 520 510 505 490 488 482 523 479 477 512 542 528 508 497 486 466 475 515 497 539 562 548 502 534 523 497 453 456 500 502 502 513 495 498 483 484 483 511 475 521 504 506 517 537 539 519 486 485 505 526 495 520 544 505 510 501 529 499 521 509 537 513 517 542 479 480 493 465 500 490 527 513 527 525 
vem trace:

stid: 341
spdistance: 6758.12
radio trace:
528 530 539 571 546 506 506 467 505 541 548 551 519 536 536 513 509 542 516 492 494 479 487 506 498 526 490 518 542 540 543 548 522 501 569 568 567 546 527 519 533 540 537 503 473 465 477 492 488 512 495 470 461 475 484 527 524 511 491 495 503 502 538 472 484 499 510 544 528 535 526 554 564 576 553 531 526 481 485 532 526 550 499 486 495 506 488 527 526 500 487 464 507 524 532 534 528 504 497 519 490 473 479 497 511 509 521 513 511 511 521 524 527 510 515 520 509 512 512 498 475 471 484 502 548 530 541 550 518 503 491 473 471 468 501 516 511 501 530 512 526 486 445 438 445 455 502 495 499 493 511 540 543 569 526 489 462 462 451 469 482 486 486 473 478 491 496 508 519 502 538 575 581 543 508 501 493 448 477 502 526 527 504 479 561 522 491 488 503 534 536 503 511 479 511 487 496 475 511 484 505 531 519 473 461 503 526 540 577 524 555 548 555 488 471 505 492 505 469 457 504 486 473 482 526 574 567 557 504 514 556 525 515 545 538 528 565 594 565 523 515 506 548 576 543 538 496 516 522 528 493 522 487 492 497 514 511 483 503 494 474 463 479 490 504 471 501 496 489 497 480 496 533 530 477 488 542 525 525 523 517 524 537 519 524 492 496 481 460 506 487 506 534 523 530 520 487 480 496 517 501 482 471 490 539 554 547 550 526 538 549 531 532 537 546 574 558 554 544 518 499 502 504 508 534 535 540 531 532 527 509 546 517 523 510 531 540 530 509 501 523 491 499 486 478 492 493 500 533 553 555 518 518 536 517 515 547 517 550 538 530 538 526 548 519 541 534 560 569 542 514 528 514 515 514 498 503 544 541 542 531 530 529 514 485 478 498 497 491 517 498 540 558 523 532 532 554 535 528 559 547 544 523 522 500 484 526 546 539 510 522 530 541 472 437 437 473 498 514 544 508 506 535 541 534 511 548 526 510 515 513 511 511 500 515 527 511 500 519 522 526 489 482 527 504 528 516 501 500 450 468 518 569 569 541 519 544 567 535 534 473 507 481 494 516 536 545 560 537 547 546 493 469 466 485 491 469 507 521 509 496 507 506 474 491 548 544 536 519 528 513 503 584 560 511 483 503 485 495 523 480 475 479 476 495 491 489 519 522 540 555 510 506 516 527 538 526 547 535 525 547 558 553 527 522 493 500 481 547 542 509 507 453 441 449 464 552 539 542 518 506 483 465 499 528 525 510 506 511 513 529 506 529 502 482 477 496 504 531 504 465 493 511 501 501 533 523 491 551 518 497 508 517 480 480 470 464 506 548 484 496 511 510 527 540 489 519 510 541 482 465 484 503 507 478 501 517 542 581 584 577 545 507 515 560 545 537 490 507 534 548 556 560 557 524 509 514 545 541 482 521 527 524 533 558 518 541 565 534 536 517 512 470 457 497 507 511 507 526 545 554 547 519 465 476 492 511 517 524 490 485 521 528 551 547 539 494 505 506 481 514 504 512 504 476 475 482 518 518 486 487 549 538 513 497 498 516 508 503 471 461 494 495 495 476 475 483 488 508 574 564 519 530 512 520 510 505 490 488 482 523 479 477 512 542 528 508 497 486 466 475 515 497 539 562 548 502 534 523 497 453 456 500 502 502 513 495 498 483 484 483 511 475 521 504 506 517 537 539 519 486 485 505 526 495 520 544 505 510 501 529 499 521 509 537 513 517 542 479 480 493 465 500 490 527 513 527 525 
vem trace:

