SDId: 34808712
energy: 2.34261e+17
zenith: 0.516932
azimuth: 0.909336
GPSSeconc: 1127142261
stid: 419
spdistance: 885.665
radio trace:
469 487 440 398 474 495 470 467 461 447 478 464 492 493 474 500 501 483 538 493 443 437 463 517 501 488 503 484 484 480 490 473 486 526 487 515 506 538 512 491 524 509 493 486 493 472 498 518 487 469 485 494 450 421 444 443 449 474 447 469 483 497 499 506 499 473 478 474 464 495 500 504 520 512 534 531 501 471 422 448 495 451 446 457 514 525 498 466 458 423 461 489 510 492 491 476 494 482 497 493 458 439 511 516 516 502 490 495 441 487 508 481 500 516 518 521 528 501 493 502 501 499 472 494 503 495 503 453 424 423 488 460 443 513 497 488 498 491 497 492 478 467 494 503 496 477 485 487 473 491 473 461 485 478 494 490 497 488 448 444 450 473 483 504 465 445 449 450 484 471 484 496 456 492 519 517 481 421 434 486 440 457 502 451 488 462 450 456 465 509 495 509 531 491 518 530 555 522 531 547 547 515 492 456 473 529 532 476 474 485 495 531 523 513 493 515 478 493 489 490 497 478 490 476 459 450 479 493 476 481 532 511 526 515 494 524 500 453 456 486 523 543 557 540 522 525 535 527 532 483 520 533 490 501 488 480 521 510 494 492 465 483 436 492 460 479 476 498 506 509 485 472 439 469 471 507 453 483 510 496 503 486 517 538 495 467 469 459 455 514 501 490 498 496 430 447 456 508 485 457 511 543 529 482 454 444 444 426 470 470 481 495 507 503 492 462 466 459 444 433 447 466 506 523 501 496 474 455 491 488 509 539 512 526 524 448 490 544 504 438 462 468 482 455 491 496 508 486 464 477 479 447 455 486 495 506 523 522 528 542 556 531 532 528 512 514 501 512 485 491 459 427 470 469 537 523 497 516 500 497 519 502 435 460 499 491 471 490 513 489 495 500 505 520 526 512 515 507 541 510 499 507 469 452 467 509 532 538 497 480 481 478 486 483 495 476 487 499 506 507 469 483 532 483 523 529 483 497 500 490 501 502 444 465 466 408 423 420 461 483 502 490 502 536 517 549 489 488 452 438 465 511 524 516 531 514 524 496 507 463 456 496 461 459 469 472 460 482 486 449 470 477 484 500 523 522 515 497 495 495 485 485 448 502 527 481 475 486 491 493 489 496 529 515 520 499 492 503 485 449 445 486 476 466 476 472 436 424 469 498 486 509 481 487 465 488 472 483 506 516 479 492 474 503 470 444 467 505 531 507 445 458 480 503 469 497 491 484 502 510 488 469 456 475 459 468 507 518 516 506 503 504 475 461 466 469 502 487 496 487 477 451 440 477 456 463 472 453 438 470 491 519 502 467 480 458 471 462 470 485 519 517 511 473 468 460 487 515 544 480 484 475 483 491 534 525 518 514 494 444 402 435 445 459 463 466 448 466 479 458 470 457 438 405 431 449 445 486 483 451 441 494 443 474 496 523 507 491 471 480 489 506 497 520 551 530 547 534 522 550 517 484 471 518 568 533 512 523 535 518 460 411 464 494 520 522 501 498 476 452 422 438 461 520 482 488 484 481 487 504 477 509 521 522 542 496 481 530 566 493 467 430 441 479 512 504 447 429 423 450 446 467 500 495 495 504 522 505 517 501 503 495 506 462 473 499 532 550 472 482 490 463 463 502 503 504 527 523 473 446 412 429 456 483 503 505 543 519 490 491 487 494 469 452 452 494 491 514 476 488 493 491 487 463 445 440 493 439 473 512 501 475 489 508 492 539 506 525 513 544 517 516 486 477 505 512 502 520 
vem trace:

stid: 342
spdistance: 1047.73
radio trace:
452 483 467 456 469 448 455 482 463 479 502 506 469 460 445 447 441 421 446 441 432 460 474 475 480 453 490 478 499 456 451 456 455 429 456 476 474 479 471 487 476 467 458 447 460 499 503 482 467 467 447 477 473 469 467 462 467 470 487 497 503 434 446 455 450 436 493 484 509 494 485 462 473 488 483 509 494 467 423 411 449 467 437 414 403 430 426 426 440 458 488 482 486 469 477 461 486 481 479 493 488 473 452 465 467 465 490 454 463 487 465 454 413 455 475 487 476 461 487 475 463 461 440 466 477 472 476 486 436 464 434 437 471 472 461 482 455 470 465 481 470 484 501 529 515 496 499 457 432 412 411 427 432 425 478 509 481 491 454 440 431 472 462 450 451 448 480 433 468 449 445 442 483 502 506 459 477 478 476 465 460 497 467 469 474 455 451 467 476 476 433 437 452 467 448 482 477 473 459 443 454 468 480 432 431 438 436 430 496 501 455 447 470 454 441 460 477 499 486 500 489 449 470 437 447 429 478 480 469 485 478 484 455 456 443 440 430 449 424 445 472 500 480 508 495 486 458 472 486 484 482 465 447 441 477 495 506 493 462 471 461 484 473 457 430 479 505 495 505 491 480 486 480 491 507 482 484 488 489 499 467 457 454 452 450 452 456 484 478 477 484 453 443 446 475 483 495 457 497 503 485 477 472 464 491 463 478 463 469 512 497 486 460 434 470 444 424 438 461 443 470 510 467 464 497 487 481 456 468 497 503 468 451 431 444 444 416 443 464 448 423 456 471 479 483 483 467 465 472 503 490 511 538 531 493 460 451 457 465 465 470 487 471 481 469 467 478 464 430 446 478 512 477 461 476 453 467 472 455 437 451 471 463 471 446 460 519 532 517 464 454 445 430 450 439 466 488 492 465 471 452 457 501 522 490 475 474 485 474 499 498 487 500 492 451 466 484 480 476 474 469 471 458 451 460 460 448 446 459 442 480 489 504 490 463 494 522 509 459 475 471 449 447 450 447 428 449 463 462 459 462 492 481 485 500 480 501 502 451 457 449 463 483 501 501 515 518 500 503 455 448 454 483 519 508 492 483 477 472 492 464 460 454 448 453 423 408 450 450 449 476 453 474 487 495 495 476 462 440 465 451 443 432 465 462 467 485 461 459 442 469 472 442 465 472 493 469 480 478 490 475 477 452 460 481 479 473 470 484 493 497 476 485 483 455 443 487 503 494 483 479 449 460 454 440 458 459 473 452 447 470 511 515 502 468 481 465 464 486 477 462 462 458 462 466 473 460 444 474 500 487 484 477 486 478 479 477 470 461 493 495 504 489 458 466 472 483 489 470 472 459 470 470 464 451 463 473 451 422 454 445 472 488 474 479 445 450 441 429 433 488 465 459 459 449 440 487 467 456 437 478 465 501 495 488 460 465 466 470 450 443 473 491 474 473 465 476 503 491 476 463 456 477 486 488 471 475 486 473 479 455 452 427 416 454 455 431 446 483 484 499 480 471 441 436 419 422 442 485 480 480 467 495 487 494 458 416 435 419 437 492 482 447 450 484 459 437 452 465 462 446 474 472 470 438 445 486 488 493 495 512 526 473 456 440 403 411 427 429 442 444 418 413 445 456 489 503 493 518 508 492 497 494 479 483 466 490 472 476 484 473 440 455 453 482 514 501 483 472 481 477 451 477 499 515 473 450 486 480 457 431 453 425 468 468 482 489 491 457 485 504 493 460 487 497 497 449 472 
vem trace:

