SDId: 34673638
energy: 3.31088e+17
zenith: 0.708106
azimuth: 0.487726
GPSSeconc: 1126354924
stid: 332
spdistance: 571.848
radio trace:
542 560 573 525 523 535 573 581 564 531 529 541 527 534 561 536 571 600 577 585 522 528 533 521 504 485 503 542 542 535 553 561 572 572 561 523 513 528 547 571 570 578 567 520 521 542 558 550 531 538 560 530 528 494 527 557 514 533 546 564 574 531 530 538 559 555 576 550 566 585 596 552 538 527 518 529 515 522 520 542 588 599 557 559 562 570 596 598 536 561 588 608 599 580 543 548 561 584 562 554 538 540 538 550 550 539 543 526 573 575 563 526 496 505 549 566 562 549 546 533 523 558 560 552 506 560 571 582 552 578 572 573 534 559 579 569 580 584 575 576 562 547 554 547 549 549 535 545 565 582 552 565 565 568 547 535 559 541 536 550 561 554 515 522 498 538 546 552 535 523 540 515 523 506 563 533 560 584 582 551 525 528 509 524 521 530 533 565 532 501 544 532 557 560 577 549 523 524 551 564 559 570 569 561 546 521 508 495 514 493 505 516 522 523 517 544 575 571 559 517 566 550 506 525 560 566 535 558 595 602 550 530 561 531 525 518 542 552 541 557 559 555 541 561 518 538 537 550 564 532 529 539 530 549 534 505 498 510 539 514 525 575 590 602 586 534 538 563 556 532 569 591 585 597 556 552 590 542 545 579 548 549 567 537 532 540 516 528 539 548 549 579 569 544 575 562 532 504 513 513 521 525 546 519 512 530 535 538 534 546 569 548 523 529 541 570 549 529 557 582 581 542 512 509 535 536 564 516 539 533 569 527 511 495 545 557 570 572 538 534 517 506 501 523 544 560 567 569 545 534 542 555 553 563 569 575 564 568 555 549 521 521 518 547 544 484 546 514 513 510 551 575 600 604 585 517 503 509 499 542 570 561 530 530 542 577 550 536 548 537 555 543 504 511 483 528 547 525 510 537 514 519 534 543 516 522 519 511 516 547 568 602 593 525 478 491 527 529 497 509 503 517 534 535 512 495 502 535 568 566 606 590 568 557 543 568 560 577 579 578 586 546 504 529 559 539 530 533 524 530 538 535 578 567 542 549 550 555 589 545 547 549 563 570 550 579 550 568 542 567 558 562 515 528 522 534 504 485 549 577 569 499 494 560 605 596 552 574 573 576 581 577 607 607 595 576 590 578 586 598 556 560 521 528 526 559 599 609 624 570 562 549 551 540 506 508 502 533 539 542 538 525 564 582 558 524 536 520 533 525 524 535 550 537 549 542 523 527 567 580 568 552 571 616 586 557 514 522 508 509 548 561 538 518 548 548 536 541 557 540 560 536 547 538 528 586 571 561 518 518 519 519 544 581 567 580 554 559 553 530 552 597 603 602 585 555 521 509 520 522 546 579 625 598 544 555 536 553 579 570 570 565 563 579 579 561 556 550 553 537 554 583 571 563 514 524 534 559 536 516 544 536 553 558 544 572 569 570 563 531 549 542 551 543 565 568 550 560 555 550 584 559 567 561 544 541 519 533 563 567 578 551 592 582 597 577 553 521 550 609 602 586 604 523 542 563 574 592 554 535 550 526 564 543 515 502 522 546 554 555 547 551 573 567 554 592 575 561 563 566 545 561 566 548 524 555 572 567 561 560 558 562 558 575 574 603 591 550 534 517 532 519 523 526 545 531 536 551 572 584 567 551 534 508 525 525 535 554 540 536 533 564 587 615 597 590 555 513 507 544 567 510 534 578 583 599 551 529 505 531 527 538 550 568 545 585 600 571 566 556 557 565 556 566 564 522 475 520 
vem trace:

stid: 342
spdistance: 827.324
radio trace:
457 450 443 451 441 457 462 454 452 468 488 492 487 464 457 461 433 459 468 458 474 471 451 445 413 410 456 443 407 428 448 419 398 429 436 413 443 472 440 421 415 429 448 443 451 447 444 402 443 487 444 429 455 426 436 459 465 432 414 449 454 460 452 491 473 446 419 429 426 447 454 442 423 440 462 461 464 470 477 446 452 438 426 441 465 432 399 413 418 427 423 414 425 446 437 438 468 460 444 429 423 417 428 435 454 473 444 414 394 427 438 443 448 453 434 456 441 422 419 444 405 424 459 431 448 421 396 418 457 475 474 454 461 444 433 459 453 417 425 408 426 452 453 445 456 459 455 469 456 453 468 452 464 462 456 452 431 453 472 501 452 431 449 463 470 453 441 416 420 423 431 449 477 474 473 459 464 445 434 463 445 489 485 459 436 438 443 448 413 418 420 402 449 468 457 448 462 488 448 450 473 467 449 460 461 448 449 434 420 450 425 418 425 411 414 444 445 447 449 447 466 459 478 476 460 471 465 449 437 451 471 412 420 448 451 465 444 437 480 463 438 429 406 417 435 454 436 457 437 445 450 439 409 430 427 440 437 438 441 460 447 467 478 423 455 442 442 442 422 439 423 417 446 466 433 446 463 433 430 429 449 424 421 444 431 428 457 453 433 435 428 450 463 454 457 451 475 456 441 422 430 439 446 439 459 430 434 443 455 476 449 460 453 449 440 472 468 443 453 457 453 437 459 446 432 427 376 367 406 394 389 411 416 436 410 404 419 426 440 426 439 445 438 471 471 452 445 432 388 379 399 412 450 439 445 447 452 454 451 473 452 461 479 479 467 452 428 409 435 406 428 458 430 446 441 470 455 427 420 424 427 460 439 447 435 458 439 403 408 429 423 423 406 416 423 434 379 400 425 436 420 406 438 444 473 474 466 473 471 492 470 467 448 461 441 458 456 467 478 476 447 445 454 461 438 422 426 407 428 404 434 469 453 441 434 441 414 389 393 412 450 459 436 466 456 444 446 477 467 454 400 409 435 454 458 451 417 425 439 422 440 451 485 502 456 461 449 435 416 409 451 474 478 469 485 488 470 482 423 434 427 463 462 460 468 437 461 448 448 447 428 466 433 438 436 418 404 423 425 448 469 445 432 436 428 438 438 416 420 392 412 453 470 442 442 431 437 422 456 446 434 418 427 444 461 482 488 470 464 435 415 418 425 457 460 474 485 474 428 450 433 427 441 428 442 460 497 485 461 456 456 411 435 427 441 428 439 421 425 423 479 444 433 429 459 463 433 435 421 428 429 420 405 392 397 428 445 445 447 407 436 491 500 489 471 461 438 456 457 479 462 485 498 430 429 444 414 436 438 431 419 441 446 451 452 432 438 430 423 444 452 434 428 421 414 395 411 460 448 459 463 452 452 441 429 447 450 442 428 423 417 442 423 412 424 416 411 450 450 417 419 410 433 441 438 441 434 429 447 430 438 443 460 467 429 429 450 471 451 449 417 402 451 461 485 432 431 447 436 417 439 457 431 442 423 429 450 452 439 444 440 433 454 404 411 455 480 465 447 444 438 436 446 435 422 432 415 405 420 457 417 450 449 462 448 452 447 472 461 447 439 421 413 413 457 451 447 461 475 437 436 433 460 464 436 425 408 447 467 474 423 436 431 457 445 462 432 449 435 470 459 451 472 439 428 411 436 469 477 471 454 439 449 450 449 471 433 483 475 450 464 436 453 459 450 443 442 470 
vem trace:

stid: 341
spdistance: 985.722
radio trace:
569 581 531 539 550 532 529 527 519 503 491 504 489 464 515 535 539 525 544 546 511 519 517 514 502 533 540 578 574 559 499 492 536 562 537 515 528 528 487 486 477 520 533 533 527 510 506 520 531 551 510 500 505 488 500 498 497 498 531 536 551 529 522 508 543 560 526 494 532 556 512 470 518 523 540 554 550 514 513 537 498 485 497 502 550 543 469 493 501 469 496 530 516 516 545 546 527 493 500 503 510 515 559 565 541 528 513 523 534 521 482 473 494 482 482 477 466 509 496 512 499 523 533 517 519 506 524 516 509 491 470 489 534 551 561 560 516 505 522 529 526 484 531 568 521 538 496 483 482 463 476 542 573 543 528 521 526 533 574 591 534 535 520 506 516 510 521 499 526 532 505 506 472 465 481 512 497 491 526 497 515 544 566 519 485 480 480 464 517 553 538 541 532 478 498 513 501 528 500 550 565 544 517 527 533 537 536 513 495 526 539 514 505 475 496 475 498 544 540 515 560 589 590 567 524 497 522 508 472 466 526 490 525 539 514 496 519 523 504 506 496 502 496 489 528 532 544 532 519 522 497 517 491 532 514 492 480 510 506 466 485 462 473 485 515 535 485 502 524 522 538 511 493 495 453 475 523 496 484 469 476 524 508 529 506 532 550 541 543 576 539 511 491 501 524 516 508 524 515 491 484 487 474 517 520 517 593 586 541 550 565 547 542 549 519 523 513 511 495 517 521 515 523 531 524 509 482 492 495 485 455 447 463 501 474 450 507 538 503 525 496 520 540 543 518 504 515 538 530 533 495 502 502 517 572 531 504 485 475 470 489 500 569 558 515 503 518 537 515 504 505 496 521 514 524 507 544 565 559 499 556 572 560 529 502 519 486 494 516 517 543 546 508 527 511 496 512 473 497 562 571 542 509 529 517 511 496 517 507 517 523 501 498 468 480 517 512 545 537 513 497 497 465 486 527 503 492 518 507 540 556 561 551 548 530 482 524 508 517 531 522 484 459 461 474 497 508 484 461 472 528 502 483 503 483 562 554 546 527 499 505 503 488 478 472 498 521 515 568 570 552 547 508 507 501 518 503 492 481 494 491 465 464 526 530 523 514 552 538 523 501 492 501 520 514 505 511 552 567 559 493 466 505 503 504 520 516 503 506 483 485 535 541 549 532 500 517 550 542 496 578 574 524 465 480 492 505 530 538 559 575 536 525 508 500 477 525 523 485 528 552 537 563 541 511 490 466 491 487 511 509 480 516 526 549 507 503 516 493 483 500 520 536 532 473 470 469 501 510 508 528 521 497 479 513 562 533 510 503 500 507 535 577 504 526 550 535 508 489 460 472 498 495 495 472 471 479 489 510 532 501 501 510 524 513 496 517 546 544 517 492 543 525 508 495 501 501 506 504 476 479 504 502 483 530 523 522 518 548 525 499 480 498 524 524 524 511 488 453 493 496 525 517 494 486 534 562 542 478 437 486 522 533 505 517 509 487 486 481 524 499 489 514 540 539 497 504 532 503 491 531 522 467 473 496 529 525 504 516 505 539 522 535 530 533 496 487 505 522 549 502 488 494 538 506 516 539 550 552 559 547 525 523 480 499 491 506 495 482 527 518 521 480 474 492 533 541 545 550 548 518 517 526 530 559 544 534 521 539 519 526 519 542 544 534 503 492 477 506 496 501 524 521 519 517 517 496 486 512 509 482 486 441 446 485 503 507 491 503 485 482 502 492 485 533 529 493 492 
vem trace:

stid: 341
spdistance: 985.722
radio trace:
569 581 531 539 550 532 529 527 519 503 491 504 489 464 515 535 539 525 544 546 511 519 517 514 502 533 540 578 574 559 499 492 536 562 537 515 528 528 487 486 477 520 533 533 527 510 506 520 531 551 510 500 505 488 500 498 497 498 531 536 551 529 522 508 543 560 526 494 532 556 512 470 518 523 540 554 550 514 513 537 498 485 497 502 550 543 469 493 501 469 496 530 516 516 545 546 527 493 500 503 510 515 559 565 541 528 513 523 534 521 482 473 494 482 482 477 466 509 496 512 499 523 533 517 519 506 524 516 509 491 470 489 534 551 561 560 516 505 522 529 526 484 531 568 521 538 496 483 482 463 476 542 573 543 528 521 526 533 574 591 534 535 520 506 516 510 521 499 526 532 505 506 472 465 481 512 497 491 526 497 515 544 566 519 485 480 480 464 517 553 538 541 532 478 498 513 501 528 500 550 565 544 517 527 533 537 536 513 495 526 539 514 505 475 496 475 498 544 540 515 560 589 590 567 524 497 522 508 472 466 526 490 525 539 514 496 519 523 504 506 496 502 496 489 528 532 544 532 519 522 497 517 491 532 514 492 480 510 506 466 485 462 473 485 515 535 485 502 524 522 538 511 493 495 453 475 523 496 484 469 476 524 508 529 506 532 550 541 543 576 539 511 491 501 524 516 508 524 515 491 484 487 474 517 520 517 593 586 541 550 565 547 542 549 519 523 513 511 495 517 521 515 523 531 524 509 482 492 495 485 455 447 463 501 474 450 507 538 503 525 496 520 540 543 518 504 515 538 530 533 495 502 502 517 572 531 504 485 475 470 489 500 569 558 515 503 518 537 515 504 505 496 521 514 524 507 544 565 559 499 556 572 560 529 502 519 486 494 516 517 543 546 508 527 511 496 512 473 497 562 571 542 509 529 517 511 496 517 507 517 523 501 498 468 480 517 512 545 537 513 497 497 465 486 527 503 492 518 507 540 556 561 551 548 530 482 524 508 517 531 522 484 459 461 474 497 508 484 461 472 528 502 483 503 483 562 554 546 527 499 505 503 488 478 472 498 521 515 568 570 552 547 508 507 501 518 503 492 481 494 491 465 464 526 530 523 514 552 538 523 501 492 501 520 514 505 511 552 567 559 493 466 505 503 504 520 516 503 506 483 485 535 541 549 532 500 517 550 542 496 578 574 524 465 480 492 505 530 538 559 575 536 525 508 500 477 525 523 485 528 552 537 563 541 511 490 466 491 487 511 509 480 516 526 549 507 503 516 493 483 500 520 536 532 473 470 469 501 510 508 528 521 497 479 513 562 533 510 503 500 507 535 577 504 526 550 535 508 489 460 472 498 495 495 472 471 479 489 510 532 501 501 510 524 513 496 517 546 544 517 492 543 525 508 495 501 501 506 504 476 479 504 502 483 530 523 522 518 548 525 499 480 498 524 524 524 511 488 453 493 496 525 517 494 486 534 562 542 478 437 486 522 533 505 517 509 487 486 481 524 499 489 514 540 539 497 504 532 503 491 531 522 467 473 496 529 525 504 516 505 539 522 535 530 533 496 487 505 522 549 502 488 494 538 506 516 539 550 552 559 547 525 523 480 499 491 506 495 482 527 518 521 480 474 492 533 541 545 550 548 518 517 526 530 559 544 534 521 539 519 526 519 542 544 534 503 492 477 506 496 501 524 521 519 517 517 496 486 512 509 482 486 441 446 485 503 507 491 503 485 482 502 492 485 533 529 493 492 
vem trace:

