SDId: 34744325
energy: 1.75965e+17
zenith: 0.339884
azimuth: 2.21866
GPSSeconc: 1126737339
stid: 341
spdistance: 4625.19
radio trace:
523 526 543 539 549 531 500 498 504 530 540 554 538 518 539 552 562 550 565 538 505 485 491 510 526 514 550 535 553 515 475 511 513 494 485 503 493 552 555 551 494 469 480 509 515 502 483 527 505 528 523 520 524 542 545 555 540 517 545 503 521 511 496 537 508 524 457 492 514 499 521 551 503 471 484 514 479 511 526 511 523 486 508 491 498 498 500 517 518 527 545 539 491 474 486 506 509 517 500 530 543 521 546 554 558 557 533 540 536 545 552 542 532 538 553 518 504 530 546 579 558 530 525 523 515 510 535 523 477 484 515 496 517 531 523 519 521 518 539 546 570 573 565 573 522 501 532 528 498 495 505 536 492 511 506 496 496 506 476 470 470 531 509 479 494 544 491 464 478 491 510 524 544 527 511 511 547 571 523 530 565 563 527 511 521 507 492 504 510 513 520 496 499 523 526 493 523 532 539 536 573 568 521 547 563 557 537 523 530 537 539 504 512 551 554 564 552 529 522 508 515 533 566 554 516 521 508 553 539 540 505 483 494 519 513 511 499 502 537 530 547 570 522 493 510 496 523 561 528 514 517 527 494 513 547 545 523 503 518 513 510 521 525 494 493 514 570 562 516 511 520 486 490 495 540 533 573 569 523 503 534 537 535 526 552 588 562 565 551 501 486 514 538 540 531 563 577 534 503 507 494 522 511 510 515 513 505 507 527 529 508 551 581 538 498 528 526 531 537 564 550 562 545 534 532 495 480 455 500 478 469 528 547 556 527 528 567 524 540 556 513 500 493 509 546 540 560 511 495 504 535 495 491 536 524 549 530 529 550 569 529 506 508 538 571 535 499 483 512 504 513 541 526 515 485 496 500 529 521 496 468 495 521 528 527 537 551 529 526 535 517 499 509 477 509 517 507 521 512 546 551 538 516 564 545 505 496 494 521 566 551 522 509 527 567 561 539 529 530 542 497 494 528 527 546 502 494 492 538 522 548 590 571 581 558 531 537 555 541 548 541 540 518 553 546 529 536 545 527 509 512 538 528 502 488 501 548 556 527 560 576 565 538 512 533 547 564 539 529 538 536 517 505 507 522 511 512 480 478 523 521 553 576 556 544 564 572 585 518 466 498 505 523 526 550 545 553 540 536 553 526 519 510 519 521 504 564 580 597 545 538 529 503 478 491 514 471 463 509 511 518 500 537 551 566 493 453 503 517 522 503 559 565 528 553 568 555 507 507 490 495 492 516 545 521 515 533 521 518 528 500 488 538 530 541 510 499 507 536 520 562 593 570 580 537 482 538 557 514 496 571 543 555 541 560 560 526 555 564 561 522 515 505 530 489 474 496 487 518 501 494 535 535 515 529 488 430 398 431 452 490 528 536 537 548 556 581 557 534 570 569 539 505 500 518 530 552 543 534 555 534 531 512 497 532 535 534 522 536 516 543 520 542 516 493 503 510 504 524 500 510 505 511 483 478 510 482 498 495 530 503 488 444 472 536 553 532 566 551 511 497 478 448 456 487 439 444 469 515 528 540 584 568 573 553 517 494 532 530 512 498 513 520 544 511 480 478 498 518 501 525 526 558 545 525 535 524 514 518 521 540 532 454 488 534 513 482 482 492 504 503 525 537 555 543 552 535 506 551 540 541 579 567 510 513 561 535 541 513 483 491 496 515 546 549 522 512 466 480 525 523 516 536 528 535 563 544 492 482 468 498 544 569 511 510 541 546 514 510 558 534 505 514 493 511 523 515 491 
vem trace:

stid: 341
spdistance: 4625.19
radio trace:
523 526 543 539 549 531 500 498 504 530 540 554 538 518 539 552 562 550 565 538 505 485 491 510 526 514 550 535 553 515 475 511 513 494 485 503 493 552 555 551 494 469 480 509 515 502 483 527 505 528 523 520 524 542 545 555 540 517 545 503 521 511 496 537 508 524 457 492 514 499 521 551 503 471 484 514 479 511 526 511 523 486 508 491 498 498 500 517 518 527 545 539 491 474 486 506 509 517 500 530 543 521 546 554 558 557 533 540 536 545 552 542 532 538 553 518 504 530 546 579 558 530 525 523 515 510 535 523 477 484 515 496 517 531 523 519 521 518 539 546 570 573 565 573 522 501 532 528 498 495 505 536 492 511 506 496 496 506 476 470 470 531 509 479 494 544 491 464 478 491 510 524 544 527 511 511 547 571 523 530 565 563 527 511 521 507 492 504 510 513 520 496 499 523 526 493 523 532 539 536 573 568 521 547 563 557 537 523 530 537 539 504 512 551 554 564 552 529 522 508 515 533 566 554 516 521 508 553 539 540 505 483 494 519 513 511 499 502 537 530 547 570 522 493 510 496 523 561 528 514 517 527 494 513 547 545 523 503 518 513 510 521 525 494 493 514 570 562 516 511 520 486 490 495 540 533 573 569 523 503 534 537 535 526 552 588 562 565 551 501 486 514 538 540 531 563 577 534 503 507 494 522 511 510 515 513 505 507 527 529 508 551 581 538 498 528 526 531 537 564 550 562 545 534 532 495 480 455 500 478 469 528 547 556 527 528 567 524 540 556 513 500 493 509 546 540 560 511 495 504 535 495 491 536 524 549 530 529 550 569 529 506 508 538 571 535 499 483 512 504 513 541 526 515 485 496 500 529 521 496 468 495 521 528 527 537 551 529 526 535 517 499 509 477 509 517 507 521 512 546 551 538 516 564 545 505 496 494 521 566 551 522 509 527 567 561 539 529 530 542 497 494 528 527 546 502 494 492 538 522 548 590 571 581 558 531 537 555 541 548 541 540 518 553 546 529 536 545 527 509 512 538 528 502 488 501 548 556 527 560 576 565 538 512 533 547 564 539 529 538 536 517 505 507 522 511 512 480 478 523 521 553 576 556 544 564 572 585 518 466 498 505 523 526 550 545 553 540 536 553 526 519 510 519 521 504 564 580 597 545 538 529 503 478 491 514 471 463 509 511 518 500 537 551 566 493 453 503 517 522 503 559 565 528 553 568 555 507 507 490 495 492 516 545 521 515 533 521 518 528 500 488 538 530 541 510 499 507 536 520 562 593 570 580 537 482 538 557 514 496 571 543 555 541 560 560 526 555 564 561 522 515 505 530 489 474 496 487 518 501 494 535 535 515 529 488 430 398 431 452 490 528 536 537 548 556 581 557 534 570 569 539 505 500 518 530 552 543 534 555 534 531 512 497 532 535 534 522 536 516 543 520 542 516 493 503 510 504 524 500 510 505 511 483 478 510 482 498 495 530 503 488 444 472 536 553 532 566 551 511 497 478 448 456 487 439 444 469 515 528 540 584 568 573 553 517 494 532 530 512 498 513 520 544 511 480 478 498 518 501 525 526 558 545 525 535 524 514 518 521 540 532 454 488 534 513 482 482 492 504 503 525 537 555 543 552 535 506 551 540 541 579 567 510 513 561 535 541 513 483 491 496 515 546 549 522 512 466 480 525 523 516 536 528 535 563 544 492 482 468 498 544 569 511 510 541 546 514 510 558 534 505 514 493 511 523 515 491 
vem trace:

