SDId: 34830798
energy: 2.77999e+17
zenith: 0.972335
azimuth: 4.06999
GPSSeconc: 1127278847
stid: 341
spdistance: 461.474
radio trace:
445 492 461 461 479 523 506 481 465 479 477 467 505 483 500 515 503 485 459 482 484 569 545 516 512 515 551 568 540 535 560 570 519 521 509 516 535 509 477 486 463 484 467 491 474 508 465 513 460 483 478 514 523 489 493 486 482 462 495 514 502 527 523 519 539 530 481 494 483 486 490 445 498 496 505 533 546 525 547 539 576 543 533 570 577 570 544 505 493 494 518 511 500 502 517 490 491 508 506 515 512 499 517 506 512 508 505 515 487 473 509 513 496 455 422 412 476 522 491 473 476 479 518 534 506 514 504 502 499 494 491 515 517 496 507 504 486 512 528 485 468 460 503 455 457 510 534 524 491 493 488 486 505 494 502 502 512 467 473 453 457 470 487 473 491 521 515 514 492 502 448 460 480 515 491 486 484 463 455 461 484 483 477 526 497 514 454 442 490 496 513 535 551 555 549 534 500 491 505 504 520 502 469 468 464 447 457 462 441 487 531 532 517 489 477 486 494 476 496 520 521 518 493 489 508 509 498 485 467 476 489 501 494 507 543 540 504 459 440 466 496 510 470 435 448 501 522 525 518 516 517 499 545 537 496 496 482 470 516 522 506 499 507 501 482 444 487 504 506 506 473 479 511 512 536 491 474 445 466 490 490 489 473 474 494 499 473 470 479 478 486 493 504 473 464 493 540 495 487 516 501 521 518 527 524 527 464 473 474 470 508 485 470 495 507 499 560 563 558 505 442 449 506 487 470 482 489 494 538 516 481 472 484 493 519 508 548 505 501 489 487 496 462 447 443 481 479 474 484 528 525 521 499 460 496 526 501 481 496 492 480 479 489 491 495 518 495 462 467 502 501 487 476 484 510 497 496 504 491 480 481 505 468 500 515 472 468 496 519 501 503 482 460 453 468 511 525 482 452 479 488 488 498 493 485 468 467 480 470 492 485 517 497 483 470 453 479 492 468 464 500 515 488 491 479 448 480 472 479 486 485 459 485 490 490 511 500 492 516 441 454 493 512 486 489 510 517 511 514 522 511 531 524 535 521 497 455 469 501 516 518 504 466 516 505 498 508 544 527 497 450 470 489 463 518 535 503 507 491 547 545 507 436 439 453 441 499 512 532 562 556 513 471 508 524 515 498 515 502 508 518 513 497 521 535 484 466 475 444 457 505 518 527 546 534 519 524 500 470 507 508 505 502 507 490 463 478 512 523 499 511 475 450 461 478 490 480 491 516 534 573 573 528 503 507 505 483 493 499 471 496 489 460 465 473 495 487 506 479 422 413 446 482 523 583 539 517 530 510 499 477 480 463 442 455 478 499 489 497 496 498 470 472 459 469 492 509 510 514 521 503 553 554 529 549 529 548 505 495 488 517 513 474 514 490 495 524 498 516 492 477 498 484 442 435 465 482 497 513 511 529 497 485 485 487 468 488 488 481 527 510 528 514 508 482 479 476 499 481 492 505 528 514 549 502 496 526 494 471 507 518 503 495 480 438 468 528 504 494 470 469 488 496 504 498 471 474 479 473 488 499 473 470 459 494 468 495 500 509 509 501 505 454 441 437 468 485 521 500 549 548 498 469 524 537 491 495 528 500 510 520 557 523 514 501 483 481 483 498 539 550 500 540 553 496 493 494 475 482 511 470 472 484 503 486 472 461 511 541 539 507 465 509 490 498 513 511 518 555 524 505 513 499 474 485 511 488 507 521 518 517 505 508 537 505 449 476 464 444 450 457 470 440 463 430 469 501 502 
vem trace:

stid: 341
spdistance: 461.474
radio trace:
445 492 461 461 479 523 506 481 465 479 477 467 505 483 500 515 503 485 459 482 484 569 545 516 512 515 551 568 540 535 560 570 519 521 509 516 535 509 477 486 463 484 467 491 474 508 465 513 460 483 478 514 523 489 493 486 482 462 495 514 502 527 523 519 539 530 481 494 483 486 490 445 498 496 505 533 546 525 547 539 576 543 533 570 577 570 544 505 493 494 518 511 500 502 517 490 491 508 506 515 512 499 517 506 512 508 505 515 487 473 509 513 496 455 422 412 476 522 491 473 476 479 518 534 506 514 504 502 499 494 491 515 517 496 507 504 486 512 528 485 468 460 503 455 457 510 534 524 491 493 488 486 505 494 502 502 512 467 473 453 457 470 487 473 491 521 515 514 492 502 448 460 480 515 491 486 484 463 455 461 484 483 477 526 497 514 454 442 490 496 513 535 551 555 549 534 500 491 505 504 520 502 469 468 464 447 457 462 441 487 531 532 517 489 477 486 494 476 496 520 521 518 493 489 508 509 498 485 467 476 489 501 494 507 543 540 504 459 440 466 496 510 470 435 448 501 522 525 518 516 517 499 545 537 496 496 482 470 516 522 506 499 507 501 482 444 487 504 506 506 473 479 511 512 536 491 474 445 466 490 490 489 473 474 494 499 473 470 479 478 486 493 504 473 464 493 540 495 487 516 501 521 518 527 524 527 464 473 474 470 508 485 470 495 507 499 560 563 558 505 442 449 506 487 470 482 489 494 538 516 481 472 484 493 519 508 548 505 501 489 487 496 462 447 443 481 479 474 484 528 525 521 499 460 496 526 501 481 496 492 480 479 489 491 495 518 495 462 467 502 501 487 476 484 510 497 496 504 491 480 481 505 468 500 515 472 468 496 519 501 503 482 460 453 468 511 525 482 452 479 488 488 498 493 485 468 467 480 470 492 485 517 497 483 470 453 479 492 468 464 500 515 488 491 479 448 480 472 479 486 485 459 485 490 490 511 500 492 516 441 454 493 512 486 489 510 517 511 514 522 511 531 524 535 521 497 455 469 501 516 518 504 466 516 505 498 508 544 527 497 450 470 489 463 518 535 503 507 491 547 545 507 436 439 453 441 499 512 532 562 556 513 471 508 524 515 498 515 502 508 518 513 497 521 535 484 466 475 444 457 505 518 527 546 534 519 524 500 470 507 508 505 502 507 490 463 478 512 523 499 511 475 450 461 478 490 480 491 516 534 573 573 528 503 507 505 483 493 499 471 496 489 460 465 473 495 487 506 479 422 413 446 482 523 583 539 517 530 510 499 477 480 463 442 455 478 499 489 497 496 498 470 472 459 469 492 509 510 514 521 503 553 554 529 549 529 548 505 495 488 517 513 474 514 490 495 524 498 516 492 477 498 484 442 435 465 482 497 513 511 529 497 485 485 487 468 488 488 481 527 510 528 514 508 482 479 476 499 481 492 505 528 514 549 502 496 526 494 471 507 518 503 495 480 438 468 528 504 494 470 469 488 496 504 498 471 474 479 473 488 499 473 470 459 494 468 495 500 509 509 501 505 454 441 437 468 485 521 500 549 548 498 469 524 537 491 495 528 500 510 520 557 523 514 501 483 481 483 498 539 550 500 540 553 496 493 494 475 482 511 470 472 484 503 486 472 461 511 541 539 507 465 509 490 498 513 511 518 555 524 505 513 499 474 485 511 488 507 521 518 517 505 508 537 505 449 476 464 444 450 457 470 440 463 430 469 501 502 
vem trace:

