SDId: 34727561
energy: 2.23809e+18
zenith: 1.11919
azimuth: 6.05057
GPSSeconc: 1126642679
stid: 332
spdistance: 519.668
radio trace:
557 523 529 574 574 545 569 569 517 534 575 542 561 567 545 521 548 584 561 598 581 569 575 578 540 525 518 519 528 567 571 571 564 582 583 579 575 562 532 518 516 554 556 537 539 560 576 548 599 580 553 514 495 525 515 516 526 552 555 551 558 545 551 563 570 551 540 515 491 510 521 569 580 556 549 560 559 546 564 554 525 526 510 548 522 536 504 524 533 543 549 525 545 569 575 540 540 535 507 534 561 585 554 558 585 607 584 520 545 547 525 533 549 533 537 523 515 526 521 520 535 543 558 549 549 511 498 484 534 566 560 557 534 523 589 601 566 551 579 573 587 587 579 535 555 566 541 536 558 540 519 552 571 564 542 543 544 510 555 553 573 589 592 583 573 572 556 575 602 566 573 553 560 540 544 556 541 513 541 546 563 544 531 554 552 568 521 557 551 534 515 531 523 530 543 555 537 518 560 548 544 538 537 525 542 537 512 545 573 542 554 555 567 545 550 534 517 533 575 574 552 551 551 550 549 580 556 542 540 550 532 548 554 579 588 577 547 542 550 570 570 563 518 531 578 568 540 553 532 544 575 581 587 583 599 554 569 540 566 589 561 572 564 544 550 537 554 570 558 554 567 565 583 580 559 530 511 539 522 540 537 527 555 552 545 519 543 544 557 547 561 542 525 537 526 514 541 545 542 545 539 569 555 571 597 562 560 526 539 525 537 545 523 547 541 551 560 542 544 560 572 567 571 570 546 525 530 558 546 552 558 567 558 557 554 547 527 528 503 505 524 525 539 526 505 538 542 535 552 533 529 537 546 584 573 537 531 538 551 534 581 592 589 565 589 607 578 575 568 578 607 588 587 580 543 513 506 547 548 486 520 542 541 581 568 559 560 551 549 602 601 584 555 533 518 552 548 555 594 546 554 575 575 586 568 571 585 583 574 554 596 600 547 554 532 545 589 575 579 569 550 541 542 572 582 561 533 544 568 617 607 587 590 553 579 597 589 547 577 572 571 592 575 567 580 587 594 569 557 539 533 564 537 550 554 557 530 556 546 551 544 541 562 546 537 541 583 556 564 543 573 614 574 557 531 543 555 559 571 553 575 560 517 512 537 569 550 545 562 595 603 561 551 548 548 519 525 547 505 522 529 530 509 523 515 545 560 546 580 600 575 534 566 540 535 546 512 540 555 554 566 549 542 541 536 543 530 489 525 550 522 506 525 583 572 561 568 556 540 551 578 567 570 567 591 614 589 560 564 545 541 532 539 537 550 574 564 559 556 559 557 552 571 565 574 525 555 539 558 558 576 576 568 554 590 598 578 590 566 534 551 553 549 584 560 570 591 543 561 571 577 563 576 568 578 553 538 514 498 519 498 528 539 515 539 563 547 568 549 538 574 536 589 557 573 568 560 545 542 514 534 526 540 547 556 583 563 568 551 542 537 551 557 519 573 586 585 547 558 607 576 544 549 530 537 535 527 550 551 535 536 566 527 555 533 491 513 540 536 550 566 570 549 541 570 573 542 536 574 555 562 575 592 577 569 595 603 579 568 543 562 584 547 535 548 533 508 530 552 543 540 533 534 562 559 558 535 555 586 570 529 507 491 521 548 574 576 560 559 573 553 527 559 562 538 518 564 607 588 587 580 571 559 538 543 522 550 562 558 548 510 477 505 517 517 535 553 565 574 577 561 535 528 546 535 524 570 553 584 542 528 544 559 566 516 540 552 552 551 560 556 559 533 510 551 584 570 553 
vem trace:

stid: 333
spdistance: 1116.35
radio trace:
453 478 517 496 506 474 420 467 465 490 485 481 452 465 445 442 488 461 469 480 489 520 447 455 478 468 518 512 487 438 456 473 462 516 483 508 486 471 481 483 470 492 498 473 473 475 474 506 494 485 468 502 474 468 491 468 469 484 480 476 484 489 493 501 480 480 475 510 505 485 480 467 491 506 500 477 486 489 483 478 487 458 476 493 483 462 441 430 440 443 461 507 503 485 473 464 484 497 511 513 482 478 506 499 520 520 511 508 534 514 507 532 537 485 472 509 499 517 504 504 471 482 496 482 475 526 499 465 465 491 496 452 468 492 447 444 453 468 479 510 481 497 520 524 490 473 507 522 500 521 464 450 467 431 447 472 509 508 516 509 490 470 504 526 542 519 478 501 475 464 449 445 470 535 529 511 497 483 490 493 505 509 512 473 477 493 497 514 524 504 477 482 478 492 478 497 479 463 471 430 415 452 460 509 503 495 484 497 498 509 496 497 465 480 499 528 488 482 481 496 476 496 493 466 456 468 488 493 487 463 463 475 466 494 484 480 459 492 487 495 511 528 504 464 490 479 454 472 487 485 463 459 513 505 498 499 466 433 453 518 517 538 511 496 520 502 467 493 470 469 452 487 511 509 500 459 429 453 480 470 427 462 433 469 478 490 500 528 492 497 452 441 452 486 471 496 507 511 509 482 488 451 468 489 471 503 496 491 489 491 503 492 508 505 519 461 483 508 496 479 468 459 478 501 509 459 495 520 519 504 467 463 458 466 462 444 487 464 482 471 479 469 460 449 438 424 468 446 474 483 457 484 492 500 527 568 569 527 484 470 462 478 496 490 466 448 488 496 486 460 491 518 495 502 484 480 545 568 527 491 518 520 522 442 427 417 407 451 490 470 468 470 487 434 456 480 448 478 502 516 512 503 504 493 489 472 482 496 494 487 483 476 511 516 512 498 478 452 460 486 500 524 501 502 535 520 504 522 484 456 465 473 466 461 447 486 525 514 504 505 439 465 464 446 430 416 434 477 459 431 400 447 438 432 449 445 457 465 474 467 474 531 507 489 474 460 461 450 446 496 494 513 523 485 496 481 459 471 465 495 485 509 468 527 496 469 502 528 539 520 529 530 500 522 494 484 472 478 519 489 448 476 464 498 478 459 459 453 443 465 436 411 475 511 518 521 502 494 461 465 457 460 481 466 500 501 493 458 458 471 486 480 484 498 498 479 501 519 535 547 558 519 500 504 542 516 490 494 479 471 492 423 425 429 464 451 450 416 452 470 470 476 482 490 512 525 536 555 517 477 500 481 466 485 485 453 503 502 510 508 519 530 523 545 533 501 522 496 487 458 466 503 466 489 489 467 466 453 459 469 487 473 489 460 459 506 488 506 486 502 467 477 497 463 429 439 444 445 454 492 487 454 445 458 466 448 509 528 514 487 461 441 461 478 498 495 477 507 501 476 482 488 478 499 464 435 442 458 515 513 484 507 506 518 523 513 447 443 472 485 523 485 455 478 479 470 477 443 443 486 506 537 523 521 536 522 497 477 439 451 484 470 471 463 464 516 471 505 514 444 414 473 479 473 466 481 482 537 494 508 503 479 483 483 494 492 477 446 430 434 463 479 421 426 450 446 427 450 473 481 484 477 486 463 440 446 500 494 481 502 543 523 539 534 454 485 506 491 517 489 471 476 440 475 495 503 525 528 512 501 490 490 504 484 445 473 468 477 473 477 456 493 495 494 486 478 460 466 
vem trace:

