SDId: 34836334
energy: 1.18347e+17
zenith: 0.533427
azimuth: 4.84929
GPSSeconc: 1127315000
stid: 341
spdistance: 806.01
radio trace:
577 518 501 521 507 520 509 513 511 550 542 566 548 546 542 549 534 514 511 508 523 528 542 517 531 520 502 519 518 504 502 532 539 507 501 495 551 525 490 466 509 556 564 558 507 519 513 525 518 514 523 502 501 499 548 559 510 508 473 472 504 534 520 490 527 524 487 483 478 487 490 492 520 521 539 541 502 561 552 510 526 498 486 494 512 525 534 519 505 494 496 506 516 487 463 508 516 514 553 528 576 526 502 519 527 533 499 531 550 520 518 511 505 526 531 550 558 551 537 485 490 541 543 521 516 464 496 516 519 508 566 560 552 553 525 515 481 487 496 464 461 509 539 523 525 531 496 558 570 531 523 531 528 518 498 487 505 526 526 545 537 546 569 565 580 501 506 500 476 491 509 535 534 515 525 542 515 503 522 557 530 525 533 527 531 515 529 536 567 594 542 538 568 551 508 521 512 507 534 488 497 519 542 537 553 529 522 521 537 520 504 486 522 498 502 488 480 527 559 569 553 539 528 547 520 532 527 478 497 536 568 558 557 554 580 575 541 544 577 535 492 542 536 539 555 529 569 578 569 548 548 516 477 465 483 519 554 547 527 515 500 528 509 505 481 449 472 491 484 465 520 502 532 567 557 519 511 467 509 573 580 537 503 550 526 505 535 532 539 541 526 527 550 574 553 536 490 478 525 502 477 507 528 500 502 517 541 566 542 514 519 536 566 540 517 479 530 560 545 494 520 537 571 509 535 525 535 578 591 574 537 485 524 530 547 527 539 560 575 536 537 558 530 512 526 509 508 525 545 530 561 518 510 538 512 508 506 524 488 508 527 528 514 523 509 513 538 538 518 532 509 507 488 521 527 540 582 545 524 557 527 489 472 471 533 549 581 557 541 534 517 540 548 532 488 485 499 522 519 511 481 488 483 491 488 571 571 550 498 508 508 535 516 528 538 500 534 521 515 501 499 526 514 509 527 523 487 526 544 557 586 538 489 504 549 531 504 522 513 537 553 569 547 535 500 519 483 474 519 519 475 475 501 502 493 489 517 494 498 537 531 534 518 537 523 532 537 552 504 517 531 499 485 496 522 513 520 467 506 497 476 467 494 522 524 530 521 492 478 523 569 560 542 570 546 543 546 536 513 512 504 518 539 536 536 556 514 522 507 463 476 520 541 532 517 511 501 516 525 524 557 507 475 487 490 503 510 510 497 502 551 585 554 530 526 516 532 524 509 507 461 466 503 519 538 538 506 495 485 466 520 521 491 502 502 517 540 547 528 515 478 491 507 566 574 543 551 530 529 551 547 550 520 518 529 545 542 585 571 520 522 505 486 473 484 491 517 514 552 546 541 524 500 484 469 482 489 518 526 568 512 481 470 471 527 566 539 525 502 524 557 537 523 505 506 556 582 575 535 539 543 558 563 548 549 513 524 508 513 480 467 485 522 502 520 548 488 486 456 499 544 529 514 524 531 547 518 526 528 537 517 533 537 542 528 504 533 574 551 559 547 542 536 565 570 529 523 511 531 516 508 519 514 510 487 480 499 501 545 502 526 517 534 561 552 538 549 535 541 503 497 498 485 552 571 541 515 479 486 535 540 545 549 540 522 518 503 464 454 477 518 528 534 493 502 530 509 525 485 490 524 502 521 552 553 554 465 435 491 505 528 515 511 503 517 504 489 486 495 536 530 549 516 569 558 554 559 554 542 515 504 549 541 533 508 510 488 505 505 505 481 475 446 497 529 539 535 519 
vem trace:

stid: 341
spdistance: 806.01
radio trace:
577 518 501 521 507 520 509 513 511 550 542 566 548 546 542 549 534 514 511 508 523 528 542 517 531 520 502 519 518 504 502 532 539 507 501 495 551 525 490 466 509 556 564 558 507 519 513 525 518 514 523 502 501 499 548 559 510 508 473 472 504 534 520 490 527 524 487 483 478 487 490 492 520 521 539 541 502 561 552 510 526 498 486 494 512 525 534 519 505 494 496 506 516 487 463 508 516 514 553 528 576 526 502 519 527 533 499 531 550 520 518 511 505 526 531 550 558 551 537 485 490 541 543 521 516 464 496 516 519 508 566 560 552 553 525 515 481 487 496 464 461 509 539 523 525 531 496 558 570 531 523 531 528 518 498 487 505 526 526 545 537 546 569 565 580 501 506 500 476 491 509 535 534 515 525 542 515 503 522 557 530 525 533 527 531 515 529 536 567 594 542 538 568 551 508 521 512 507 534 488 497 519 542 537 553 529 522 521 537 520 504 486 522 498 502 488 480 527 559 569 553 539 528 547 520 532 527 478 497 536 568 558 557 554 580 575 541 544 577 535 492 542 536 539 555 529 569 578 569 548 548 516 477 465 483 519 554 547 527 515 500 528 509 505 481 449 472 491 484 465 520 502 532 567 557 519 511 467 509 573 580 537 503 550 526 505 535 532 539 541 526 527 550 574 553 536 490 478 525 502 477 507 528 500 502 517 541 566 542 514 519 536 566 540 517 479 530 560 545 494 520 537 571 509 535 525 535 578 591 574 537 485 524 530 547 527 539 560 575 536 537 558 530 512 526 509 508 525 545 530 561 518 510 538 512 508 506 524 488 508 527 528 514 523 509 513 538 538 518 532 509 507 488 521 527 540 582 545 524 557 527 489 472 471 533 549 581 557 541 534 517 540 548 532 488 485 499 522 519 511 481 488 483 491 488 571 571 550 498 508 508 535 516 528 538 500 534 521 515 501 499 526 514 509 527 523 487 526 544 557 586 538 489 504 549 531 504 522 513 537 553 569 547 535 500 519 483 474 519 519 475 475 501 502 493 489 517 494 498 537 531 534 518 537 523 532 537 552 504 517 531 499 485 496 522 513 520 467 506 497 476 467 494 522 524 530 521 492 478 523 569 560 542 570 546 543 546 536 513 512 504 518 539 536 536 556 514 522 507 463 476 520 541 532 517 511 501 516 525 524 557 507 475 487 490 503 510 510 497 502 551 585 554 530 526 516 532 524 509 507 461 466 503 519 538 538 506 495 485 466 520 521 491 502 502 517 540 547 528 515 478 491 507 566 574 543 551 530 529 551 547 550 520 518 529 545 542 585 571 520 522 505 486 473 484 491 517 514 552 546 541 524 500 484 469 482 489 518 526 568 512 481 470 471 527 566 539 525 502 524 557 537 523 505 506 556 582 575 535 539 543 558 563 548 549 513 524 508 513 480 467 485 522 502 520 548 488 486 456 499 544 529 514 524 531 547 518 526 528 537 517 533 537 542 528 504 533 574 551 559 547 542 536 565 570 529 523 511 531 516 508 519 514 510 487 480 499 501 545 502 526 517 534 561 552 538 549 535 541 503 497 498 485 552 571 541 515 479 486 535 540 545 549 540 522 518 503 464 454 477 518 528 534 493 502 530 509 525 485 490 524 502 521 552 553 554 465 435 491 505 528 515 511 503 517 504 489 486 495 536 530 549 516 569 558 554 559 554 542 515 504 549 541 533 508 510 488 505 505 505 481 475 446 497 529 539 535 519 
vem trace:

stid: 343
spdistance: 1097.09
radio trace:
430 451 444 457 448 454 482 486 420 430 460 461 450 428 442 429 430 407 429 446 464 478 461 455 442 457 460 452 447 465 503 467 457 460 461 460 488 460 445 460 487 479 453 439 445 436 437 453 454 484 479 446 475 484 471 460 463 448 464 449 429 427 412 454 471 479 453 418 448 449 438 447 480 472 451 422 471 507 491 497 456 439 467 479 488 510 467 446 458 446 451 452 442 409 432 415 439 443 467 483 468 471 473 424 424 428 442 442 429 434 474 462 450 452 448 455 474 477 473 469 474 458 433 433 450 446 450 463 469 459 451 436 454 461 475 479 440 421 439 443 455 467 467 432 477 503 448 446 449 446 455 448 475 495 450 442 416 436 447 433 460 445 448 465 471 461 486 486 457 444 411 438 443 454 457 444 434 436 447 447 434 441 446 459 467 490 468 455 458 463 456 454 445 439 423 440 459 465 441 457 485 486 483 514 487 447 464 461 440 437 462 467 457 474 488 476 457 466 463 453 472 414 399 428 411 399 429 450 449 414 406 432 428 454 442 449 460 472 445 428 439 447 442 444 445 421 438 428 430 424 464 475 489 457 440 489 487 469 475 468 432 454 464 452 460 459 437 418 411 446 464 450 445 438 474 490 455 475 483 480 473 477 465 477 463 431 447 425 425 419 405 448 422 455 457 443 474 452 448 468 484 453 431 410 422 449 467 480 477 478 490 480 487 491 472 429 435 434 428 438 436 464 448 450 469 457 452 442 461 444 448 477 483 451 432 452 460 457 442 458 478 462 450 454 466 477 442 444 448 454 462 483 481 465 418 407 442 454 458 464 457 448 444 451 440 440 452 446 448 447 447 467 469 479 480 448 446 486 479 496 481 492 479 482 465 474 478 460 452 475 457 481 489 506 461 444 413 420 426 452 450 449 431 467 444 446 451 477 458 465 455 466 451 450 489 488 459 444 445 477 480 500 468 488 460 465 507 471 443 444 441 439 465 512 484 456 462 465 486 484 450 465 458 444 449 442 468 488 459 433 466 473 467 442 455 472 470 411 407 427 454 456 433 442 450 419 419 416 411 430 439 423 454 457 425 442 452 426 411 438 467 447 449 443 472 473 449 467 479 444 472 483 461 430 448 443 420 426 449 433 444 460 465 489 467 458 439 429 435 434 416 472 468 458 435 449 438 415 445 455 421 454 479 448 435 399 408 390 432 455 487 494 470 473 472 465 485 455 447 412 442 445 453 447 446 435 462 470 477 464 450 465 465 469 462 467 466 458 465 470 457 461 433 455 463 492 461 449 450 447 438 491 455 460 476 460 462 453 440 471 479 454 439 456 458 445 437 461 456 442 446 472 471 509 474 416 430 454 465 460 457 469 462 485 477 451 457 441 449 468 480 455 471 489 468 434 453 451 442 445 468 442 404 399 411 453 442 457 489 479 442 449 439 461 472 468 473 489 486 476 474 501 481 454 453 432 440 464 471 470 477 445 435 451 456 440 453 436 455 454 472 485 498 480 443 429 472 495 454 440 454 444 447 431 445 448 483 490 463 439 429 431 435 451 485 491 472 469 455 488 496 470 459 446 454 462 471 481 491 486 451 452 460 474 460 455 466 465 448 437 425 415 421 454 473 470 466 483 489 488 493 471 475 447 437 452 430 445 439 444 479 459 443 428 449 424 449 424 407 428 431 475 474 469 466 474 446 473 451 468 451 468 468 459 441 463 472 464 462 431 422 460 463 437 448 450 454 471 
vem trace:

