SDId: 34892700
energy: 1.40651e+18
zenith: 0.64374
azimuth: 5.69678
GPSSeconc: 1127669910
stid: 333
spdistance: 580.209
radio trace:
433 496 505 505 503 468 490 507 507 508 491 507 483 476 455 475 513 516 546 518 517 498 503 476 463 516 505 505 541 531 533 516 468 495 509 479 504 495 509 497 488 517 508 525 496 531 532 521 464 482 476 479 468 451 427 475 514 465 449 466 501 487 497 475 495 507 498 476 477 460 442 490 510 508 513 529 512 499 467 482 483 509 516 537 518 511 501 485 487 510 528 535 475 470 481 472 503 536 504 447 450 473 507 484 490 502 530 529 505 495 492 510 526 472 460 511 520 490 463 501 492 488 477 513 536 555 561 515 457 490 459 459 465 491 503 481 485 488 516 539 532 517 511 502 485 516 512 496 500 498 475 449 524 532 495 522 500 463 454 464 495 507 482 518 483 473 493 540 515 500 492 544 561 555 536 486 475 457 492 516 526 528 500 476 488 514 513 509 488 490 500 492 483 511 509 465 528 548 544 519 516 502 505 483 485 521 517 506 494 495 487 464 475 487 519 505 504 496 480 464 488 494 527 498 482 500 503 470 499 502 491 485 477 505 518 541 498 491 508 522 510 487 466 485 500 498 526 546 535 562 522 498 502 518 524 495 499 522 525 491 502 514 510 489 479 456 477 490 469 466 483 468 463 478 524 545 508 498 506 512 546 540 559 515 526 512 510 495 466 458 480 493 537 524 499 497 513 502 499 459 425 486 512 479 519 500 503 500 479 484 481 502 516 489 481 512 482 484 500 497 491 437 448 444 484 519 531 514 491 474 468 465 495 497 510 496 497 473 487 504 509 488 498 495 509 482 463 461 468 494 506 509 516 468 472 523 517 508 498 468 477 477 479 484 490 484 518 492 498 474 477 489 477 477 495 504 513 512 498 494 508 533 547 502 523 528 496 480 469 463 481 475 466 460 486 512 529 517 461 447 468 422 415 478 506 514 504 491 525 541 518 483 501 490 473 516 497 490 476 468 495 518 524 550 504 481 477 472 471 449 463 500 492 471 468 488 505 513 539 557 488 503 480 475 478 473 466 544 549 526 509 499 498 489 479 479 497 496 489 507 493 504 495 477 474 502 514 500 513 484 495 503 509 511 505 488 510 455 511 548 541 511 488 469 494 468 470 478 517 525 504 483 499 502 495 507 489 524 522 515 512 514 493 494 488 465 460 481 480 477 473 478 468 473 478 523 498 460 470 494 461 451 470 499 489 512 521 554 550 532 532 521 511 491 483 484 488 481 448 472 494 501 472 473 478 450 473 513 480 468 478 519 556 519 469 460 476 486 488 500 508 502 515 506 471 487 487 483 474 474 508 536 518 511 544 524 513 505 452 471 470 508 497 496 534 520 511 537 533 516 468 460 454 464 446 459 473 483 505 489 520 563 599 517 494 519 497 483 478 460 487 487 502 522 494 455 427 462 471 476 492 479 478 514 503 504 527 528 503 515 511 498 519 505 507 508 519 486 520 498 529 516 509 491 500 477 476 491 510 502 498 546 541 529 527 526 444 470 481 473 498 522 540 519 503 496 493 517 508 532 499 484 506 524 510 511 470 441 473 497 512 545 539 514 512 506 506 496 484 469 485 499 483 496 469 479 488 460 539 551 519 500 516 535 525 502 469 494 528 540 498 482 491 481 489 517 526 528 527 544 548 542 506 464 485 457 479 518 528 522 534 518 484 475 489 504 514 510 516 529 502 492 496 493 510 487 464 473 493 474 483 486 509 507 486 486 481 476 506 504 517 476 496 512 501 494 506 512 
vem trace:

stid: 332
spdistance: 1178.17
radio trace:
548 566 545 552 548 559 566 606 581 578 562 575 559 564 539 528 549 546 528 536 551 600 610 564 576 583 543 558 560 523 558 562 568 579 563 586 601 613 590 559 592 570 584 559 590 591 556 575 559 521 523 550 538 548 578 538 529 556 563 552 575 537 543 562 555 585 600 582 593 603 553 535 535 561 554 593 570 595 580 577 556 556 519 553 532 548 561 592 587 588 582 607 581 545 550 577 573 556 545 535 532 531 537 579 579 546 527 535 540 548 570 581 579 566 566 590 595 567 546 567 566 586 559 567 525 527 563 547 526 525 549 540 559 552 570 543 550 538 561 575 549 557 537 533 539 566 553 556 556 540 523 540 559 539 543 513 557 566 561 548 563 571 554 548 540 533 547 537 545 575 539 565 525 516 501 507 546 547 555 544 557 541 547 536 552 580 568 571 550 545 554 581 566 597 560 523 518 534 572 566 570 561 576 583 588 560 561 552 572 564 517 531 565 548 517 518 556 586 611 595 556 558 543 552 586 559 566 545 555 567 564 542 529 542 561 575 553 532 554 547 556 571 564 562 549 549 563 560 566 601 567 571 563 557 563 571 575 567 551 572 578 571 581 531 526 552 566 571 537 544 563 549 533 555 579 601 601 599 607 576 550 550 566 530 567 581 572 576 572 553 551 569 551 576 591 577 569 590 556 552 549 555 568 551 560 584 539 544 572 572 567 566 556 552 562 575 577 558 541 539 538 551 558 564 589 589 566 549 532 574 555 551 553 519 513 535 579 584 588 595 579 535 534 546 530 567 567 589 589 551 573 591 574 545 547 572 565 556 556 572 583 612 604 589 593 559 536 549 558 526 564 559 571 548 523 541 572 578 596 567 537 543 535 549 546 547 554 558 560 554 583 590 567 515 520 555 561 536 555 565 586 586 598 586 551 574 581 603 605 585 561 580 576 576 547 527 575 594 586 610 575 553 583 586 591 580 560 535 556 577 568 553 560 582 582 598 588 566 577 566 554 531 564 571 604 545 563 561 570 550 545 543 556 569 581 564 559 588 596 608 594 585 601 600 590 599 605 574 541 562 583 546 537 541 548 510 531 562 540 563 564 584 572 591 595 535 512 528 569 601 579 576 596 558 545 511 533 583 586 575 574 577 617 597 553 529 551 565 578 595 607 592 526 536 530 581 578 562 537 542 576 577 587 613 621 604 598 586 591 569 569 556 541 557 609 591 584 588 571 553 528 500 535 522 554 582 571 564 538 574 528 542 564 562 590 594 588 563 580 597 599 581 579 559 545 578 541 519 573 527 513 548 573 585 587 580 600 582 546 546 588 543 541 528 585 579 567 564 565 605 598 597 605 558 560 534 547 580 605 567 570 551 574 565 604 557 560 546 563 535 531 532 534 537 545 526 563 583 570 558 597 579 571 559 534 537 561 572 523 553 564 558 557 556 578 579 572 554 568 549 540 586 587 571 579 586 595 619 599 596 583 613 615 581 531 523 543 580 598 568 577 554 549 525 520 572 566 535 544 555 569 574 582 591 580 530 551 537 519 534 537 545 563 546 563 561 572 571 568 553 546 522 525 557 586 612 613 595 620 617 618 585 555 550 556 534 580 598 574 565 595 572 587 629 631 640 608 588 559 570 576 579 583 595 559 540 528 575 574 576 558 583 590 585 572 561 566 579 589 558 585 611 580 571 596 620 603 579 556 561 577 590 578 579 604 599 569 570 579 591 557 543 551 572 561 562 582 608 
vem trace:

