SDId: 34509266
energy: 2.19199e+17
zenith: 0.349887
azimuth: 3.22028
GPSSeconc: 1125316406
stid: 343
spdistance: 814.995
radio trace:
458 460 492 493 489 481 487 465 461 446 457 453 462 456 438 438 468 453 454 451 447 470 477 464 463 475 460 462 471 471 448 435 431 452 467 476 464 466 457 472 464 453 439 445 454 421 444 406 400 418 439 442 469 465 478 472 504 485 478 451 463 475 432 468 471 457 451 470 446 434 451 457 465 475 497 471 469 466 435 456 462 455 457 454 461 453 452 474 465 475 458 450 439 473 462 463 465 475 497 487 478 462 445 398 431 439 437 458 477 456 489 473 459 473 472 469 444 420 450 442 415 419 430 457 435 415 415 443 454 451 467 458 464 453 432 448 489 484 496 473 467 421 443 482 486 467 462 470 437 458 454 459 470 474 450 456 484 470 448 448 461 427 432 462 483 499 443 466 484 475 479 464 499 457 458 458 466 470 450 469 474 450 429 439 470 459 455 450 439 447 475 474 465 428 417 446 440 446 465 462 437 460 466 441 426 435 430 428 467 474 462 457 444 453 459 468 485 458 430 427 460 468 444 461 483 504 513 506 508 488 488 478 474 475 428 437 419 402 433 452 444 464 471 465 475 458 452 467 455 462 434 442 463 474 492 473 464 448 469 463 482 481 511 457 454 471 458 459 442 447 461 481 469 474 454 484 472 493 512 499 455 419 450 469 475 460 465 452 465 480 459 486 488 458 452 448 453 466 478 463 458 434 443 472 484 451 460 491 498 466 461 468 470 427 409 425 462 449 455 439 438 448 429 419 421 439 431 468 465 466 447 446 457 468 456 476 487 471 425 400 456 455 441 438 458 454 437 465 483 490 466 437 437 462 483 480 497 474 474 449 422 420 455 445 448 447 431 462 460 460 434 432 467 450 449 446 451 440 431 450 447 458 461 450 436 431 406 418 422 465 457 431 464 452 442 438 445 489 467 449 436 459 469 467 465 438 433 435 464 455 442 419 434 442 451 451 463 466 465 481 456 481 473 479 452 447 468 474 479 467 447 453 471 446 466 477 478 488 476 486 479 474 465 466 481 495 494 470 449 434 446 474 453 458 469 449 438 453 470 466 484 475 475 469 471 488 440 436 440 470 470 473 472 470 447 480 448 461 470 472 456 466 458 439 427 420 449 457 453 458 447 446 483 462 484 484 460 485 496 486 485 489 469 463 427 453 485 502 472 476 454 467 465 446 461 456 499 491 459 469 460 466 446 462 469 489 489 494 457 481 488 470 455 442 437 457 474 466 448 425 432 447 453 472 496 450 456 444 468 468 495 489 446 435 431 443 461 436 455 464 464 445 455 453 463 496 448 424 451 451 448 449 457 443 451 432 474 473 461 450 440 488 469 469 451 462 465 498 466 448 447 449 441 455 462 470 468 473 470 456 484 475 459 435 448 450 454 436 444 475 476 427 457 471 486 451 437 432 458 460 460 454 448 445 454 444 469 450 473 465 461 437 419 448 449 454 445 454 458 490 471 484 469 454 488 465 479 494 469 444 451 473 442 460 466 464 457 433 425 421 438 442 454 451 455 459 450 442 417 444 479 488 473 454 490 481 470 483 464 481 457 441 455 440 436 436 453 463 462 426 417 412 454 469 453 444 472 464 475 460 474 448 455 480 471 456 462 446 439 444 444 471 468 482 487 471 444 435 442 439 429 438 447 448 474 460 459 471 471 454 427 430 420 441 456 448 474 503 496 498 506 455 448 478 482 459 431 421 450 458 449 466 482 485 466 444 446 471 445 422 436 431 440 453 449 422 439 450 
vem trace:

stid: 419
spdistance: 896.774
radio trace:
500 441 443 452 429 448 436 451 478 505 501 455 414 444 446 465 435 398 413 446 451 448 460 482 494 464 462 455 458 434 438 421 423 435 424 444 464 496 470 445 419 420 419 369 412 444 426 420 456 452 464 460 394 396 387 386 406 418 440 415 422 462 397 448 430 461 444 456 474 499 462 479 479 433 468 410 442 454 419 428 498 494 467 476 429 469 462 419 454 487 505 470 440 442 414 410 426 448 441 403 421 450 441 458 438 424 460 483 461 445 448 435 402 430 393 376 386 407 434 456 462 427 431 438 370 441 447 442 475 434 417 429 414 449 421 431 395 404 427 389 413 418 401 402 421 376 461 468 433 470 465 460 448 440 420 384 349 411 422 423 412 433 409 401 382 417 435 398 410 441 438 449 422 431 412 408 434 448 472 440 419 461 444 471 456 476 444 410 429 450 403 410 465 468 441 409 397 438 465 443 436 458 480 496 474 463 466 445 436 413 406 407 436 482 459 454 435 404 459 445 414 366 374 453 441 413 393 380 382 367 407 422 369 408 440 419 472 501 479 463 453 416 409 398 421 401 409 388 370 359 413 384 399 401 465 453 434 414 403 433 493 471 463 459 434 431 444 433 396 390 450 480 458 414 395 415 382 411 404 466 479 464 468 467 458 494 424 408 420 457 449 406 439 466 433 410 418 441 454 476 461 479 459 466 449 426 415 393 387 389 411 433 419 348 357 362 437 487 421 412 416 427 475 471 438 461 497 503 380 374 406 399 370 386 402 420 458 499 486 458 468 451 375 424 455 464 423 462 464 462 491 479 438 467 477 455 453 467 422 439 431 437 433 441 420 417 434 458 443 468 462 416 406 430 449 436 468 465 464 450 444 464 471 456 498 509 442 440 409 470 458 428 406 423 441 446 463 414 407 422 421 425 409 449 463 448 453 488 443 437 435 442 476 468 421 433 380 374 391 397 404 368 393 455 441 473 436 463 469 476 469 475 511 509 504 434 392 408 422 422 422 438 452 442 352 392 454 453 464 437 433 437 426 404 451 443 442 455 425 423 443 448 456 447 439 403 358 351 391 425 453 457 463 487 432 433 420 410 431 474 427 420 414 427 450 460 465 482 472 460 452 420 426 415 386 379 438 458 451 419 394 375 422 448 465 445 409 399 423 403 428 464 500 510 526 505 457 464 471 447 443 458 434 423 449 456 430 437 466 471 473 464 465 466 455 474 453 425 415 428 401 428 438 446 444 434 445 442 413 440 438 466 473 464 470 500 494 504 449 428 423 419 415 422 432 407 419 427 464 459 468 457 476 486 463 468 458 449 460 443 444 431 411 430 418 426 452 407 370 371 407 449 413 421 479 474 420 416 429 439 448 445 441 442 413 462 499 481 453 391 392 442 474 461 414 406 441 457 407 410 458 455 481 451 403 425 443 448 468 430 415 433 449 455 460 445 444 450 468 409 396 396 426 404 422 401 376 399 407 412 410 417 385 403 432 442 453 470 452 443 414 412 424 404 394 421 446 431 411 448 462 461 415 414 404 406 391 435 466 469 465 433 478 461 411 442 400 397 393 426 428 430 448 460 412 430 436 422 413 421 431 431 472 475 429 407 415 431 420 404 429 424 427 420 423 452 452 447 457 456 455 429 469 451 415 399 379 420 414 382 388 392 433 487 478 425 429 395 426 432 431 436 442 480 469 509 502 477 450 432 444 423 423 431 405 457 473 449 423 393 413 419 444 481 432 430 444 438 
vem trace:

