SDId: 34841179
energy: 7.84236e+17
zenith: 0.921567
azimuth: 5.63165
GPSSeconc: 1127345898
stid: 419
spdistance: 603.637
radio trace:
403 380 430 487 492 490 490 460 507 493 486 503 527 515 517 520 489 475 480 490 519 500 453 463 532 532 507 429 463 462 459 498 444 479 501 471 455 482 470 447 436 428 438 486 479 516 472 425 427 454 463 451 424 431 415 472 503 528 522 461 473 487 458 426 489 452 444 464 446 446 483 515 492 503 507 534 493 508 518 523 481 461 497 501 468 496 479 506 527 534 512 507 512 502 503 464 456 484 504 494 521 501 501 457 441 512 501 501 468 517 512 500 508 473 461 418 412 475 499 489 498 472 467 453 493 506 473 482 504 514 479 431 463 521 488 471 510 493 465 436 427 442 473 500 479 467 480 461 478 528 528 509 468 498 488 515 483 497 539 530 477 458 496 536 495 501 520 519 499 474 467 460 438 504 490 468 446 453 451 445 465 473 485 476 475 483 473 451 484 503 522 509 472 495 479 508 472 449 493 460 518 510 486 458 498 468 498 495 466 439 452 436 479 479 489 481 464 476 472 473 510 476 482 479 523 468 446 455 455 495 497 516 511 499 494 480 495 462 505 509 482 466 491 506 494 495 484 478 453 482 497 487 455 485 523 496 484 437 456 473 443 453 477 523 499 455 505 507 515 492 459 449 436 441 465 493 487 471 457 497 516 480 482 503 494 495 453 480 481 470 463 431 421 479 467 478 482 534 503 478 460 465 495 502 494 463 468 491 492 521 530 556 572 572 511 512 512 504 474 534 548 496 488 480 525 508 519 477 496 494 460 444 447 469 492 495 469 454 503 520 435 479 522 526 553 532 514 498 481 502 525 528 528 483 515 512 536 502 504 454 487 476 514 526 477 506 482 466 462 467 455 441 470 497 450 466 422 439 429 429 450 448 476 520 514 538 526 475 482 475 470 468 504 541 535 506 455 488 529 499 481 466 437 431 461 472 463 431 434 454 497 476 485 488 447 471 514 549 537 520 509 515 513 495 471 435 435 502 522 438 454 505 483 448 468 465 471 458 474 485 513 534 491 515 514 531 529 490 502 458 476 483 455 476 498 468 475 482 535 507 475 446 462 470 477 485 470 438 487 506 538 485 494 544 499 505 489 493 456 441 423 443 474 454 467 503 509 486 495 500 462 491 493 466 457 516 470 526 528 517 442 455 450 468 470 436 461 487 465 479 497 512 553 543 513 545 517 486 480 527 525 498 464 433 495 546 495 465 450 409 428 435 463 483 479 443 445 461 447 464 487 428 489 467 436 476 459 447 441 424 416 418 461 472 455 453 477 455 423 462 514 509 483 456 475 467 497 492 491 497 453 466 468 458 492 497 513 516 453 491 536 504 534 459 456 436 443 426 404 382 396 462 478 510 518 490 484 493 495 497 477 477 458 496 503 522 535 513 516 506 498 479 492 487 480 462 466 461 494 523 508 499 495 505 458 451 481 478 461 449 456 474 493 506 507 504 505 523 502 484 483 513 501 482 505 500 482 449 482 472 510 523 511 450 457 467 490 499 515 484 491 471 502 466 449 466 456 424 425 434 515 542 512 493 470 499 467 461 407 442 446 433 445 487 478 464 447 486 461 451 507 479 501 521 510 490 493 478 496 468 494 479 447 476 500 524 511 475 497 494 499 484 445 457 453 470 490 514 479 465 474 487 498 536 521 514 502 468 501 497 441 457 494 509 494 522 538 541 537 545 524 508 502 490 480 422 454 474 496 463 496 512 519 490 495 454 473 447 486 503 489 510 535 519 503 477 496 539 
vem trace:

stid: 343
spdistance: 1039.53
radio trace:
450 453 460 452 449 473 479 493 474 469 460 466 493 520 478 487 474 488 472 486 500 502 498 494 450 435 471 499 508 487 486 473 496 490 497 489 447 458 488 459 450 459 454 459 462 444 464 485 453 437 431 430 465 440 439 454 423 420 433 462 486 465 468 466 464 452 457 472 456 452 452 447 450 442 419 454 470 441 449 480 479 446 432 459 483 490 486 480 457 477 447 445 467 480 478 488 490 467 452 464 433 466 493 466 470 462 441 464 469 479 454 453 441 455 454 476 476 459 437 460 459 474 439 462 466 437 457 491 500 470 492 483 467 471 468 500 484 482 482 465 470 486 484 471 455 433 465 417 404 439 458 441 438 421 448 439 443 481 499 489 454 456 450 443 460 471 465 471 479 485 478 496 496 488 443 417 411 451 429 468 487 475 459 444 445 470 439 434 471 474 474 456 468 444 432 435 459 470 454 439 427 450 442 460 427 442 462 487 504 490 471 497 489 467 478 466 457 457 443 446 460 462 470 458 451 437 460 483 485 488 483 482 478 476 469 481 460 465 453 463 469 448 483 487 475 466 478 467 475 446 455 467 486 488 462 439 442 453 460 452 463 475 491 482 487 450 452 460 456 457 474 461 440 452 466 478 459 463 478 454 453 444 446 488 461 445 473 468 489 470 463 466 491 491 484 494 448 444 472 465 441 460 463 487 491 492 462 463 463 468 477 480 473 442 461 468 432 426 472 473 476 475 478 453 465 475 478 477 470 458 463 450 461 470 440 449 469 442 460 472 483 452 454 455 461 485 488 454 464 457 470 485 464 446 441 463 484 448 447 452 454 453 452 445 474 490 474 480 478 453 449 431 434 419 435 443 464 476 468 458 471 472 457 454 460 470 472 478 481 468 464 436 441 452 469 460 454 475 500 491 489 471 473 466 481 472 461 439 477 476 471 451 447 451 459 442 443 450 439 480 455 429 453 461 480 481 446 461 447 446 458 423 425 466 472 459 452 472 485 462 443 458 439 449 468 475 461 468 457 459 453 478 475 450 446 429 452 488 476 472 503 480 499 484 460 452 474 500 516 492 462 468 466 463 457 440 436 482 466 439 438 460 448 471 479 469 471 476 475 468 458 443 430 450 432 419 442 435 440 475 480 487 466 473 448 476 458 464 433 434 471 462 448 400 406 446 471 449 453 463 477 483 457 471 442 476 498 507 451 432 479 465 448 468 475 457 466 489 481 481 475 477 451 469 465 447 441 440 427 454 452 469 471 475 477 476 469 477 462 455 405 422 425 425 468 452 443 458 460 449 441 441 449 461 430 456 467 475 439 475 470 499 500 503 485 480 469 453 455 444 433 435 438 446 462 462 443 452 459 461 473 461 499 480 476 439 456 457 450 479 488 466 493 480 459 446 459 462 474 476 459 463 483 468 458 476 472 477 479 459 460 490 487 481 462 457 449 463 456 460 461 467 488 473 475 464 444 433 452 466 456 454 459 435 424 448 470 477 431 441 459 467 465 458 469 481 468 451 468 435 434 434 432 459 449 447 432 402 447 475 455 467 464 468 475 470 478 468 504 515 472 448 478 469 453 460 463 466 479 487 467 462 444 482 495 465 454 459 458 448 431 422 439 451 440 484 478 467 459 474 472 475 482 503 484 481 480 469 499 485 458 441 435 441 472 464 447 469 483 477 475 447 472 492 466 447 434 460 502 503 479 481 485 483 490 474 496 488 501 474 457 449 484 521 483 462 449 440 
vem trace:

