SDId: 34728298
energy: 4.90185e+17
zenith: 0.670981
azimuth: 3.39046
GPSSeconc: 1126647047
stid: 341
spdistance: 6966.37
radio trace:
583 598 608 592 560 532 534 555 542 542 522 514 470 467 498 494 545 560 546 513 517 560 526 514 495 533 557 541 536 528 533 526 538 541 518 544 493 460 481 523 487 485 519 487 544 568 501 511 513 497 525 534 535 550 570 565 560 550 552 514 481 523 540 522 496 522 525 536 532 520 517 511 559 548 557 549 536 519 557 525 497 488 478 505 514 541 519 498 535 511 545 532 507 532 531 554 584 583 598 594 577 557 549 580 558 525 544 531 512 526 561 541 506 509 511 527 565 537 544 561 557 542 538 504 485 482 533 493 501 510 532 565 548 560 562 549 528 521 546 566 542 518 542 511 488 498 531 547 503 498 513 510 491 505 526 524 523 548 507 462 495 554 568 541 508 525 562 557 534 525 538 533 585 565 581 561 570 520 518 533 500 487 489 475 516 497 503 477 520 547 535 504 508 522 534 530 544 527 527 541 515 504 498 525 561 582 556 569 567 546 576 543 563 567 583 524 520 490 503 524 543 558 557 562 537 533 513 494 533 541 532 540 495 491 494 543 573 548 566 584 541 504 518 503 530 512 523 546 556 547 528 523 521 562 546 558 570 501 496 499 481 498 503 530 512 551 532 498 520 528 476 471 521 526 501 510 501 472 499 557 544 503 482 466 485 483 501 545 551 581 611 594 612 602 560 569 568 555 512 504 502 501 557 559 542 527 525 529 525 525 517 508 499 480 517 553 561 558 546 519 510 566 584 523 490 478 455 445 487 535 537 520 530 550 566 547 555 517 502 483 457 475 502 529 470 484 536 542 522 586 585 543 508 478 487 515 524 569 553 530 528 548 584 549 509 559 594 559 543 525 551 534 524 520 511 530 533 556 563 562 552 522 514 510 522 507 535 524 522 521 544 542 551 535 523 500 515 564 534 574 583 540 532 536 518 532 518 495 508 561 561 578 554 533 506 556 583 564 545 521 545 516 502 491 496 510 473 499 504 508 567 546 537 502 510 512 526 532 559 519 542 549 551 534 503 527 544 521 542 515 520 507 486 477 485 493 505 489 471 455 515 546 521 518 512 498 512 519 511 525 511 519 556 543 533 519 529 522 515 483 515 492 497 508 528 503 512 506 472 459 461 481 493 491 472 497 539 551 532 526 557 558 531 511 542 519 532 563 530 527 534 480 485 500 528 550 558 553 580 552 505 508 498 502 533 553 533 536 513 528 534 515 516 514 516 522 526 545 541 497 504 489 529 550 515 520 513 527 533 505 534 543 508 516 532 585 562 573 568 557 537 562 559 555 530 542 529 494 508 529 543 546 537 540 560 540 514 548 548 518 506 533 513 521 506 511 551 545 528 529 552 516 513 535 514 497 516 551 560 559 544 501 521 553 565 523 509 526 497 492 506 517 534 527 540 521 515 504 524 545 524 495 502 498 495 550 534 500 528 534 520 513 526 515 519 542 554 566 529 530 549 548 495 505 538 537 547 560 528 534 528 504 514 488 508 515 514 505 510 528 491 448 496 598 584 560 562 563 583 564 521 482 510 516 503 508 520 513 491 456 478 491 487 536 537 590 534 509 497 477 496 507 481 483 495 478 487 492 500 527 593 549 528 539 546 571 544 547 514 496 562 576 555 535 533 538 532 503 504 481 476 513 504 516 497 478 538 566 560 566 601 564 576 580 541 533 546 556 553 486 512 523 546 590 562 545 546 512 503 531 544 528 529 514 559 550 508 551 569 565 559 592 560 560 541 548 538 524 
vem trace:

stid: 341
spdistance: 6966.37
radio trace:
583 598 608 592 560 532 534 555 542 542 522 514 470 467 498 494 545 560 546 513 517 560 526 514 495 533 557 541 536 528 533 526 538 541 518 544 493 460 481 523 487 485 519 487 544 568 501 511 513 497 525 534 535 550 570 565 560 550 552 514 481 523 540 522 496 522 525 536 532 520 517 511 559 548 557 549 536 519 557 525 497 488 478 505 514 541 519 498 535 511 545 532 507 532 531 554 584 583 598 594 577 557 549 580 558 525 544 531 512 526 561 541 506 509 511 527 565 537 544 561 557 542 538 504 485 482 533 493 501 510 532 565 548 560 562 549 528 521 546 566 542 518 542 511 488 498 531 547 503 498 513 510 491 505 526 524 523 548 507 462 495 554 568 541 508 525 562 557 534 525 538 533 585 565 581 561 570 520 518 533 500 487 489 475 516 497 503 477 520 547 535 504 508 522 534 530 544 527 527 541 515 504 498 525 561 582 556 569 567 546 576 543 563 567 583 524 520 490 503 524 543 558 557 562 537 533 513 494 533 541 532 540 495 491 494 543 573 548 566 584 541 504 518 503 530 512 523 546 556 547 528 523 521 562 546 558 570 501 496 499 481 498 503 530 512 551 532 498 520 528 476 471 521 526 501 510 501 472 499 557 544 503 482 466 485 483 501 545 551 581 611 594 612 602 560 569 568 555 512 504 502 501 557 559 542 527 525 529 525 525 517 508 499 480 517 553 561 558 546 519 510 566 584 523 490 478 455 445 487 535 537 520 530 550 566 547 555 517 502 483 457 475 502 529 470 484 536 542 522 586 585 543 508 478 487 515 524 569 553 530 528 548 584 549 509 559 594 559 543 525 551 534 524 520 511 530 533 556 563 562 552 522 514 510 522 507 535 524 522 521 544 542 551 535 523 500 515 564 534 574 583 540 532 536 518 532 518 495 508 561 561 578 554 533 506 556 583 564 545 521 545 516 502 491 496 510 473 499 504 508 567 546 537 502 510 512 526 532 559 519 542 549 551 534 503 527 544 521 542 515 520 507 486 477 485 493 505 489 471 455 515 546 521 518 512 498 512 519 511 525 511 519 556 543 533 519 529 522 515 483 515 492 497 508 528 503 512 506 472 459 461 481 493 491 472 497 539 551 532 526 557 558 531 511 542 519 532 563 530 527 534 480 485 500 528 550 558 553 580 552 505 508 498 502 533 553 533 536 513 528 534 515 516 514 516 522 526 545 541 497 504 489 529 550 515 520 513 527 533 505 534 543 508 516 532 585 562 573 568 557 537 562 559 555 530 542 529 494 508 529 543 546 537 540 560 540 514 548 548 518 506 533 513 521 506 511 551 545 528 529 552 516 513 535 514 497 516 551 560 559 544 501 521 553 565 523 509 526 497 492 506 517 534 527 540 521 515 504 524 545 524 495 502 498 495 550 534 500 528 534 520 513 526 515 519 542 554 566 529 530 549 548 495 505 538 537 547 560 528 534 528 504 514 488 508 515 514 505 510 528 491 448 496 598 584 560 562 563 583 564 521 482 510 516 503 508 520 513 491 456 478 491 487 536 537 590 534 509 497 477 496 507 481 483 495 478 487 492 500 527 593 549 528 539 546 571 544 547 514 496 562 576 555 535 533 538 532 503 504 481 476 513 504 516 497 478 538 566 560 566 601 564 576 580 541 533 546 556 553 486 512 523 546 590 562 545 546 512 503 531 544 528 529 514 559 550 508 551 569 565 559 592 560 560 541 548 538 524 
vem trace:

