SDId: 34528867
energy: 4.11075e+18
zenith: 1.07439
azimuth: 2.6762
GPSSeconc: 1125432888
stid: 332
spdistance: 559.741
radio trace:
538 554 555 566 549 575 611 563 546 568 575 564 546 551 571 574 576 578 576 586 579 581 585 573 560 583 600 579 493 485 524 547 583 554 498 523 522 529 579 602 570 610 613 611 627 609 566 574 582 572 579 582 619 624 588 547 556 549 541 547 551 542 546 527 532 566 541 503 509 525 556 583 571 559 537 536 551 553 563 567 596 588 559 562 534 534 564 571 587 547 552 545 543 534 536 543 520 514 547 553 575 579 579 548 549 589 587 557 563 553 580 547 541 572 580 583 567 577 565 568 560 572 557 562 534 518 555 557 561 528 559 568 579 573 523 542 570 551 553 567 585 597 557 547 582 589 587 573 604 617 562 552 539 525 523 531 510 523 541 565 548 557 541 533 533 540 526 535 545 542 546 538 541 535 522 521 538 553 561 566 584 555 568 518 530 551 545 531 537 559 553 558 548 585 562 560 547 565 576 572 530 511 511 533 563 564 573 568 553 530 542 541 540 540 548 574 558 507 513 490 526 552 550 572 588 578 574 547 531 569 552 527 550 545 586 583 551 519 489 518 550 571 567 582 566 553 528 536 549 554 569 565 575 576 525 562 536 538 543 548 562 599 543 557 560 570 558 537 567 545 560 565 548 559 580 578 559 553 556 589 589 536 550 577 598 598 556 529 537 577 563 504 522 516 528 523 534 519 545 565 566 531 555 578 557 552 561 582 557 553 562 559 563 558 559 542 520 522 564 553 566 551 570 549 573 568 553 526 525 546 554 518 527 517 537 548 598 587 556 558 589 546 574 554 549 580 599 572 544 531 565 560 587 572 577 603 613 577 547 571 573 560 566 564 550 549 580 604 597 549 567 561 544 538 513 525 558 550 584 598 555 543 536 541 530 532 516 520 539 562 548 533 551 517 561 552 572 592 565 546 574 564 533 527 551 574 535 533 582 567 582 586 534 540 551 523 529 534 547 549 533 570 572 604 569 563 550 572 560 554 546 555 589 574 563 553 588 573 571 558 513 539 552 556 558 519 548 558 581 543 527 537 541 567 565 550 553 540 525 534 554 542 569 585 561 530 521 551 551 594 574 551 566 561 577 600 580 560 552 574 581 548 569 554 516 518 505 544 517 524 531 526 552 557 588 613 598 566 589 594 584 571 538 519 532 544 529 546 569 570 592 613 590 562 532 531 486 511 545 537 544 517 529 570 549 547 567 568 552 563 556 559 575 559 548 575 575 618 579 592 618 572 563 548 554 584 561 575 555 566 536 563 609 550 554 550 569 576 558 549 552 549 538 524 536 542 546 586 606 581 569 521 515 532 563 539 580 592 563 553 545 552 561 584 571 548 567 556 588 559 533 562 569 567 576 561 506 526 564 574 538 542 571 612 551 549 553 539 522 550 562 578 543 548 571 583 588 568 535 553 593 612 539 519 523 574 565 534 531 526 568 539 551 574 586 543 547 543 554 560 554 587 589 583 589 593 575 579 560 569 547 548 551 556 538 556 540 538 573 566 527 529 527 533 558 549 540 563 578 550 548 516 547 557 571 569 563 528 549 550 555 551 557 552 561 601 580 549 534 526 546 547 535 523 460 519 528 542 549 533 553 538 570 596 572 539 536 566 581 571 560 538 536 552 541 523 549 543 543 562 558 596 584 585 551 506 540 531 515 560 573 526 534 552 583 551 549 585 591 577 576 550 555 567 550 506 545 550 547 588 586 569 581 590 547 547 539 520 516 528 532 486 538 560 558 555 585 558 
vem trace:

stid: 333
spdistance: 1179.06
radio trace:
450 463 521 536 499 495 466 475 491 431 443 463 501 505 529 540 514 480 489 462 477 482 494 438 448 470 496 498 521 512 478 475 459 475 521 529 501 490 426 427 471 479 460 471 492 463 473 444 482 495 478 476 461 453 449 478 493 536 529 486 486 470 502 516 524 504 496 490 492 496 509 509 498 495 481 501 490 459 484 500 504 500 486 491 490 515 525 535 483 467 492 491 515 536 507 491 455 480 487 477 477 496 524 492 470 502 496 517 503 464 489 473 482 475 444 469 443 444 463 494 480 459 478 485 494 472 489 491 504 542 517 508 508 488 489 486 504 494 480 454 454 472 512 509 500 511 487 505 508 465 459 477 467 507 502 489 442 459 496 464 462 454 466 464 473 482 470 457 436 453 485 502 511 514 501 516 501 503 472 496 491 473 424 460 512 523 482 488 491 436 445 456 484 515 487 491 503 512 504 512 516 468 447 491 457 477 488 455 485 494 492 505 473 490 512 494 487 509 520 499 494 515 525 523 526 486 473 441 483 488 502 494 497 507 467 483 495 490 515 508 502 475 482 484 498 471 496 512 514 514 519 492 495 497 497 514 502 483 472 451 467 460 485 494 490 486 474 465 462 469 499 485 492 491 484 503 519 546 542 508 491 493 526 525 510 485 480 481 462 449 431 425 453 480 474 455 442 438 489 505 478 485 444 450 477 449 493 507 501 485 484 503 486 484 484 484 503 501 507 519 506 506 469 412 428 470 461 486 483 462 458 462 474 473 489 495 487 444 456 439 476 467 482 452 471 495 488 504 511 523 497 447 469 497 493 483 516 487 489 476 477 476 499 481 484 454 467 518 502 497 500 478 471 466 472 497 505 506 504 493 487 491 523 497 513 492 472 474 472 472 495 450 493 481 488 511 537 505 479 495 481 465 461 511 522 504 497 509 451 468 505 469 488 487 476 487 488 454 435 428 432 460 466 456 471 504 506 490 458 442 470 480 485 498 479 452 457 465 484 514 523 471 429 476 523 518 505 488 507 504 518 490 489 473 450 470 513 510 496 496 502 542 519 496 454 427 449 498 519 523 534 522 501 459 469 496 528 499 483 472 504 509 508 468 461 466 470 472 465 428 425 433 462 499 493 474 472 460 484 486 495 486 492 486 465 453 488 488 432 441 469 479 482 494 507 517 504 479 490 499 544 530 499 504 488 477 497 498 483 462 465 481 468 473 480 475 477 490 441 427 454 489 477 463 452 489 486 503 488 457 477 510 522 504 492 494 466 480 448 476 477 483 482 476 456 460 500 525 499 523 518 489 514 464 439 450 487 504 482 472 475 502 495 475 474 493 476 480 488 517 492 483 518 486 483 442 416 430 466 512 506 502 494 489 474 449 479 476 498 476 448 424 420 441 422 443 483 506 530 500 500 526 543 508 488 513 495 494 486 480 498 498 512 504 506 502 491 497 471 459 488 495 517 514 501 518 498 486 469 464 492 478 482 480 492 494 466 473 490 489 501 472 448 484 502 522 529 486 467 454 475 498 447 423 439 494 552 571 522 498 502 506 504 524 539 527 492 485 480 522 512 513 499 485 478 461 470 450 440 459 475 487 495 457 456 495 507 517 505 491 492 473 442 454 485 482 500 501 516 504 462 457 447 458 511 505 469 448 487 467 476 477 506 448 472 465 450 464 476 505 529 533 508 459 480 483 462 484 483 523 540 529 494 487 473 514 516 498 491 464 477 506 504 475 486 466 454 477 
vem trace:

stid: 342
spdistance: 1985.05
radio trace:
481 503 523 505 485 477 489 502 491 495 500 486 500 485 504 509 496 499 477 467 477 482 491 515 508 528 536 507 481 479 480 455 465 448 469 495 507 498 506 526 523 489 459 457 472 484 492 507 504 493 491 491 483 504 505 466 461 467 456 433 478 466 432 443 449 462 480 464 489 512 543 524 495 509 483 463 491 518 519 490 470 458 451 479 477 471 489 488 478 509 515 518 515 526 535 543 540 557 551 530 540 483 474 473 475 500 519 478 484 507 502 529 522 500 500 516 505 506 476 450 473 491 511 528 442 505 515 526 509 503 484 428 438 449 476 449 489 514 481 475 483 475 491 493 483 490 461 457 474 478 467 484 461 489 494 470 477 499 523 481 475 488 486 468 462 458 455 508 511 481 507 503 479 473 472 463 506 484 523 538 533 500 521 512 491 498 502 516 458 464 479 479 519 527 520 520 516 498 469 486 453 472 481 513 543 509 513 513 499 508 483 464 509 508 451 483 498 442 469 488 483 451 456 469 462 487 484 454 476 494 505 488 486 461 431 428 426 444 462 475 472 500 480 483 498 471 463 480 487 486 504 494 501 504 501 489 500 499 484 492 499 533 525 499 456 440 451 470 469 496 501 509 497 500 500 487 488 486 490 534 528 483 501 490 494 498 495 487 470 450 433 479 484 498 473 499 485 487 498 481 479 471 464 477 472 469 454 430 455 450 467 478 473 497 459 463 487 484 489 491 493 485 508 481 496 517 505 510 500 501 486 487 477 459 484 483 474 487 475 469 514 504 498 493 509 510 440 436 475 488 490 485 497 497 526 518 517 495 483 474 506 507 503 478 474 494 515 509 486 482 497 496 518 543 520 486 488 522 501 488 507 522 517 515 504 490 503 481 486 498 526 529 540 548 537 531 529 466 471 473 467 511 525 525 484 478 475 490 468 472 490 469 470 498 494 515 515 488 493 485 509 495 474 465 493 490 479 522 484 456 475 499 532 503 486 478 508 499 519 533 529 518 511 459 444 469 489 491 467 465 495 482 476 500 512 478 471 478 484 500 486 502 494 530 507 504 497 506 493 490 493 491 514 502 485 483 511 504 499 483 506 505 477 480 498 497 500 511 509 479 509 526 520 520 547 538 526 503 488 465 461 458 451 492 506 485 485 472 482 498 513 464 457 487 474 488 534 528 499 485 480 470 450 427 461 498 492 523 519 529 514 536 523 498 494 516 502 533 497 468 446 468 481 502 531 519 507 482 464 468 483 477 491 474 465 490 493 497 514 524 480 478 486 505 506 501 493 485 482 482 509 488 488 480 474 493 526 523 502 512 521 496 474 496 514 501 509 498 485 464 485 504 497 476 486 518 495 511 542 523 522 514 496 462 452 442 455 466 481 495 504 495 501 508 507 496 489 470 487 484 507 498 497 479 447 474 497 504 496 493 510 507 492 523 493 512 516 464 444 504 518 522 520 494 472 497 511 507 490 506 504 484 468 515 511 496 505 521 517 518 473 478 465 454 487 478 484 482 493 466 457 464 485 476 454 485 508 537 481 447 460 469 472 444 423 438 470 492 476 468 473 455 468 502 491 454 440 449 454 491 474 491 493 486 474 472 450 495 506 519 497 497 477 470 482 528 506 491 505 500 518 493 468 479 520 521 506 514 437 448 506 529 539 524 485 465 518 510 478 465 520 497 529 487 494 505 520 503 487 488 518 507 495 519 500 479 470 465 488 525 530 522 537 506 455 503 525 515 
vem trace:

