SDId: 34889413
energy: 7.08195e+17
zenith: 0.796612
azimuth: 2.33479
GPSSeconc: 1127649329
stid: 341
spdistance: 592.01
radio trace:
484 469 487 498 479 546 503 529 560 574 567 522 540 546 576 560 498 499 496 524 549 555 535 568 538 496 516 523 512 557 526 512 529 532 506 494 474 496 450 455 464 494 483 502 503 490 515 527 469 477 489 497 487 504 485 450 512 529 556 505 525 504 473 482 482 507 503 511 530 496 516 516 481 459 486 477 474 457 488 478 486 471 497 507 503 523 535 516 494 516 503 495 503 507 507 481 494 531 524 525 545 556 532 543 534 517 494 467 507 546 589 573 557 540 488 495 521 536 561 522 533 532 501 523 524 554 535 528 499 498 518 504 501 500 503 479 514 533 543 497 504 538 541 541 520 526 543 542 520 493 487 536 508 540 540 489 486 472 502 530 493 534 523 525 516 517 512 467 489 486 476 498 504 504 520 497 500 520 540 515 500 540 521 530 511 513 531 513 538 530 500 532 483 443 458 487 492 506 502 503 522 522 498 496 504 481 521 521 507 475 498 520 554 531 535 540 500 502 462 456 482 499 532 549 502 503 509 483 517 514 495 519 522 484 518 574 552 525 488 492 536 526 507 503 533 496 490 511 504 493 494 534 540 546 520 506 498 476 470 489 493 492 482 519 527 504 494 513 512 575 564 580 523 462 483 502 515 517 496 509 513 514 497 489 515 561 558 510 515 549 563 530 496 505 485 489 505 519 517 518 492 472 493 501 482 487 490 502 512 524 486 500 551 520 523 528 520 487 498 564 558 558 522 510 470 485 496 500 525 491 483 491 488 518 518 513 472 464 478 485 482 501 522 497 485 500 514 508 483 478 487 508 523 552 530 504 460 486 457 484 493 475 517 513 497 500 521 512 546 535 529 482 493 473 491 503 530 497 477 495 510 487 494 534 563 511 507 498 493 503 514 522 500 488 482 502 522 520 513 489 490 472 482 488 511 548 541 518 488 489 497 505 525 492 507 545 519 476 500 515 503 512 471 449 479 476 487 467 476 482 461 464 495 494 473 482 513 493 504 527 522 492 493 484 500 527 503 537 497 526 482 477 499 514 502 492 518 535 550 546 527 505 483 466 470 481 502 518 499 524 524 525 548 523 495 507 504 526 514 494 498 502 509 491 503 462 475 518 535 586 551 582 535 512 507 477 507 503 508 545 515 520 508 470 525 550 532 501 512 513 518 513 492 489 548 544 565 517 512 527 539 527 523 518 501 483 502 504 491 500 473 469 468 516 517 545 531 490 516 526 533 554 535 544 491 482 505 526 547 516 518 476 495 497 549 584 570 545 507 432 477 508 515 516 504 480 482 517 493 487 525 541 547 514 476 502 495 532 528 529 546 540 515 497 476 445 488 495 484 511 463 502 499 499 507 494 513 473 496 520 556 558 559 540 567 544 536 515 495 487 483 491 512 508 487 481 510 520 490 493 514 506 508 526 541 496 464 498 557 522 472 474 475 475 491 495 513 516 527 523 534 541 520 505 532 543 537 516 502 517 507 505 484 530 568 497 528 495 502 501 480 499 556 564 507 507 534 531 547 530 483 486 463 476 485 540 541 562 545 519 511 532 529 529 520 507 508 529 539 523 560 534 540 548 518 482 490 499 501 492 508 535 538 546 545 519 459 459 463 504 521 505 489 504 514 505 490 482 457 498 487 498 511 507 486 524 514 477 483 525 543 536 544 563 568 542 512 483 528 529 512 532 506 483 495 484 474 503 503 498 506 537 533 523 514 529 503 494 503 507 509 510 499 488 503 519 542 502 
vem trace:

stid: 341
spdistance: 592.01
radio trace:
484 469 487 498 479 546 503 529 560 574 567 522 540 546 576 560 498 499 496 524 549 555 535 568 538 496 516 523 512 557 526 512 529 532 506 494 474 496 450 455 464 494 483 502 503 490 515 527 469 477 489 497 487 504 485 450 512 529 556 505 525 504 473 482 482 507 503 511 530 496 516 516 481 459 486 477 474 457 488 478 486 471 497 507 503 523 535 516 494 516 503 495 503 507 507 481 494 531 524 525 545 556 532 543 534 517 494 467 507 546 589 573 557 540 488 495 521 536 561 522 533 532 501 523 524 554 535 528 499 498 518 504 501 500 503 479 514 533 543 497 504 538 541 541 520 526 543 542 520 493 487 536 508 540 540 489 486 472 502 530 493 534 523 525 516 517 512 467 489 486 476 498 504 504 520 497 500 520 540 515 500 540 521 530 511 513 531 513 538 530 500 532 483 443 458 487 492 506 502 503 522 522 498 496 504 481 521 521 507 475 498 520 554 531 535 540 500 502 462 456 482 499 532 549 502 503 509 483 517 514 495 519 522 484 518 574 552 525 488 492 536 526 507 503 533 496 490 511 504 493 494 534 540 546 520 506 498 476 470 489 493 492 482 519 527 504 494 513 512 575 564 580 523 462 483 502 515 517 496 509 513 514 497 489 515 561 558 510 515 549 563 530 496 505 485 489 505 519 517 518 492 472 493 501 482 487 490 502 512 524 486 500 551 520 523 528 520 487 498 564 558 558 522 510 470 485 496 500 525 491 483 491 488 518 518 513 472 464 478 485 482 501 522 497 485 500 514 508 483 478 487 508 523 552 530 504 460 486 457 484 493 475 517 513 497 500 521 512 546 535 529 482 493 473 491 503 530 497 477 495 510 487 494 534 563 511 507 498 493 503 514 522 500 488 482 502 522 520 513 489 490 472 482 488 511 548 541 518 488 489 497 505 525 492 507 545 519 476 500 515 503 512 471 449 479 476 487 467 476 482 461 464 495 494 473 482 513 493 504 527 522 492 493 484 500 527 503 537 497 526 482 477 499 514 502 492 518 535 550 546 527 505 483 466 470 481 502 518 499 524 524 525 548 523 495 507 504 526 514 494 498 502 509 491 503 462 475 518 535 586 551 582 535 512 507 477 507 503 508 545 515 520 508 470 525 550 532 501 512 513 518 513 492 489 548 544 565 517 512 527 539 527 523 518 501 483 502 504 491 500 473 469 468 516 517 545 531 490 516 526 533 554 535 544 491 482 505 526 547 516 518 476 495 497 549 584 570 545 507 432 477 508 515 516 504 480 482 517 493 487 525 541 547 514 476 502 495 532 528 529 546 540 515 497 476 445 488 495 484 511 463 502 499 499 507 494 513 473 496 520 556 558 559 540 567 544 536 515 495 487 483 491 512 508 487 481 510 520 490 493 514 506 508 526 541 496 464 498 557 522 472 474 475 475 491 495 513 516 527 523 534 541 520 505 532 543 537 516 502 517 507 505 484 530 568 497 528 495 502 501 480 499 556 564 507 507 534 531 547 530 483 486 463 476 485 540 541 562 545 519 511 532 529 529 520 507 508 529 539 523 560 534 540 548 518 482 490 499 501 492 508 535 538 546 545 519 459 459 463 504 521 505 489 504 514 505 490 482 457 498 487 498 511 507 486 524 514 477 483 525 543 536 544 563 568 542 512 483 528 529 512 532 506 483 495 484 474 503 503 498 506 537 533 523 514 529 503 494 503 507 509 510 499 488 503 519 542 502 
vem trace:

stid: 342
spdistance: 861.267
radio trace:
422 430 451 476 463 471 429 415 423 434 420 434 457 434 434 450 459 446 445 452 455 466 466 446 443 438 433 421 453 453 429 457 479 432 426 414 430 451 432 415 434 466 450 472 484 469 471 449 408 420 454 444 418 433 447 469 459 443 426 429 415 419 459 434 450 455 443 398 383 414 461 460 456 452 461 446 423 448 453 455 462 436 428 443 432 422 443 421 390 374 377 398 435 428 420 417 434 442 451 440 430 448 428 420 401 421 450 431 422 434 445 481 466 427 404 421 430 421 415 427 456 489 456 431 403 423 436 430 442 427 442 450 437 434 444 448 437 450 450 410 386 400 397 383 388 403 400 432 431 411 428 413 442 470 462 450 440 464 458 448 442 442 430 425 452 475 460 471 466 469 467 415 395 442 444 444 424 392 402 424 439 452 477 477 468 457 450 423 426 408 413 431 421 450 442 459 428 420 425 426 417 418 438 444 438 430 439 439 442 431 433 461 462 435 414 442 417 400 411 455 447 431 426 432 423 410 394 419 448 410 423 461 441 423 401 418 415 415 401 425 436 453 432 416 437 435 430 410 434 447 412 421 418 445 439 449 419 432 427 407 414 425 460 465 423 409 431 469 465 439 460 452 469 467 466 444 417 418 449 468 450 426 424 422 421 428 423 408 447 441 431 416 395 424 427 447 405 402 404 398 407 428 449 442 411 423 426 420 416 428 440 464 421 434 441 457 434 444 445 442 438 423 450 423 422 426 444 447 453 459 430 400 392 384 387 410 394 397 438 427 430 443 419 404 408 423 435 412 419 455 437 432 430 466 474 505 471 476 461 463 439 416 428 430 430 427 443 457 448 461 459 450 426 422 442 421 403 410 418 421 427 424 413 437 457 465 466 449 400 429 432 440 456 436 421 451 446 445 459 438 418 447 452 423 424 453 470 482 422 415 413 411 431 444 436 418 427 449 450 423 394 396 406 455 470 483 439 455 436 421 425 447 429 422 412 420 406 404 422 436 440 423 425 446 420 438 461 440 420 434 405 426 435 435 428 394 389 422 441 425 443 438 431 457 474 473 434 431 443 457 446 431 422 473 483 485 464 433 416 430 452 484 464 431 417 450 468 477 478 467 473 466 473 460 418 424 461 471 444 440 429 415 445 435 439 435 433 428 417 409 453 463 453 448 437 425 461 471 487 462 441 439 444 427 451 454 465 454 443 435 419 417 417 422 431 439 412 430 463 454 431 410 402 437 393 396 414 411 422 433 400 403 423 443 408 405 378 413 439 455 462 427 415 430 448 450 449 467 458 464 450 462 455 452 433 445 437 427 415 387 411 424 438 429 408 427 412 427 450 453 419 423 443 431 437 443 471 460 466 421 414 413 423 413 426 432 427 414 412 423 433 446 416 438 452 441 454 472 478 475 457 440 454 452 456 450 470 469 460 437 414 383 390 388 386 415 426 437 429 413 435 444 405 399 404 419 409 434 438 437 417 413 406 406 427 440 426 410 377 384 427 447 445 454 439 453 439 441 409 421 434 423 425 420 437 442 440 415 430 414 432 445 456 426 443 466 435 455 463 453 423 423 443 460 448 436 418 406 427 440 460 477 461 451 450 454 451 459 433 433 429 464 486 457 452 444 443 417 406 420 426 442 423 452 427 433 422 436 454 466 421 420 445 436 451 447 447 453 446 404 430 428 413 413 419 456 428 428 459 428 431 449 445 457 467 483 477 460 450 420 415 402 396 390 378 426 453 468 
vem trace:

stid: 343
spdistance: 907.947
radio trace:
459 454 477 479 477 481 450 474 505 500 478 480 482 466 462 467 441 414 428 452 462 458 483 452 436 455 454 457 447 428 447 454 462 460 451 457 464 490 486 472 471 441 474 501 512 480 454 458 451 459 474 472 453 438 435 476 443 453 452 419 420 463 465 472 433 444 448 485 480 469 459 421 428 420 451 451 451 447 467 457 453 451 442 467 439 447 447 451 450 460 434 463 502 479 463 467 500 495 484 468 464 471 451 446 455 465 482 485 444 404 407 415 424 427 441 453 448 464 469 449 432 449 445 423 466 453 474 483 485 464 472 453 430 445 478 510 478 432 432 455 472 464 451 469 447 487 473 467 451 459 444 449 427 418 451 419 420 441 430 424 446 452 450 461 459 487 478 478 462 476 456 452 468 459 443 450 426 422 447 472 460 401 432 435 449 466 448 436 472 469 468 471 450 425 448 457 450 432 431 479 469 441 454 471 492 501 502 484 438 426 455 444 464 449 454 439 463 438 454 454 474 444 429 419 439 470 463 486 472 481 467 472 459 469 440 457 463 477 495 487 467 480 478 474 465 450 458 481 480 416 427 449 474 476 473 438 429 438 439 442 430 442 449 454 455 449 466 404 413 425 459 446 463 459 467 452 434 422 442 462 475 477 475 462 460 436 426 436 440 466 461 432 423 453 463 449 462 440 443 436 438 460 464 400 419 461 489 485 473 470 485 480 448 470 452 444 442 427 459 445 455 456 430 444 405 446 462 457 443 439 435 450 477 485 450 450 453 471 426 424 448 462 450 475 483 442 412 428 460 415 408 417 442 478 487 443 457 459 471 458 446 466 472 444 438 443 458 477 484 482 478 468 472 464 468 443 437 452 466 461 470 471 464 461 492 485 489 462 457 413 403 416 413 454 474 445 456 459 468 464 484 472 448 468 505 461 424 404 418 423 446 423 451 469 477 494 457 434 450 448 485 493 465 469 463 465 484 493 465 446 473 466 471 462 439 434 431 489 475 457 444 433 475 456 488 468 426 439 444 440 449 460 454 433 451 442 456 462 470 451 465 457 441 456 450 437 452 482 489 464 456 467 476 486 429 423 456 461 445 480 481 431 431 444 448 479 472 459 489 483 436 444 456 453 452 447 425 416 455 449 439 451 447 431 427 422 440 474 481 456 478 468 470 463 465 448 457 456 477 476 469 459 444 409 421 433 451 443 444 429 457 444 462 481 453 456 480 481 447 412 426 450 431 442 436 422 448 497 471 463 450 445 460 445 442 444 447 450 450 480 458 429 413 464 479 499 507 476 468 440 485 482 466 469 450 446 454 447 445 436 425 407 433 450 448 476 490 484 495 478 474 501 468 463 444 430 390 441 446 459 478 461 477 471 461 458 464 477 456 461 464 466 470 483 478 479 467 441 454 422 432 425 445 432 431 431 451 481 452 448 443 452 434 439 453 456 454 482 467 460 461 465 465 495 489 512 493 497 487 488 478 443 434 448 463 461 478 461 427 440 416 416 408 432 427 459 452 434 444 490 453 467 459 463 424 441 453 456 455 451 446 437 452 429 422 431 479 476 439 451 471 458 464 441 449 451 441 451 462 433 443 455 447 437 449 436 473 481 496 488 475 472 470 433 459 441 439 416 427 439 415 418 438 438 432 429 455 439 455 454 442 470 465 487 460 475 473 456 464 457 463 452 445 482 465 485 472 432 440 482 482 520 459 427 451 464 437 461 448 448 469 441 430 431 452 464 459 436 
vem trace:

