SDId: 34575006
energy: 1.00217e+18
zenith: 0.605948
azimuth: 4.27744
GPSSeconc: 1125853877
stid: 341
spdistance: 5952.38
radio trace:
520 512 501 483 494 518 499 505 509 520 514 517 534 504 495 474 477 494 480 521 538 566 525 514 477 480 481 485 500 530 506 493 491 524 547 544 539 517 514 480 484 462 441 512 505 539 526 518 481 494 475 512 519 469 447 444 470 491 469 478 510 489 542 521 518 508 515 507 561 524 565 529 502 495 494 529 535 553 562 555 510 488 454 454 478 485 492 485 484 469 471 453 493 481 448 428 492 514 495 445 477 498 525 467 483 492 479 495 505 484 472 451 510 554 545 553 567 578 525 527 535 519 482 525 566 548 532 548 561 546 558 496 473 477 519 531 531 531 543 517 532 529 499 497 502 527 498 498 522 522 522 536 532 552 540 541 531 514 518 524 520 561 521 528 548 552 532 499 558 547 557 573 563 555 526 499 517 532 485 477 452 458 470 506 470 447 481 500 498 484 477 499 519 503 541 503 559 552 529 554 525 519 521 540 547 531 529 500 475 499 490 508 503 499 490 464 528 493 493 511 508 500 501 496 518 527 541 539 535 541 542 558 522 533 551 539 513 515 525 468 485 459 451 475 502 509 487 475 476 450 507 538 506 481 524 522 493 517 468 488 506 500 511 528 509 499 493 501 520 502 516 518 492 500 508 504 477 484 470 492 552 525 508 527 553 505 475 506 494 487 505 507 521 553 525 507 543 530 499 500 517 514 537 505 469 475 478 491 485 509 542 515 498 488 477 507 517 512 535 524 484 502 540 537 532 500 487 470 499 533 473 475 459 484 507 500 527 514 530 477 507 485 504 504 510 516 532 528 492 488 518 520 524 508 515 514 471 463 506 515 501 535 536 532 540 533 518 476 470 462 487 507 568 540 533 504 467 488 478 466 474 479 518 512 473 469 514 540 594 575 520 497 536 528 541 542 548 509 494 535 535 567 539 510 541 542 556 553 521 510 480 498 503 476 500 478 468 488 497 499 462 503 582 570 516 498 525 477 510 486 499 543 482 472 472 510 539 520 506 488 473 468 466 480 472 466 480 500 513 508 547 548 534 546 568 489 502 523 510 472 485 488 507 486 484 488 516 575 534 518 517 507 510 474 465 502 519 507 518 514 515 511 527 564 526 484 528 546 512 553 549 490 516 532 546 558 516 490 481 486 515 490 476 480 508 523 479 501 514 519 518 511 485 485 550 535 514 506 521 511 492 494 499 515 503 526 570 605 554 555 539 535 539 535 512 489 463 504 494 546 565 566 540 541 528 530 511 485 505 517 537 528 521 483 496 514 536 503 503 505 536 516 503 484 474 448 523 538 530 487 498 562 564 562 525 559 536 534 548 537 526 502 505 527 503 480 501 485 496 507 504 486 489 495 484 474 509 512 507 492 502 552 518 516 515 520 540 535 559 558 532 542 531 508 494 529 531 475 481 496 495 529 545 507 458 504 496 486 469 463 485 512 507 440 457 513 497 493 515 561 535 562 542 514 511 516 523 490 475 494 484 501 504 556 544 554 567 533 540 531 506 503 489 512 525 478 492 540 545 508 497 509 521 517 483 488 484 492 537 551 551 518 489 527 547 532 504 530 535 516 470 463 446 466 493 508 467 423 495 508 516 547 537 522 517 487 503 528 501 466 488 534 544 504 526 557 524 537 487 499 512 538 554 522 516 500 498 518 555 552 540 544 520 481 456 509 549 528 535 523 510 502 481 455 482 510 478 493 466 486 509 510 510 508 485 448 492 510 532 525 531 499 532 516 463 486 515 535 
vem trace:

stid: 341
spdistance: 5952.38
radio trace:
520 512 501 483 494 518 499 505 509 520 514 517 534 504 495 474 477 494 480 521 538 566 525 514 477 480 481 485 500 530 506 493 491 524 547 544 539 517 514 480 484 462 441 512 505 539 526 518 481 494 475 512 519 469 447 444 470 491 469 478 510 489 542 521 518 508 515 507 561 524 565 529 502 495 494 529 535 553 562 555 510 488 454 454 478 485 492 485 484 469 471 453 493 481 448 428 492 514 495 445 477 498 525 467 483 492 479 495 505 484 472 451 510 554 545 553 567 578 525 527 535 519 482 525 566 548 532 548 561 546 558 496 473 477 519 531 531 531 543 517 532 529 499 497 502 527 498 498 522 522 522 536 532 552 540 541 531 514 518 524 520 561 521 528 548 552 532 499 558 547 557 573 563 555 526 499 517 532 485 477 452 458 470 506 470 447 481 500 498 484 477 499 519 503 541 503 559 552 529 554 525 519 521 540 547 531 529 500 475 499 490 508 503 499 490 464 528 493 493 511 508 500 501 496 518 527 541 539 535 541 542 558 522 533 551 539 513 515 525 468 485 459 451 475 502 509 487 475 476 450 507 538 506 481 524 522 493 517 468 488 506 500 511 528 509 499 493 501 520 502 516 518 492 500 508 504 477 484 470 492 552 525 508 527 553 505 475 506 494 487 505 507 521 553 525 507 543 530 499 500 517 514 537 505 469 475 478 491 485 509 542 515 498 488 477 507 517 512 535 524 484 502 540 537 532 500 487 470 499 533 473 475 459 484 507 500 527 514 530 477 507 485 504 504 510 516 532 528 492 488 518 520 524 508 515 514 471 463 506 515 501 535 536 532 540 533 518 476 470 462 487 507 568 540 533 504 467 488 478 466 474 479 518 512 473 469 514 540 594 575 520 497 536 528 541 542 548 509 494 535 535 567 539 510 541 542 556 553 521 510 480 498 503 476 500 478 468 488 497 499 462 503 582 570 516 498 525 477 510 486 499 543 482 472 472 510 539 520 506 488 473 468 466 480 472 466 480 500 513 508 547 548 534 546 568 489 502 523 510 472 485 488 507 486 484 488 516 575 534 518 517 507 510 474 465 502 519 507 518 514 515 511 527 564 526 484 528 546 512 553 549 490 516 532 546 558 516 490 481 486 515 490 476 480 508 523 479 501 514 519 518 511 485 485 550 535 514 506 521 511 492 494 499 515 503 526 570 605 554 555 539 535 539 535 512 489 463 504 494 546 565 566 540 541 528 530 511 485 505 517 537 528 521 483 496 514 536 503 503 505 536 516 503 484 474 448 523 538 530 487 498 562 564 562 525 559 536 534 548 537 526 502 505 527 503 480 501 485 496 507 504 486 489 495 484 474 509 512 507 492 502 552 518 516 515 520 540 535 559 558 532 542 531 508 494 529 531 475 481 496 495 529 545 507 458 504 496 486 469 463 485 512 507 440 457 513 497 493 515 561 535 562 542 514 511 516 523 490 475 494 484 501 504 556 544 554 567 533 540 531 506 503 489 512 525 478 492 540 545 508 497 509 521 517 483 488 484 492 537 551 551 518 489 527 547 532 504 530 535 516 470 463 446 466 493 508 467 423 495 508 516 547 537 522 517 487 503 528 501 466 488 534 544 504 526 557 524 537 487 499 512 538 554 522 516 500 498 518 555 552 540 544 520 481 456 509 549 528 535 523 510 502 481 455 482 510 478 493 466 486 509 510 510 508 485 448 492 510 532 525 531 499 532 516 463 486 515 535 
vem trace:

