SDId: 34593942
energy: 5.31546e+17
zenith: 0.699364
azimuth: 5.4706
GPSSeconc: 1125963000
stid: 341
spdistance: 527.905
radio trace:
468 477 513 529 563 511 498 506 497 521 524 487 469 487 474 509 556 491 505 523 560 552 508 537 529 548 505 505 534 541 514 476 455 462 498 488 506 508 516 496 482 514 480 487 502 508 502 488 490 471 469 506 513 473 481 467 475 461 467 512 491 490 499 473 466 445 448 468 484 494 480 463 472 475 464 480 502 545 549 528 515 510 535 490 484 495 515 477 448 464 490 517 526 526 518 508 489 480 487 457 511 506 452 475 488 476 453 442 460 475 481 472 536 549 553 562 524 509 513 498 500 511 520 507 532 518 492 470 493 488 493 541 484 471 470 485 471 440 456 468 480 467 485 482 482 453 444 440 425 459 474 489 470 464 493 489 490 481 487 464 506 504 492 493 504 509 494 488 469 442 445 505 579 549 483 484 507 528 501 477 500 504 512 542 522 489 509 480 470 463 463 451 453 500 513 521 486 478 496 503 491 481 486 471 458 468 471 448 456 483 514 539 502 491 522 524 507 503 468 470 477 468 526 512 539 519 535 523 497 482 518 477 457 500 483 473 493 501 528 535 527 541 527 519 487 496 481 537 560 519 503 502 497 471 495 493 512 534 515 473 457 485 505 511 502 507 492 499 515 523 525 499 482 449 499 513 520 529 536 495 487 509 498 509 529 504 530 547 535 506 454 450 489 494 519 496 535 534 501 486 519 519 490 506 526 475 433 473 507 471 498 513 545 529 504 491 490 516 501 491 510 487 444 460 468 512 482 480 485 513 497 508 534 527 513 534 512 514 505 489 492 495 510 512 524 520 544 526 497 501 506 483 485 477 476 491 558 571 577 559 562 530 534 527 490 502 466 454 484 505 528 510 472 485 488 454 479 524 506 503 507 525 480 491 532 492 463 447 456 486 504 490 492 493 481 472 491 466 529 533 484 490 528 527 512 506 498 487 485 481 469 461 431 463 482 456 483 520 530 512 476 505 513 508 453 481 434 475 524 533 495 499 487 430 429 465 496 519 518 493 491 534 516 483 462 504 473 461 487 492 550 549 512 507 506 496 500 491 476 452 442 443 462 487 449 453 475 505 481 521 505 455 497 486 495 526 559 570 540 534 528 490 509 514 503 520 517 530 516 505 536 507 522 528 532 490 515 524 508 521 490 494 505 498 475 492 513 490 488 476 468 494 515 492 462 509 505 501 462 450 472 466 467 540 546 542 511 509 482 482 483 519 516 490 492 470 480 512 482 475 504 493 466 449 472 469 473 481 479 506 528 530 515 493 505 503 503 534 518 492 506 486 490 492 496 454 495 533 516 500 482 469 490 485 527 530 533 502 504 516 502 467 466 497 482 494 531 526 525 529 494 493 479 506 518 556 538 539 534 518 461 446 460 483 479 491 506 491 478 488 486 510 533 513 501 487 469 450 428 436 489 514 482 488 507 518 513 499 507 491 493 521 543 554 543 511 482 467 499 526 483 479 469 490 487 550 553 543 531 508 549 554 541 549 535 502 507 485 477 512 533 530 521 523 532 527 500 483 498 526 548 528 503 509 482 477 529 506 482 502 505 524 527 518 515 541 526 511 500 511 474 469 447 451 452 452 454 450 453 481 514 491 500 506 506 517 521 484 520 482 468 492 499 547 545 488 490 514 521 498 474 499 483 469 472 494 486 511 504 489 516 497 492 464 457 497 475 479 482 502 498 521 507 474 465 457 497 507 487 489 501 493 490 478 466 464 478 450 487 491 471 456 476 476 490 481 474 484 
vem trace:

stid: 341
spdistance: 527.905
radio trace:
468 477 513 529 563 511 498 506 497 521 524 487 469 487 474 509 556 491 505 523 560 552 508 537 529 548 505 505 534 541 514 476 455 462 498 488 506 508 516 496 482 514 480 487 502 508 502 488 490 471 469 506 513 473 481 467 475 461 467 512 491 490 499 473 466 445 448 468 484 494 480 463 472 475 464 480 502 545 549 528 515 510 535 490 484 495 515 477 448 464 490 517 526 526 518 508 489 480 487 457 511 506 452 475 488 476 453 442 460 475 481 472 536 549 553 562 524 509 513 498 500 511 520 507 532 518 492 470 493 488 493 541 484 471 470 485 471 440 456 468 480 467 485 482 482 453 444 440 425 459 474 489 470 464 493 489 490 481 487 464 506 504 492 493 504 509 494 488 469 442 445 505 579 549 483 484 507 528 501 477 500 504 512 542 522 489 509 480 470 463 463 451 453 500 513 521 486 478 496 503 491 481 486 471 458 468 471 448 456 483 514 539 502 491 522 524 507 503 468 470 477 468 526 512 539 519 535 523 497 482 518 477 457 500 483 473 493 501 528 535 527 541 527 519 487 496 481 537 560 519 503 502 497 471 495 493 512 534 515 473 457 485 505 511 502 507 492 499 515 523 525 499 482 449 499 513 520 529 536 495 487 509 498 509 529 504 530 547 535 506 454 450 489 494 519 496 535 534 501 486 519 519 490 506 526 475 433 473 507 471 498 513 545 529 504 491 490 516 501 491 510 487 444 460 468 512 482 480 485 513 497 508 534 527 513 534 512 514 505 489 492 495 510 512 524 520 544 526 497 501 506 483 485 477 476 491 558 571 577 559 562 530 534 527 490 502 466 454 484 505 528 510 472 485 488 454 479 524 506 503 507 525 480 491 532 492 463 447 456 486 504 490 492 493 481 472 491 466 529 533 484 490 528 527 512 506 498 487 485 481 469 461 431 463 482 456 483 520 530 512 476 505 513 508 453 481 434 475 524 533 495 499 487 430 429 465 496 519 518 493 491 534 516 483 462 504 473 461 487 492 550 549 512 507 506 496 500 491 476 452 442 443 462 487 449 453 475 505 481 521 505 455 497 486 495 526 559 570 540 534 528 490 509 514 503 520 517 530 516 505 536 507 522 528 532 490 515 524 508 521 490 494 505 498 475 492 513 490 488 476 468 494 515 492 462 509 505 501 462 450 472 466 467 540 546 542 511 509 482 482 483 519 516 490 492 470 480 512 482 475 504 493 466 449 472 469 473 481 479 506 528 530 515 493 505 503 503 534 518 492 506 486 490 492 496 454 495 533 516 500 482 469 490 485 527 530 533 502 504 516 502 467 466 497 482 494 531 526 525 529 494 493 479 506 518 556 538 539 534 518 461 446 460 483 479 491 506 491 478 488 486 510 533 513 501 487 469 450 428 436 489 514 482 488 507 518 513 499 507 491 493 521 543 554 543 511 482 467 499 526 483 479 469 490 487 550 553 543 531 508 549 554 541 549 535 502 507 485 477 512 533 530 521 523 532 527 500 483 498 526 548 528 503 509 482 477 529 506 482 502 505 524 527 518 515 541 526 511 500 511 474 469 447 451 452 452 454 450 453 481 514 491 500 506 506 517 521 484 520 482 468 492 499 547 545 488 490 514 521 498 474 499 483 469 472 494 486 511 504 489 516 497 492 464 457 497 475 479 482 502 498 521 507 474 465 457 497 507 487 489 501 493 490 478 466 464 478 450 487 491 471 456 476 476 490 481 474 484 
vem trace:

stid: 332
spdistance: 1094.68
radio trace:
517 527 504 529 531 521 538 542 537 540 540 515 506 533 534 563 543 536 540 542 525 542 551 502 508 513 521 521 530 522 524 513 483 550 550 533 495 478 491 529 503 527 550 544 533 534 519 550 496 489 521 520 506 496 486 508 523 562 553 569 588 571 504 525 519 528 523 575 550 518 532 541 520 518 491 487 523 524 538 559 521 541 520 526 544 519 509 512 554 531 499 525 545 552 507 514 525 519 523 517 541 557 540 531 486 495 522 494 492 531 550 563 543 525 553 521 511 542 510 519 497 491 459 478 503 507 520 555 568 557 518 543 576 517 534 561 555 514 518 552 574 556 575 537 550 525 526 548 555 542 516 527 533 531 533 556 541 534 538 548 557 496 511 539 530 524 531 556 506 521 529 535 523 557 562 577 543 527 534 542 527 533 523 500 515 520 533 531 549 536 536 546 554 473 498 508 504 506 521 553 559 509 519 495 493 498 491 500 493 504 518 525 542 548 535 530 533 539 552 566 512 500 482 541 520 494 528 555 540 556 568 521 515 523 550 579 571 561 551 557 552 538 512 533 547 569 565 532 520 534 552 536 553 567 571 588 568 558 579 552 503 555 517 495 502 483 498 484 545 530 557 536 564 541 528 491 491 502 503 527 576 570 543 560 547 536 558 556 548 516 502 508 529 529 550 552 560 561 514 520 534 541 535 511 513 534 497 501 521 519 563 593 555 507 558 588 502 542 562 541 500 517 520 549 564 561 568 537 529 509 524 552 556 575 571 589 594 555 508 525 519 526 520 557 544 547 568 527 508 527 570 582 563 556 487 479 508 482 521 526 537 548 532 517 505 525 491 505 584 601 565 541 558 543 545 560 544 553 563 550 496 471 520 556 548 519 519 510 524 520 526 556 526 547 528 524 548 544 547 547 547 561 529 524 523 512 535 512 515 543 536 534 544 582 528 525 520 551 561 554 561 545 500 497 522 516 530 506 485 486 513 501 505 509 539 516 527 530 540 547 521 543 516 546 526 504 524 525 515 472 496 485 490 523 540 543 544 531 520 528 511 513 497 524 547 522 497 475 514 507 542 536 527 558 553 558 549 546 551 528 518 526 527 533 530 549 554 570 533 489 503 512 534 521 523 519 518 507 500 507 530 524 520 554 569 540 568 540 549 527 488 504 500 503 519 504 529 522 503 514 522 548 533 536 519 546 535 550 559 547 522 547 568 537 531 548 563 520 527 536 557 513 520 487 506 524 527 539 530 545 539 547 545 547 501 551 547 521 500 497 517 491 489 504 510 538 517 537 570 573 578 540 561 538 550 556 523 530 511 534 535 516 524 537 547 534 559 560 531 517 522 515 525 531 531 496 495 508 556 597 561 529 553 552 582 560 581 567 521 532 526 504 526 534 523 549 516 507 522 502 516 506 487 498 524 548 550 554 534 535 503 529 556 565 583 590 571 575 581 542 510 493 510 490 477 519 539 545 565 541 540 529 505 503 513 520 524 501 455 487 479 499 536 529 570 574 528 529 514 516 531 489 486 502 509 500 472 507 545 535 508 490 462 489 488 507 511 515 550 519 501 512 503 537 547 512 505 508 488 511 528 508 516 531 527 527 541 533 486 502 507 526 504 543 559 504 515 518 507 534 515 485 495 544 531 498 479 506 511 541 551 482 485 490 508 534 557 601 602 557 559 568 529 551 558 553 548 586 540 556 516 512 529 520 526 545 540 548 529 533 510 549 520 508 495 501 526 538 
vem trace:

