SDId: 34498098
energy: 4.52906e+18
zenith: 0.975207
azimuth: 1.13271
GPSSeconc: 1125239856
stid: 341
spdistance: 1247.12
radio trace:
519 514 510 526 518 532 519 548 562 529 529 566 541 543 515 482 475 512 535 515 503 512 537 538 518 517 558 524 498 499 503 519 558 553 520 490 475 473 477 481 494 513 507 537 576 547 496 490 520 565 538 505 525 502 490 521 550 540 517 518 509 483 474 492 513 504 508 501 504 525 529 512 524 504 525 514 522 500 525 535 529 520 524 502 530 552 564 539 547 533 510 466 510 518 510 526 522 484 511 526 521 511 512 523 574 520 491 488 497 535 488 467 510 460 483 519 523 552 506 515 544 565 537 524 553 562 537 511 505 489 486 491 550 562 539 482 491 517 538 491 487 540 556 564 587 570 602 606 576 573 546 530 502 503 521 536 545 527 528 559 553 575 567 545 549 572 568 524 488 480 501 510 540 550 544 533 496 516 563 586 574 532 490 564 559 565 532 504 511 484 509 511 497 496 517 528 525 503 490 512 535 538 527 547 491 498 542 580 560 527 505 483 468 490 512 535 526 544 519 511 521 547 523 526 518 547 547 536 575 540 484 503 514 532 551 522 521 500 446 489 494 476 507 511 512 523 556 588 569 536 524 509 526 534 551 527 484 522 528 549 491 476 527 544 536 518 512 469 501 514 496 515 532 537 529 436 480 539 528 509 521 527 528 563 519 501 521 502 469 489 526 543 561 563 549 513 532 530 516 521 511 509 467 477 505 471 474 460 487 506 523 504 520 561 550 503 518 531 534 562 547 545 526 516 511 517 521 528 546 547 537 531 509 501 484 512 489 475 493 541 553 510 513 499 513 524 570 549 553 536 536 535 516 499 486 497 520 532 538 553 470 500 491 498 469 455 470 498 506 527 502 477 478 511 513 504 518 533 535 514 485 499 494 499 489 498 525 560 505 516 558 535 516 506 510 523 510 502 513 493 498 563 576 549 583 552 607 582 568 541 520 485 485 508 495 490 531 517 491 502 522 477 459 495 518 518 521 548 564 555 556 522 478 493 491 503 494 510 525 518 528 502 520 514 524 527 523 519 515 497 571 569 564 540 544 542 521 514 514 517 529 542 544 534 556 536 536 469 493 447 486 534 525 554 569 598 539 522 516 529 514 555 540 515 508 504 492 503 508 492 455 482 481 464 445 497 527 522 512 463 500 498 502 504 480 530 492 505 561 521 526 522 546 568 550 498 483 513 543 488 482 491 512 529 517 520 547 502 474 500 494 489 474 531 516 521 521 520 512 520 503 527 561 564 543 519 495 510 533 511 480 485 515 538 525 528 507 529 519 501 509 517 508 506 525 525 519 526 535 520 468 492 532 516 483 422 465 476 476 530 514 517 565 559 545 509 536 526 558 540 552 563 561 548 526 529 553 526 515 510 499 497 516 507 495 484 502 507 539 598 555 544 534 522 494 495 486 525 547 569 519 541 561 548 517 493 542 568 543 524 514 490 501 518 497 512 534 532 545 516 514 469 464 452 482 536 557 561 537 548 581 561 543 490 470 448 443 482 525 546 580 569 559 567 544 525 509 472 514 546 558 555 541 548 531 539 490 486 515 534 500 492 523 565 568 550 494 515 536 534 543 574 540 503 542 576 561 539 550 497 479 494 525 512 542 554 556 589 575 566 552 581 570 530 550 537 522 535 546 540 554 516 528 509 525 511 506 526 543 499 540 534 516 509 511 531 510 510 513 563 551 544 508 519 513 512 526 532 545 533 549 538 522 516 521 505 531 559 563 530 495 485 479 493 527 522 490 511 
vem trace:

stid: 341
spdistance: 1247.12
radio trace:
519 514 510 526 518 532 519 548 562 529 529 566 541 543 515 482 475 512 535 515 503 512 537 538 518 517 558 524 498 499 503 519 558 553 520 490 475 473 477 481 494 513 507 537 576 547 496 490 520 565 538 505 525 502 490 521 550 540 517 518 509 483 474 492 513 504 508 501 504 525 529 512 524 504 525 514 522 500 525 535 529 520 524 502 530 552 564 539 547 533 510 466 510 518 510 526 522 484 511 526 521 511 512 523 574 520 491 488 497 535 488 467 510 460 483 519 523 552 506 515 544 565 537 524 553 562 537 511 505 489 486 491 550 562 539 482 491 517 538 491 487 540 556 564 587 570 602 606 576 573 546 530 502 503 521 536 545 527 528 559 553 575 567 545 549 572 568 524 488 480 501 510 540 550 544 533 496 516 563 586 574 532 490 564 559 565 532 504 511 484 509 511 497 496 517 528 525 503 490 512 535 538 527 547 491 498 542 580 560 527 505 483 468 490 512 535 526 544 519 511 521 547 523 526 518 547 547 536 575 540 484 503 514 532 551 522 521 500 446 489 494 476 507 511 512 523 556 588 569 536 524 509 526 534 551 527 484 522 528 549 491 476 527 544 536 518 512 469 501 514 496 515 532 537 529 436 480 539 528 509 521 527 528 563 519 501 521 502 469 489 526 543 561 563 549 513 532 530 516 521 511 509 467 477 505 471 474 460 487 506 523 504 520 561 550 503 518 531 534 562 547 545 526 516 511 517 521 528 546 547 537 531 509 501 484 512 489 475 493 541 553 510 513 499 513 524 570 549 553 536 536 535 516 499 486 497 520 532 538 553 470 500 491 498 469 455 470 498 506 527 502 477 478 511 513 504 518 533 535 514 485 499 494 499 489 498 525 560 505 516 558 535 516 506 510 523 510 502 513 493 498 563 576 549 583 552 607 582 568 541 520 485 485 508 495 490 531 517 491 502 522 477 459 495 518 518 521 548 564 555 556 522 478 493 491 503 494 510 525 518 528 502 520 514 524 527 523 519 515 497 571 569 564 540 544 542 521 514 514 517 529 542 544 534 556 536 536 469 493 447 486 534 525 554 569 598 539 522 516 529 514 555 540 515 508 504 492 503 508 492 455 482 481 464 445 497 527 522 512 463 500 498 502 504 480 530 492 505 561 521 526 522 546 568 550 498 483 513 543 488 482 491 512 529 517 520 547 502 474 500 494 489 474 531 516 521 521 520 512 520 503 527 561 564 543 519 495 510 533 511 480 485 515 538 525 528 507 529 519 501 509 517 508 506 525 525 519 526 535 520 468 492 532 516 483 422 465 476 476 530 514 517 565 559 545 509 536 526 558 540 552 563 561 548 526 529 553 526 515 510 499 497 516 507 495 484 502 507 539 598 555 544 534 522 494 495 486 525 547 569 519 541 561 548 517 493 542 568 543 524 514 490 501 518 497 512 534 532 545 516 514 469 464 452 482 536 557 561 537 548 581 561 543 490 470 448 443 482 525 546 580 569 559 567 544 525 509 472 514 546 558 555 541 548 531 539 490 486 515 534 500 492 523 565 568 550 494 515 536 534 543 574 540 503 542 576 561 539 550 497 479 494 525 512 542 554 556 589 575 566 552 581 570 530 550 537 522 535 546 540 554 516 528 509 525 511 506 526 543 499 540 534 516 509 511 531 510 510 513 563 551 544 508 519 513 512 526 532 545 533 549 538 522 516 521 505 531 559 563 530 495 485 479 493 527 522 490 511 
vem trace:

stid: 343
spdistance: 2078.63
radio trace:
453 459 454 462 429 467 435 457 465 435 427 466 467 476 482 460 477 463 460 457 430 451 441 475 487 477 460 467 451 461 477 419 444 444 449 479 493 501 485 454 453 442 423 423 442 445 422 444 464 482 447 455 451 445 419 435 463 451 453 455 453 435 424 453 442 432 436 454 440 450 474 468 454 430 447 453 457 453 463 477 470 486 482 463 470 462 471 447 430 459 480 473 428 461 471 470 427 422 447 430 413 443 475 455 477 478 498 486 444 459 461 451 447 440 460 473 455 445 447 450 432 429 449 445 436 449 458 467 467 459 462 440 462 468 459 485 477 481 489 482 495 473 489 485 462 460 440 418 438 454 458 467 427 395 427 445 439 455 449 460 442 453 454 432 437 414 445 446 462 476 493 492 474 452 429 469 482 450 443 436 448 458 446 448 458 467 486 470 442 453 442 470 413 406 450 469 451 433 431 430 445 447 423 425 447 440 405 422 428 436 471 476 472 474 437 386 429 458 438 442 453 471 452 436 442 462 472 489 498 493 491 494 484 461 450 465 483 458 462 442 466 471 460 459 463 461 456 486 493 468 475 465 436 430 458 448 443 465 485 481 449 478 471 456 446 444 441 440 456 441 451 426 446 444 469 453 459 441 457 479 477 486 451 437 423 451 472 481 438 438 444 460 438 398 426 447 444 448 443 457 457 449 430 440 444 457 458 447 470 473 469 468 462 447 459 485 454 440 428 430 457 460 487 469 468 467 471 479 476 466 447 419 438 431 455 462 489 484 459 461 448 452 464 452 455 450 431 438 468 434 425 446 442 432 448 462 469 460 414 432 433 448 458 487 457 444 441 478 488 488 508 488 481 455 456 458 440 470 485 486 491 481 486 471 464 444 455 447 427 434 449 480 466 473 450 470 461 461 471 422 416 402 424 439 476 463 475 457 471 455 473 489 468 449 432 457 465 442 440 439 476 455 473 474 495 495 458 491 501 492 443 434 437 436 449 458 447 441 433 448 459 443 460 458 468 486 475 477 430 416 465 450 437 436 423 463 458 456 465 456 433 454 461 470 448 463 457 469 445 451 496 502 487 474 486 460 435 464 447 471 449 432 435 451 453 453 457 468 491 499 524 524 511 482 460 432 426 436 420 444 436 402 444 453 448 465 468 454 468 473 472 474 506 518 500 486 479 454 437 439 476 458 457 457 456 452 441 444 456 449 477 466 454 440 448 465 443 417 465 489 474 464 470 446 442 455 451 442 454 466 453 447 469 480 477 449 450 459 448 454 488 446 448 454 461 449 456 472 445 434 437 457 453 429 434 449 461 453 457 444 444 430 445 457 450 477 477 487 493 452 465 482 509 496 469 450 462 478 476 484 465 452 430 437 454 444 424 452 455 450 422 457 435 451 442 461 472 453 471 477 463 464 442 444 426 443 440 444 432 453 463 453 473 473 451 462 440 442 456 453 467 488 463 450 452 466 477 485 490 509 446 444 434 481 493 446 433 413 421 434 469 459 484 461 452 442 452 466 493 486 452 409 413 446 461 458 485 467 464 445 422 458 426 399 412 439 442 435 429 465 468 452 447 463 482 475 465 451 480 450 429 437 423 449 443 476 480 466 473 505 491 499 474 459 466 475 446 449 442 456 447 432 446 459 464 472 482 472 436 464 461 446 467 475 465 478 460 439 442 451 461 460 441 461 446 460 483 485 471 455 482 489 486 467 478 457 489 475 455 424 442 431 454 444 479 485 461 479 
vem trace:

stid: 332
spdistance: 1327.03
radio trace:
530 504 519 523 540 526 533 552 553 527 554 535 546 573 575 541 550 495 490 508 536 529 538 570 548 521 530 563 573 588 564 553 594 571 557 557 561 519 496 505 515 539 524 525 524 526 505 518 540 539 519 524 508 488 499 527 509 533 524 500 494 508 522 517 505 550 563 536 526 543 558 497 522 512 519 550 568 556 526 539 564 553 550 544 537 537 559 537 528 532 561 563 536 533 534 525 510 508 555 553 559 531 533 531 528 544 530 526 500 523 539 514 528 519 532 546 519 538 531 532 502 515 555 569 596 546 513 517 517 528 575 538 520 578 545 537 528 523 566 562 533 542 533 561 548 554 540 549 572 522 554 557 566 531 503 488 515 554 549 551 553 553 522 529 504 519 513 489 485 523 515 508 547 527 516 523 545 522 536 536 574 555 533 510 523 559 560 540 527 558 548 522 568 551 563 545 548 560 540 552 508 530 560 543 514 490 512 538 543 555 543 538 553 544 571 557 540 545 546 576 590 577 526 535 527 485 517 515 492 524 541 517 571 554 535 491 495 533 550 566 534 547 555 562 524 516 503 519 566 565 583 572 525 512 521 521 573 573 558 568 544 543 554 519 552 546 530 535 549 557 567 549 557 547 569 525 549 557 527 561 530 507 523 536 556 554 546 530 534 559 546 541 539 535 551 566 553 509 517 547 563 561 568 573 591 606 573 543 525 529 512 541 539 496 526 535 559 570 554 514 497 485 505 539 539 555 576 528 532 553 534 569 570 582 584 526 520 541 521 517 511 521 515 550 553 503 494 502 516 545 559 546 537 536 544 516 532 546 562 580 551 535 557 563 533 524 530 525 535 527 551 541 518 525 518 522 541 543 517 544 541 564 578 574 528 528 566 596 595 553 533 547 551 545 541 563 563 558 582 578 571 547 569 547 537 491 475 484 532 543 554 550 527 501 520 545 560 535 545 572 550 561 533 504 520 561 569 552 553 543 534 520 528 555 588 543 544 570 544 520 530 552 573 546 499 490 543 540 514 515 520 517 551 581 569 554 535 557 534 514 516 544 570 564 525 522 523 532 532 498 525 531 518 556 558 559 528 500 532 553 535 556 578 567 537 540 519 511 498 536 511 521 519 547 546 535 530 546 536 548 558 597 562 537 515 541 545 509 500 559 577 565 549 547 537 537 516 507 533 535 556 557 536 542 550 575 576 539 529 515 494 502 522 524 546 550 555 561 559 561 542 496 479 500 540 519 543 535 502 520 513 544 563 553 518 507 523 517 511 519 520 523 538 542 526 503 534 544 563 533 510 517 550 528 525 522 522 545 548 557 523 503 545 544 513 501 507 506 526 513 513 508 539 553 529 524 570 576 560 543 521 516 550 535 511 520 532 559 574 561 528 520 558 544 530 535 524 538 523 546 570 592 551 566 557 557 569 551 535 538 528 537 547 541 548 551 536 536 555 572 572 562 513 534 531 510 530 528 510 525 521 560 569 533 534 546 561 537 559 570 571 560 556 560 541 578 564 538 512 521 519 522 550 534 530 531 556 601 581 558 559 512 529 533 547 562 551 557 547 560 581 570 540 524 534 536 561 543 537 527 503 513 505 548 534 528 561 547 527 524 542 571 558 536 555 577 554 512 515 530 568 559 543 551 550 573 560 532 514 537 567 544 548 565 537 542 546 513 540 547 519 514 522 532 552 549 517 517 541 555 547 538 534 550 557 560 560 523 531 535 554 523 535 536 545 555 524 549 
vem trace:

