SDId: 34495814
energy: 1.00959e+18
zenith: 0.357609
azimuth: 2.25495
GPSSeconc: 1125224348
stid: 333
spdistance: 468.712
radio trace:
436 436 424 422 443 467 433 415 422 440 425 396 413 386 399 391 413 431 395 399 432 418 452 448 417 407 424 420 423 400 402 391 414 412 388 404 377 390 420 403 422 429 451 427 473 457 443 403 403 436 449 443 418 406 411 446 427 389 418 420 380 423 475 447 430 427 439 453 402 430 429 426 415 415 427 421 371 386 385 408 389 391 431 423 400 427 396 401 412 427 392 386 408 434 451 469 483 449 452 405 433 448 393 397 416 462 432 398 399 380 416 457 459 445 408 420 410 399 395 393 420 413 409 379 409 383 383 381 401 425 385 405 431 407 430 426 448 424 401 408 418 438 426 460 427 432 438 450 419 453 432 440 467 441 430 416 424 435 444 452 433 416 429 441 426 411 442 426 419 402 376 409 416 430 397 410 394 404 398 386 412 410 419 438 428 431 425 432 451 457 413 392 392 403 399 432 458 450 432 423 411 405 423 448 476 472 444 405 393 395 369 427 451 470 453 407 406 390 425 446 416 393 416 425 431 426 399 452 444 425 403 381 430 421 418 429 438 425 417 418 402 376 401 392 413 441 407 357 371 401 465 476 479 479 488 478 472 470 427 421 427 390 402 415 385 414 427 412 393 367 383 399 396 422 412 410 368 386 437 434 405 415 402 416 406 410 403 379 407 412 402 390 407 411 422 432 421 382 380 413 421 412 379 390 419 420 403 424 450 456 459 430 422 408 434 407 370 379 388 392 428 453 409 424 434 437 417 431 417 420 424 406 437 420 427 423 405 414 452 487 480 448 455 437 420 442 428 411 451 422 388 376 391 409 431 444 436 419 430 385 398 427 445 429 388 387 408 424 440 478 434 419 436 441 443 431 445 444 448 425 400 407 436 451 439 416 431 405 403 411 403 411 448 411 395 414 400 402 424 423 433 413 393 408 411 425 440 426 419 435 441 392 431 418 440 437 444 425 396 380 413 420 409 370 392 392 399 424 413 388 414 455 435 431 456 406 451 480 465 401 403 430 439 415 391 388 382 406 444 436 431 468 413 416 424 430 448 409 381 403 440 437 421 439 415 409 455 446 424 413 409 404 403 432 416 437 434 444 436 433 446 461 431 421 443 442 426 440 413 355 360 385 416 396 410 446 451 441 432 410 412 432 455 414 391 432 437 429 423 426 388 383 389 402 436 418 403 401 403 412 410 394 370 415 416 409 439 447 414 400 414 420 433 439 402 428 452 439 441 439 446 436 433 389 388 405 395 419 410 417 402 410 453 423 437 432 420 438 423 444 444 452 473 448 451 415 439 471 463 446 435 463 448 432 451 457 448 444 459 450 407 405 414 413 419 445 439 432 424 419 387 371 363 389 417 421 420 432 426 451 433 461 438 438 453 440 421 410 438 464 461 436 433 428 445 456 442 428 381 410 432 436 441 434 409 417 404 412 418 430 405 402 441 403 410 389 398 394 392 435 437 425 420 388 409 401 411 422 436 465 419 411 414 400 414 436 415 446 458 458 454 432 428 426 396 438 441 407 403 396 460 418 403 382 396 385 363 410 451 428 418 424 393 428 458 445 462 453 433 424 399 400 426 424 442 414 413 435 418 391 404 425 447 449 434 405 404 435 425 409 401 430 436 453 450 439 442 415 432 440 392 367 381 387 428 455 434 421 428 414 442 450 401 413 405 406 424 421 446 437 429 444 458 444 460 437 430 426 452 430 409 397 420 431 414 430 415 414 405 420 429 436 473 476 442 432 447 440 
vem trace:

stid: 342
spdistance: 1010.29
radio trace:
398 381 378 392 401 383 365 354 366 377 364 331 358 389 400 377 385 383 403 401 409 400 346 373 355 347 354 367 406 410 405 401 400 405 383 379 390 390 376 381 380 346 381 374 398 391 380 388 387 386 387 382 413 393 415 415 385 410 408 404 426 402 405 393 410 387 398 402 406 400 396 407 421 440 431 437 400 395 402 408 415 412 407 387 380 390 381 407 410 399 392 387 394 401 412 395 398 384 406 384 396 375 392 404 416 381 372 371 403 411 386 357 363 391 414 403 407 402 429 421 417 381 373 360 398 393 396 372 366 381 395 382 398 387 366 360 367 395 385 391 412 383 400 388 382 393 417 437 411 414 417 414 402 388 413 409 398 380 370 355 387 390 398 399 393 384 357 380 413 406 388 397 408 404 407 393 378 365 379 385 387 423 434 417 388 371 392 396 412 416 394 380 365 357 367 378 388 382 382 387 396 397 414 417 395 391 395 397 379 386 355 376 374 378 389 400 392 410 398 387 384 391 378 401 413 410 381 394 364 373 369 376 371 387 383 393 383 379 366 363 369 368 377 372 367 359 354 373 388 410 396 401 416 386 393 381 380 397 402 406 382 369 354 366 393 374 332 353 367 372 390 400 404 403 418 408 408 407 394 405 403 412 419 376 356 379 403 402 367 387 378 383 387 373 390 401 412 415 402 402 397 384 407 384 386 385 377 369 384 382 352 349 373 394 387 386 387 370 366 370 400 393 408 398 408 403 384 386 393 393 404 409 415 387 362 374 364 352 367 376 406 407 388 369 378 398 395 410 408 408 402 411 389 374 375 397 354 364 380 368 374 355 376 390 380 360 396 402 404 382 391 394 385 377 386 378 373 382 364 380 385 372 408 407 388 376 384 400 411 388 383 388 399 399 411 425 417 388 385 378 388 419 417 398 385 376 380 398 429 415 401 396 407 386 396 385 384 383 389 371 363 403 397 382 396 390 393 390 376 362 365 392 413 391 370 411 425 390 377 381 374 356 351 360 376 412 382 388 394 372 390 422 404 405 387 383 390 391 391 417 419 382 370 355 369 349 361 344 351 355 393 404 423 421 398 400 406 407 407 400 400 419 409 423 396 410 416 390 381 383 406 419 416 388 362 407 412 396 404 408 411 409 420 409 400 430 400 375 366 392 408 402 377 366 383 374 380 382 372 395 396 408 418 422 398 379 380 378 379 375 367 381 381 410 389 377 365 357 365 385 378 368 377 366 410 415 409 394 369 358 353 352 359 399 389 369 402 396 381 401 357 371 374 400 383 377 390 385 405 405 411 413 409 404 408 401 396 404 409 403 397 391 382 338 345 336 356 387 399 377 401 421 404 407 407 372 381 386 397 397 394 417 421 386 381 394 353 358 398 383 375 384 370 359 382 398 401 393 401 399 385 390 392 356 348 376 396 401 379 356 351 350 360 394 413 390 363 385 398 405 403 407 401 382 377 384 366 363 392 386 364 364 374 383 380 376 389 393 376 361 369 380 394 399 401 421 421 381 393 372 363 365 377 390 384 400 402 382 365 383 379 359 369 420 448 401 380 370 390 391 389 391 400 381 373 391 393 391 401 396 405 377 392 399 380 355 392 381 403 382 373 373 395 397 397 376 400 399 402 415 417 396 386 380 385 411 390 363 401 375 390 389 366 390 399 407 386 388 404 435 411 393 411 406 382 393 396 384 387 381 382 392 391 371 370 363 387 390 407 411 404 416 401 402 397 398 385 383 
vem trace:

stid: 332
spdistance: 1121.81
radio trace:
556 535 531 523 531 524 507 504 508 538 520 542 523 504 492 446 467 494 489 510 516 506 504 491 504 548 539 546 535 531 530 551 553 541 563 574 547 522 509 505 500 511 518 500 526 517 530 526 484 494 517 521 512 509 497 512 511 528 549 554 517 495 506 509 515 528 557 561 526 535 550 498 498 490 519 527 521 529 519 502 504 496 506 542 535 525 547 558 501 517 511 533 547 537 549 538 554 527 534 565 516 515 522 556 537 514 481 467 475 512 525 538 523 501 489 470 477 511 548 566 540 534 513 548 546 524 536 545 530 530 509 500 520 536 539 549 559 537 534 518 529 507 488 479 501 472 536 561 544 540 568 563 542 534 493 523 521 509 523 483 507 504 513 525 501 511 507 524 538 553 544 536 519 516 521 550 541 550 545 540 544 522 514 538 526 529 550 532 544 521 523 552 546 547 525 538 539 526 536 493 496 526 523 519 521 542 537 513 492 492 457 458 476 471 472 488 505 532 553 525 503 506 524 545 548 578 538 497 520 503 502 516 527 526 531 534 523 517 530 565 556 553 541 537 503 522 485 499 504 532 528 568 552 553 567 554 553 547 509 544 552 529 515 584 534 486 489 527 575 566 537 521 551 568 541 530 498 513 515 521 519 527 529 514 514 522 546 522 553 566 557 561 550 551 538 563 526 518 547 546 545 550 532 506 479 515 500 507 514 504 491 527 524 534 542 534 485 519 518 537 543 517 509 534 519 562 505 504 524 515 516 498 506 533 522 545 542 540 526 489 497 559 576 556 516 517 523 515 530 539 522 518 521 519 533 522 524 548 554 556 510 493 524 530 509 534 537 531 556 523 509 525 528 496 496 531 517 491 508 531 507 511 492 463 455 477 494 512 526 555 534 552 551 501 504 534 530 501 493 514 489 495 517 541 504 532 540 541 553 540 571 573 574 524 519 518 529 542 542 503 500 528 501 525 526 504 524 527 515 508 520 524 524 555 558 519 548 557 529 545 540 560 550 496 509 481 514 514 501 517 559 529 548 515 545 514 528 512 521 550 566 524 532 546 557 557 544 499 542 583 558 535 550 581 548 482 444 468 448 482 532 540 557 546 514 513 538 528 534 527 535 561 538 561 525 500 497 483 477 517 534 530 485 505 511 522 546 556 563 558 562 572 528 501 515 475 444 490 519 545 537 540 532 532 512 536 551 518 510 522 548 535 546 532 519 513 536 521 538 551 556 560 531 541 535 527 501 519 534 481 470 471 480 525 518 517 539 530 507 532 529 550 511 545 535 571 561 513 525 544 534 515 579 558 570 541 509 530 568 549 504 475 491 483 504 536 555 573 546 545 551 500 496 495 497 519 568 543 526 515 511 486 481 484 455 470 503 509 497 501 517 549 537 520 512 491 495 536 553 533 560 529 538 504 464 488 501 545 541 541 516 485 521 546 555 538 491 517 511 522 541 540 549 572 592 575 549 555 554 583 571 532 515 515 530 539 541 570 546 549 525 487 530 522 544 519 518 520 512 524 533 528 529 505 516 502 518 481 487 496 470 504 511 516 530 510 499 478 503 486 482 509 556 553 547 566 525 492 476 468 486 512 492 476 495 524 519 505 523 520 513 461 471 526 563 566 538 572 516 520 524 518 492 497 527 517 528 495 485 533 526 512 506 481 491 533 491 486 508 520 532 488 492 529 536 571 587 601 579 543 537 535 520 502 509 552 527 548 545 495 496 460 460 507 528 531 508 517 
vem trace:

