SDId: 34514135
energy: 7.23671e+17
zenith: 0.104745
azimuth: 6.10964
GPSSeconc: 1125348943
stid: 341
spdistance: 941.382
radio trace:
554 528 525 545 576 540 524 512 527 576 560 530 520 562 578 523 530 526 517 498 562 572 586 559 556 546 583 548 504 487 527 555 596 550 545 519 551 505 535 540 558 565 593 587 586 536 556 567 532 508 466 486 517 523 497 535 588 588 545 537 541 540 545 545 524 524 559 567 535 561 504 534 597 566 541 530 524 515 481 490 547 556 548 510 531 538 508 528 529 527 550 544 500 528 542 538 548 528 550 580 591 598 575 560 535 533 578 574 562 558 515 543 543 525 520 558 577 522 534 490 510 519 511 517 546 555 532 531 550 566 573 596 598 538 545 554 532 522 559 577 592 606 581 555 553 572 523 563 568 524 539 568 554 578 584 606 617 602 590 600 596 581 593 575 534 548 534 575 578 576 555 518 548 548 532 604 570 548 544 527 565 568 555 535 511 509 541 542 533 549 557 563 527 585 586 549 552 561 545 540 529 546 558 512 550 558 500 485 532 523 547 543 538 515 491 483 516 526 524 541 576 575 550 526 535 553 514 521 542 562 592 551 554 549 528 533 559 576 616 589 578 605 577 586 565 555 556 550 533 528 513 473 539 518 539 516 551 544 532 534 535 556 504 504 533 552 578 554 551 565 552 549 542 566 529 485 512 565 584 560 557 530 492 549 571 542 545 536 518 506 505 524 544 530 515 549 564 591 565 548 570 559 540 523 545 556 550 541 545 571 589 594 577 568 525 521 525 547 541 540 530 483 492 529 558 543 551 547 553 530 543 547 546 529 550 557 526 522 568 511 518 514 551 541 524 533 504 523 544 577 559 551 541 570 550 542 521 541 573 555 538 568 583 543 572 579 586 554 541 533 547 550 503 492 566 570 530 505 526 527 532 559 560 535 527 543 547 530 546 575 595 601 583 579 581 529 557 562 529 517 543 556 551 574 555 595 606 561 563 527 556 525 532 514 525 535 524 564 557 560 603 576 538 541 529 532 505 506 536 533 555 584 570 568 567 583 592 570 602 631 575 586 576 549 583 560 579 532 527 525 537 599 571 550 543 544 560 537 502 511 539 539 558 547 573 548 533 538 529 570 587 620 621 565 561 577 546 559 564 574 547 581 596 563 565 566 540 500 503 534 566 576 543 558 526 540 542 556 558 576 598 575 568 580 555 549 545 557 559 558 537 533 520 562 548 562 568 561 530 533 524 537 545 530 541 564 555 575 602 595 579 562 601 565 535 525 566 566 573 563 548 531 569 580 570 549 557 531 562 572 546 548 562 542 521 553 542 535 500 519 527 529 528 521 523 531 584 557 548 530 542 564 590 580 555 555 548 550 547 575 538 542 568 561 579 567 579 545 544 524 523 533 502 540 556 558 590 573 568 597 554 531 524 517 538 558 603 567 587 582 544 578 576 564 527 565 565 555 539 556 540 572 570 555 545 529 492 529 549 550 497 517 553 572 586 571 534 532 546 527 530 557 545 505 517 520 511 501 511 567 555 578 603 601 625 608 562 579 575 565 558 583 610 558 537 556 532 538 544 515 491 505 539 523 557 558 565 579 581 601 585 547 521 522 520 510 519 537 537 576 554 561 560 581 570 552 539 514 516 521 554 564 531 517 500 503 522 520 533 526 538 519 553 524 505 526 546 558 555 570 591 578 567 566 559 546 542 531 542 519 490 527 521 517 553 544 530 562 552 564 542 520 523 545 538 534 538 532 511 507 545 604 596 593 575 568 596 628 622 600 564 596 512 532 537 566 526 536 
vem trace:

stid: 341
spdistance: 941.382
radio trace:
554 528 525 545 576 540 524 512 527 576 560 530 520 562 578 523 530 526 517 498 562 572 586 559 556 546 583 548 504 487 527 555 596 550 545 519 551 505 535 540 558 565 593 587 586 536 556 567 532 508 466 486 517 523 497 535 588 588 545 537 541 540 545 545 524 524 559 567 535 561 504 534 597 566 541 530 524 515 481 490 547 556 548 510 531 538 508 528 529 527 550 544 500 528 542 538 548 528 550 580 591 598 575 560 535 533 578 574 562 558 515 543 543 525 520 558 577 522 534 490 510 519 511 517 546 555 532 531 550 566 573 596 598 538 545 554 532 522 559 577 592 606 581 555 553 572 523 563 568 524 539 568 554 578 584 606 617 602 590 600 596 581 593 575 534 548 534 575 578 576 555 518 548 548 532 604 570 548 544 527 565 568 555 535 511 509 541 542 533 549 557 563 527 585 586 549 552 561 545 540 529 546 558 512 550 558 500 485 532 523 547 543 538 515 491 483 516 526 524 541 576 575 550 526 535 553 514 521 542 562 592 551 554 549 528 533 559 576 616 589 578 605 577 586 565 555 556 550 533 528 513 473 539 518 539 516 551 544 532 534 535 556 504 504 533 552 578 554 551 565 552 549 542 566 529 485 512 565 584 560 557 530 492 549 571 542 545 536 518 506 505 524 544 530 515 549 564 591 565 548 570 559 540 523 545 556 550 541 545 571 589 594 577 568 525 521 525 547 541 540 530 483 492 529 558 543 551 547 553 530 543 547 546 529 550 557 526 522 568 511 518 514 551 541 524 533 504 523 544 577 559 551 541 570 550 542 521 541 573 555 538 568 583 543 572 579 586 554 541 533 547 550 503 492 566 570 530 505 526 527 532 559 560 535 527 543 547 530 546 575 595 601 583 579 581 529 557 562 529 517 543 556 551 574 555 595 606 561 563 527 556 525 532 514 525 535 524 564 557 560 603 576 538 541 529 532 505 506 536 533 555 584 570 568 567 583 592 570 602 631 575 586 576 549 583 560 579 532 527 525 537 599 571 550 543 544 560 537 502 511 539 539 558 547 573 548 533 538 529 570 587 620 621 565 561 577 546 559 564 574 547 581 596 563 565 566 540 500 503 534 566 576 543 558 526 540 542 556 558 576 598 575 568 580 555 549 545 557 559 558 537 533 520 562 548 562 568 561 530 533 524 537 545 530 541 564 555 575 602 595 579 562 601 565 535 525 566 566 573 563 548 531 569 580 570 549 557 531 562 572 546 548 562 542 521 553 542 535 500 519 527 529 528 521 523 531 584 557 548 530 542 564 590 580 555 555 548 550 547 575 538 542 568 561 579 567 579 545 544 524 523 533 502 540 556 558 590 573 568 597 554 531 524 517 538 558 603 567 587 582 544 578 576 564 527 565 565 555 539 556 540 572 570 555 545 529 492 529 549 550 497 517 553 572 586 571 534 532 546 527 530 557 545 505 517 520 511 501 511 567 555 578 603 601 625 608 562 579 575 565 558 583 610 558 537 556 532 538 544 515 491 505 539 523 557 558 565 579 581 601 585 547 521 522 520 510 519 537 537 576 554 561 560 581 570 552 539 514 516 521 554 564 531 517 500 503 522 520 533 526 538 519 553 524 505 526 546 558 555 570 591 578 567 566 559 546 542 531 542 519 490 527 521 517 553 544 530 562 552 564 542 520 523 545 538 534 538 532 511 507 545 604 596 593 575 568 596 628 622 600 564 596 512 532 537 566 526 536 
vem trace:

