SDId: 34524981
energy: 7.50189e+17
zenith: 0.445465
azimuth: 2.17533
GPSSeconc: 1125406833
stid: 342
spdistance: 755.315
radio trace:
452 463 443 445 433 412 426 411 424 427 441 439 425 443 444 457 445 437 440 421 431 428 420 445 458 450 454 450 458 469 450 448 417 461 457 459 455 451 430 438 424 439 465 439 414 414 460 446 457 460 465 452 434 431 421 428 456 483 474 465 476 474 467 480 463 428 432 459 453 417 437 456 438 431 431 449 453 461 457 463 447 453 482 456 458 463 460 446 466 464 482 457 409 396 428 438 447 463 460 486 461 446 423 439 438 421 419 431 436 445 437 450 440 438 460 443 458 472 475 458 465 437 459 444 443 466 473 434 452 435 423 443 461 456 467 450 424 456 455 454 446 421 448 458 441 409 407 402 416 412 439 450 447 469 448 447 456 467 452 439 439 441 437 444 452 469 470 479 461 422 459 453 437 455 461 459 448 468 443 428 452 443 404 419 423 424 400 435 435 460 432 444 457 465 467 438 447 436 446 470 441 428 390 401 430 449 439 448 468 442 439 456 455 493 489 472 454 458 451 454 455 431 414 451 465 451 476 498 484 448 409 427 427 412 385 392 422 414 415 393 421 469 452 449 436 446 439 423 419 431 470 465 453 449 463 452 438 433 435 429 425 440 415 437 430 431 443 455 484 488 477 452 450 471 461 419 441 449 470 478 470 496 503 464 439 442 438 439 468 423 438 474 442 431 428 441 441 451 411 436 431 421 426 470 467 460 454 452 445 452 470 442 445 484 487 470 465 440 429 415 401 410 426 432 432 455 453 432 428 443 426 451 461 447 455 471 434 449 469 452 430 432 470 455 455 443 466 460 463 446 453 449 437 450 472 478 463 481 481 468 455 482 461 422 423 447 444 446 448 413 455 444 480 450 453 477 475 468 454 462 452 444 457 474 439 430 436 407 424 420 412 438 447 446 455 488 469 443 462 461 487 477 493 440 414 428 459 445 434 420 423 421 430 433 421 403 392 400 447 404 428 444 416 406 421 434 429 440 441 447 456 439 439 437 425 418 396 397 409 475 489 458 427 427 444 451 439 430 442 481 448 451 437 461 474 449 445 422 421 456 465 436 446 458 467 459 418 405 437 446 491 495 462 444 445 429 433 439 460 459 461 460 468 459 443 439 441 445 444 429 445 444 420 422 455 434 419 438 449 461 450 444 436 454 456 457 439 430 425 438 421 416 454 466 457 459 459 486 467 452 439 447 442 405 411 436 444 422 471 464 459 421 407 412 437 447 460 432 435 428 440 449 429 422 415 448 451 463 459 446 446 473 489 480 468 492 490 482 485 470 448 444 410 401 392 422 427 417 446 459 426 426 452 460 464 470 462 456 428 440 458 482 473 478 474 476 445 446 443 401 399 414 435 436 417 418 440 438 413 407 436 434 463 475 462 443 476 455 468 441 447 434 412 420 445 457 463 454 450 449 443 440 417 446 446 438 437 456 448 461 456 468 431 418 401 440 458 481 438 436 445 471 439 421 440 447 434 441 442 429 467 475 444 439 449 439 454 466 448 441 470 469 476 513 505 477 442 415 424 444 421 446 443 477 494 491 438 442 439 474 450 437 431 435 460 484 488 465 436 442 449 440 465 478 457 445 428 422 464 477 433 417 446 453 434 419 419 447 458 458 459 465 493 494 493 482 478 468 487 476 456 461 484 451 443 424 434 451 454 465 431 419 438 428 443 432 469 465 485 468 455 446 448 436 412 450 455 452 471 446 460 426 434 436 450 431 438 406 418 415 421 443 431 415 440 416 451 466 
vem trace:

stid: 332
spdistance: 789.433
radio trace:
569 567 503 524 539 531 543 535 507 519 476 514 476 495 550 527 531 543 511 529 540 529 517 490 506 535 550 533 529 511 487 496 511 516 484 461 485 492 548 525 496 508 469 471 531 557 525 567 527 538 543 519 547 552 552 540 566 566 553 515 509 508 504 512 530 538 557 574 575 569 561 529 535 553 534 519 504 522 518 534 517 534 529 584 557 540 571 525 501 520 539 527 525 538 554 521 510 502 529 570 527 516 537 557 568 552 506 522 574 585 547 540 539 535 518 531 506 539 550 515 505 552 550 517 512 509 506 486 477 483 532 517 529 519 504 461 473 471 505 524 547 543 541 566 545 526 562 550 523 548 573 534 523 545 535 536 527 522 542 584 558 542 526 526 501 559 561 550 541 571 619 602 601 561 543 554 512 517 549 534 526 494 500 495 504 511 511 542 541 550 538 575 564 567 578 577 554 566 571 545 541 574 560 552 553 555 558 501 514 544 538 509 521 551 528 533 561 504 522 559 524 508 513 532 529 515 509 542 529 542 581 574 531 532 536 507 533 508 513 559 533 511 523 537 544 572 559 559 560 548 556 551 530 558 560 526 533 531 495 501 507 506 511 549 539 499 470 519 520 539 561 573 561 536 520 532 526 525 540 595 541 531 551 486 492 520 535 552 557 578 554 545 541 544 542 565 551 567 560 523 557 534 512 517 509 511 534 515 540 539 545 549 516 522 535 506 539 549 532 561 530 499 550 529 537 559 536 517 538 507 543 530 540 513 532 515 516 522 515 551 537 516 557 562 572 535 517 528 558 547 509 529 540 546 546 544 521 516 479 489 488 532 572 538 515 538 546 510 513 560 505 498 484 529 536 547 532 558 557 564 559 562 549 544 554 542 591 577 567 587 580 546 516 538 558 555 545 532 527 519 528 509 522 510 532 586 590 568 576 531 509 523 560 550 581 561 538 547 569 556 556 574 499 514 534 526 549 554 540 541 540 535 524 512 519 511 489 496 526 579 543 515 497 515 511 517 533 535 544 550 560 526 580 585 562 526 563 521 524 517 519 504 517 513 528 515 531 526 544 554 547 535 536 513 531 527 573 539 553 544 544 547 513 531 538 549 529 532 549 543 532 533 502 522 521 496 513 486 521 550 526 539 535 554 528 527 531 525 477 533 526 502 514 532 551 567 560 596 592 592 614 593 580 549 528 573 550 571 561 565 576 549 544 549 557 554 559 495 556 554 564 567 549 534 532 560 527 483 543 517 518 506 537 522 481 500 537 532 513 523 507 552 478 493 519 544 544 580 577 610 581 541 571 563 527 555 526 526 505 507 531 532 538 526 526 534 541 517 512 503 525 551 510 553 552 503 501 513 517 537 564 555 550 540 556 572 554 500 527 546 541 573 560 544 529 537 511 551 550 545 536 527 528 554 529 543 560 543 532 512 503 537 571 534 541 540 554 536 581 560 524 505 535 506 523 503 529 600 555 509 520 527 533 526 530 537 518 488 517 538 540 524 497 523 506 487 503 537 527 542 571 567 562 539 528 553 571 534 558 516 549 524 519 534 531 580 568 562 528 551 564 525 534 530 528 547 544 514 491 489 535 572 588 526 550 550 532 529 502 525 540 525 577 560 549 525 514 536 557 566 557 543 544 570 536 528 539 578 589 577 544 506 497 496 487 525 523 529 525 504 522 507 499 487 506 519 535 498 516 504 525 547 531 518 520 546 510 470 499 551 561 550 535 558 552 508 491 507 
vem trace:

stid: 341
spdistance: 975.082
radio trace:
496 499 525 567 572 559 529 514 550 539 514 505 493 507 523 570 559 530 535 554 542 504 472 483 473 445 483 521 523 536 545 517 500 494 488 493 496 527 514 534 520 501 512 515 533 548 554 519 509 527 524 525 531 542 541 494 542 547 514 497 524 529 517 539 539 485 470 481 484 495 509 499 497 503 497 552 571 501 526 549 528 571 588 560 515 541 560 561 528 519 540 487 505 481 473 481 482 503 517 476 491 488 522 521 549 522 550 563 528 520 518 516 508 542 535 505 518 516 527 549 521 526 520 516 535 509 507 506 492 491 527 508 502 524 537 494 512 547 521 532 515 476 492 507 524 542 549 556 555 548 521 496 487 469 501 519 502 531 535 511 479 473 521 506 495 465 486 525 508 534 550 504 515 511 522 544 576 541 491 495 502 515 518 518 524 522 505 522 522 514 500 515 530 543 544 537 537 486 512 535 517 484 462 463 491 503 476 521 517 532 566 536 537 546 569 558 532 524 514 562 548 558 521 482 468 509 535 512 549 525 500 547 557 538 491 470 456 453 492 486 489 492 485 493 497 504 495 514 519 581 582 570 543 555 538 500 498 527 530 538 542 544 520 493 524 547 528 558 553 524 514 511 506 507 524 505 518 503 503 505 511 507 513 542 539 526 531 517 482 497 548 567 515 498 516 497 489 492 541 547 564 554 521 479 508 509 505 519 547 564 523 530 505 494 494 519 504 541 519 512 499 487 454 455 437 479 498 528 530 518 543 521 539 524 548 526 500 535 532 557 521 545 538 549 537 523 523 554 504 500 525 487 493 501 504 506 512 501 485 493 495 487 470 498 491 489 474 513 527 526 502 483 461 504 509 502 511 501 528 530 549 542 565 567 545 519 509 525 528 562 511 498 503 495 477 522 569 536 500 491 488 472 500 527 541 520 487 488 481 502 484 500 514 549 558 526 536 544 540 550 517 477 503 504 535 522 481 505 551 562 598 536 529 518 542 573 536 531 493 510 544 550 533 522 507 526 505 526 537 547 538 513 519 518 516 499 503 543 503 494 504 509 502 478 474 505 529 528 523 502 486 519 547 546 538 546 515 505 547 512 512 497 538 529 514 507 531 526 512 484 456 447 469 484 515 515 510 526 554 532 558 557 522 498 502 513 522 540 539 572 550 543 514 512 495 440 447 494 508 508 493 495 513 583 585 555 513 526 511 522 511 489 499 506 520 524 529 506 530 542 554 573 590 554 499 500 501 473 497 493 509 513 511 510 532 537 520 536 501 537 534 514 527 542 531 514 561 545 491 485 504 550 501 508 522 532 508 475 446 495 522 524 519 537 548 540 492 465 467 473 519 536 474 460 484 507 480 509 555 546 504 525 529 488 482 535 576 559 569 539 528 507 508 524 509 535 514 544 544 505 544 537 544 566 532 504 517 504 517 546 527 522 546 558 551 501 508 482 503 504 527 489 483 500 524 560 526 521 499 512 497 511 502 520 508 517 495 506 526 537 530 494 491 496 503 516 506 544 517 510 515 545 551 563 534 493 508 524 526 519 522 505 503 527 506 517 533 515 545 515 530 522 520 504 533 494 507 520 522 463 481 499 519 527 543 561 543 528 514 526 540 532 514 505 495 496 481 499 550 547 526 539 530 519 500 500 510 526 544 494 512 510 508 505 495 517 502 500 512 506 519 497 491 478 481 524 511 494 479 518 532 500 521 546 540 567 583 598 566 520 528 540 554 535 517 487 507 483 
vem trace:

stid: 341
spdistance: 975.082
radio trace:
496 499 525 567 572 559 529 514 550 539 514 505 493 507 523 570 559 530 535 554 542 504 472 483 473 445 483 521 523 536 545 517 500 494 488 493 496 527 514 534 520 501 512 515 533 548 554 519 509 527 524 525 531 542 541 494 542 547 514 497 524 529 517 539 539 485 470 481 484 495 509 499 497 503 497 552 571 501 526 549 528 571 588 560 515 541 560 561 528 519 540 487 505 481 473 481 482 503 517 476 491 488 522 521 549 522 550 563 528 520 518 516 508 542 535 505 518 516 527 549 521 526 520 516 535 509 507 506 492 491 527 508 502 524 537 494 512 547 521 532 515 476 492 507 524 542 549 556 555 548 521 496 487 469 501 519 502 531 535 511 479 473 521 506 495 465 486 525 508 534 550 504 515 511 522 544 576 541 491 495 502 515 518 518 524 522 505 522 522 514 500 515 530 543 544 537 537 486 512 535 517 484 462 463 491 503 476 521 517 532 566 536 537 546 569 558 532 524 514 562 548 558 521 482 468 509 535 512 549 525 500 547 557 538 491 470 456 453 492 486 489 492 485 493 497 504 495 514 519 581 582 570 543 555 538 500 498 527 530 538 542 544 520 493 524 547 528 558 553 524 514 511 506 507 524 505 518 503 503 505 511 507 513 542 539 526 531 517 482 497 548 567 515 498 516 497 489 492 541 547 564 554 521 479 508 509 505 519 547 564 523 530 505 494 494 519 504 541 519 512 499 487 454 455 437 479 498 528 530 518 543 521 539 524 548 526 500 535 532 557 521 545 538 549 537 523 523 554 504 500 525 487 493 501 504 506 512 501 485 493 495 487 470 498 491 489 474 513 527 526 502 483 461 504 509 502 511 501 528 530 549 542 565 567 545 519 509 525 528 562 511 498 503 495 477 522 569 536 500 491 488 472 500 527 541 520 487 488 481 502 484 500 514 549 558 526 536 544 540 550 517 477 503 504 535 522 481 505 551 562 598 536 529 518 542 573 536 531 493 510 544 550 533 522 507 526 505 526 537 547 538 513 519 518 516 499 503 543 503 494 504 509 502 478 474 505 529 528 523 502 486 519 547 546 538 546 515 505 547 512 512 497 538 529 514 507 531 526 512 484 456 447 469 484 515 515 510 526 554 532 558 557 522 498 502 513 522 540 539 572 550 543 514 512 495 440 447 494 508 508 493 495 513 583 585 555 513 526 511 522 511 489 499 506 520 524 529 506 530 542 554 573 590 554 499 500 501 473 497 493 509 513 511 510 532 537 520 536 501 537 534 514 527 542 531 514 561 545 491 485 504 550 501 508 522 532 508 475 446 495 522 524 519 537 548 540 492 465 467 473 519 536 474 460 484 507 480 509 555 546 504 525 529 488 482 535 576 559 569 539 528 507 508 524 509 535 514 544 544 505 544 537 544 566 532 504 517 504 517 546 527 522 546 558 551 501 508 482 503 504 527 489 483 500 524 560 526 521 499 512 497 511 502 520 508 517 495 506 526 537 530 494 491 496 503 516 506 544 517 510 515 545 551 563 534 493 508 524 526 519 522 505 503 527 506 517 533 515 545 515 530 522 520 504 533 494 507 520 522 463 481 499 519 527 543 561 543 528 514 526 540 532 514 505 495 496 481 499 550 547 526 539 530 519 500 500 510 526 544 494 512 510 508 505 495 517 502 500 512 506 519 497 491 478 481 524 511 494 479 518 532 500 521 546 540 567 583 598 566 520 528 540 554 535 517 487 507 483 
vem trace:

