SDId: 34632640
energy: 1.02145e+18
zenith: 0.459103
azimuth: 0.34457
GPSSeconc: 1126149879
stid: 332
spdistance: 445.023
radio trace:
523 505 527 527 531 538 532 525 541 546 567 554 524 548 517 528 533 521 535 560 534 508 507 564 568 536 508 479 502 529 567 549 562 579 578 575 524 527 533 560 577 560 540 508 532 530 543 533 530 528 529 508 519 548 537 516 532 549 514 530 530 524 509 488 516 549 521 539 502 493 513 512 491 528 552 487 458 471 487 452 482 500 549 563 526 533 519 516 525 539 569 516 538 558 562 560 590 551 520 487 509 523 561 537 540 513 542 539 545 538 499 508 492 495 498 480 491 498 521 476 503 540 541 560 553 520 493 535 493 499 523 501 523 522 527 519 522 540 497 524 534 517 525 511 518 497 569 563 544 525 552 549 530 496 478 499 535 540 537 510 503 518 527 472 515 547 562 568 560 515 513 497 470 489 509 524 501 470 491 496 472 532 495 514 569 590 555 548 546 563 537 535 533 527 503 499 539 521 533 490 519 517 479 491 498 535 526 539 541 519 537 520 509 530 543 522 520 505 506 502 530 545 543 540 500 512 536 513 516 545 554 542 557 568 558 553 543 535 514 525 518 524 558 558 542 523 551 544 533 536 530 561 537 539 522 482 502 532 524 495 481 456 526 548 521 542 523 526 489 491 519 529 535 547 516 551 549 565 518 540 519 495 538 537 560 537 540 532 518 523 497 484 509 525 566 551 532 540 551 524 520 523 523 554 565 517 521 488 529 536 538 516 520 565 585 576 559 551 517 516 497 515 516 537 521 523 552 549 542 493 513 537 551 533 541 573 554 565 539 544 511 534 514 523 505 481 511 519 533 492 506 503 517 515 488 535 531 545 557 544 505 513 507 531 520 535 539 513 492 530 529 547 527 529 485 506 526 509 496 516 498 511 518 534 566 560 585 558 537 504 474 495 472 518 515 522 504 519 497 516 515 516 514 556 534 493 514 515 498 454 486 517 526 510 501 464 486 518 554 549 558 561 530 555 581 525 507 513 499 467 515 499 505 497 535 524 503 533 529 523 498 528 540 547 564 535 506 510 495 491 479 482 479 494 528 561 562 562 519 527 556 567 544 536 553 559 564 537 527 526 533 499 517 518 558 542 524 492 511 516 490 526 524 520 529 513 511 520 518 520 531 542 554 557 557 546 526 518 503 500 512 503 520 537 550 532 509 485 495 484 491 565 548 539 550 550 540 568 541 534 535 553 523 491 465 501 500 496 516 512 490 516 532 528 529 524 525 523 527 506 534 527 513 519 516 554 519 534 575 578 570 543 537 533 534 524 543 492 507 514 525 499 487 514 493 507 554 518 510 552 536 516 525 535 544 533 542 561 576 534 516 528 507 502 501 509 509 538 535 564 542 498 481 491 502 516 519 509 562 554 570 569 566 534 543 535 529 516 546 577 564 534 529 544 507 509 515 535 536 521 485 504 509 534 527 554 563 537 549 542 549 541 524 457 487 506 516 535 558 548 524 540 537 507 467 519 525 482 500 546 539 560 558 544 526 552 523 532 530 566 538 508 500 524 516 565 566 521 539 530 555 561 552 534 523 536 516 512 548 542 560 583 550 535 533 527 505 528 514 513 527 544 583 557 555 549 548 503 501 459 501 546 559 548 542 544 563 556 542 547 504 505 536 538 530 527 533 557 548 569 550 542 549 573 570 550 566 552 546 524 496 482 496 492 507 515 517 526 549 544 567 546 521 539 570 549 557 550 544 533 551 559 550 510 514 540 537 506 533 556 550 498 541 542 520 517 533 539 
vem trace:

stid: 333
spdistance: 1000.48
radio trace:
411 411 419 435 412 426 430 437 419 442 449 448 441 454 409 414 452 459 452 411 414 414 426 471 441 435 420 383 416 452 459 442 424 420 441 463 440 448 464 455 440 450 444 438 415 393 390 426 414 401 396 406 415 443 416 412 410 429 421 418 403 415 432 397 391 420 444 457 447 468 431 438 460 446 431 430 412 416 434 468 431 440 425 426 425 415 409 403 432 439 435 437 416 413 412 439 450 455 468 433 427 451 464 474 421 380 372 384 365 383 378 386 400 361 413 409 420 450 435 421 426 426 410 423 422 420 425 463 447 427 456 505 492 440 438 449 430 403 392 415 410 380 386 388 418 408 431 412 409 420 417 386 416 441 444 415 408 405 437 432 434 441 414 432 419 444 447 461 471 445 446 457 435 422 408 409 383 384 406 419 410 413 400 416 426 441 454 457 411 419 389 400 398 408 441 445 432 454 475 442 445 426 388 410 413 441 456 447 438 429 429 435 387 404 449 460 418 434 422 422 430 419 414 416 397 404 438 390 380 401 412 418 404 384 413 427 417 434 413 439 476 458 445 427 458 490 467 447 442 417 418 426 406 397 409 441 461 472 446 446 422 435 432 457 466 438 436 442 432 450 455 493 467 438 410 407 421 443 437 433 428 417 420 434 419 394 381 419 432 426 435 439 464 417 427 433 442 419 423 412 406 377 376 390 431 441 423 437 430 457 473 465 440 437 407 403 385 390 402 407 425 449 431 416 453 459 459 491 461 439 443 440 423 417 445 437 412 416 422 434 434 407 380 408 414 442 428 413 431 423 404 454 459 441 401 415 393 390 431 429 406 410 438 435 437 427 410 431 451 489 502 449 423 383 408 458 469 457 452 414 389 367 404 428 442 440 422 422 422 438 443 443 431 444 434 405 390 420 401 428 428 433 415 417 438 425 421 417 424 396 415 458 466 408 384 387 406 408 423 417 413 376 382 427 462 455 426 430 420 416 403 457 448 445 429 398 411 425 398 397 421 415 416 418 426 450 426 412 409 442 429 418 465 456 408 376 372 349 402 401 410 402 427 444 427 392 404 355 394 441 465 458 448 413 384 386 395 429 450 461 435 417 394 413 401 420 418 444 403 425 414 416 452 469 451 460 437 424 430 416 426 433 377 396 372 414 420 432 453 434 429 417 454 439 418 408 456 483 465 453 447 458 447 421 443 437 447 436 446 445 425 404 388 432 447 439 416 412 441 440 456 449 429 431 438 376 370 402 407 409 399 411 411 420 421 439 446 423 411 412 430 432 463 438 414 400 423 440 440 452 458 453 414 411 455 445 427 419 415 427 459 425 406 384 401 422 418 396 414 411 400 372 410 419 424 382 408 425 427 396 418 431 405 406 420 419 424 411 401 404 377 410 405 430 417 432 399 421 427 419 386 363 385 404 406 425 414 432 471 460 463 447 424 437 460 413 418 446 454 446 433 437 403 392 413 435 433 417 403 420 432 470 448 443 454 436 412 415 401 418 446 417 423 399 406 422 436 434 444 424 407 399 411 446 448 461 432 424 432 417 397 403 430 415 401 405 410 419 450 425 404 394 401 416 414 431 440 438 456 427 393 447 452 412 394 415 424 407 424 450 434 455 457 452 486 494 487 475 456 461 472 470 436 410 420 441 425 394 407 407 449 450 420 428 455 432 432 462 469 440 463 437 415 429 439 410 434 432 430 437 474 459 466 466 457 417 426 446 444 416 416 384 402 423 435 430 432 442 
vem trace:

