SDId: 34854695
energy: 3.0689e+17
zenith: 0.427418
azimuth: 4.86198
GPSSeconc: 1127431418
stid: 341
spdistance: 993.738
radio trace:
503 512 541 541 522 526 521 539 540 544 520 519 540 524 524 526 550 548 506 531 519 536 531 539 515 528 503 511 534 527 529 504 483 488 480 507 517 508 496 493 506 497 534 518 522 490 524 545 526 538 532 534 534 538 537 526 547 535 503 527 536 546 576 555 548 539 538 528 525 507 522 512 542 528 564 558 542 559 556 539 503 498 488 502 523 492 522 517 533 546 555 547 569 593 567 554 562 587 546 552 592 566 519 505 478 503 556 539 533 520 489 490 499 520 557 568 583 513 474 487 480 491 480 520 509 499 490 507 521 540 565 521 536 541 543 528 488 452 468 488 479 498 520 544 529 535 537 526 549 528 521 475 479 482 508 541 546 514 487 496 479 493 502 534 528 503 544 517 554 540 531 502 515 538 553 548 536 545 571 539 518 531 541 551 561 560 530 544 585 578 564 559 517 541 567 588 562 572 590 554 538 515 529 552 559 566 557 570 573 554 556 519 506 495 515 518 535 544 545 581 551 551 537 537 531 510 503 516 460 478 481 467 482 511 537 534 505 491 482 449 500 499 480 505 492 505 525 523 523 565 523 516 533 522 520 505 523 519 512 525 490 462 475 522 499 521 545 579 591 566 560 566 524 545 553 571 578 546 518 537 552 562 544 522 527 544 554 554 585 569 536 504 496 551 574 574 572 556 550 559 553 519 508 503 531 539 534 557 606 551 514 517 510 514 551 506 517 545 552 552 561 542 516 522 534 532 519 545 494 485 488 511 538 516 525 487 520 546 538 498 502 491 505 534 544 543 511 534 536 489 464 475 506 570 540 530 551 526 533 524 533 484 490 532 524 529 566 575 555 549 533 555 526 507 549 533 536 554 556 523 496 518 504 523 527 520 532 508 557 589 549 531 537 543 568 567 494 520 524 486 495 524 527 555 523 507 505 477 495 492 506 513 504 534 558 558 523 557 530 509 519 539 526 548 561 526 530 546 542 529 581 549 507 513 503 505 516 512 534 531 503 507 482 509 534 528 518 492 519 494 519 514 546 552 547 542 536 521 516 507 526 537 541 544 490 487 455 505 531 549 554 506 466 504 484 476 514 526 521 529 529 488 466 516 531 517 549 545 495 478 516 516 503 494 483 506 529 493 521 495 467 500 509 505 495 516 567 611 570 505 483 460 499 492 533 523 542 564 530 544 538 572 557 540 529 550 553 546 526 511 507 543 541 550 541 535 580 529 516 478 480 551 538 519 536 518 501 526 546 530 561 515 518 545 569 553 548 513 515 536 583 571 525 487 465 525 538 553 556 547 560 542 526 521 554 537 524 517 551 560 554 511 503 468 500 510 520 547 552 592 584 598 542 524 477 491 502 522 525 539 515 501 542 525 533 499 538 540 556 572 522 541 534 499 502 542 539 516 538 557 560 534 518 530 512 503 534 538 526 503 517 528 531 523 503 496 522 523 524 547 516 485 507 543 532 520 503 496 523 550 528 517 566 551 547 538 535 517 542 517 548 557 544 521 515 512 496 512 518 530 576 553 522 521 493 525 523 521 526 545 540 548 503 497 531 533 493 548 558 564 522 519 467 473 497 497 508 487 457 495 497 500 520 520 543 527 523 513 497 518 516 541 537 542 520 499 517 521 512 543 565 535 549 537 502 548 571 527 493 519 517 500 507 494 503 501 536 511 507 507 516 522 539 527 498 502 554 573 583 526 522 544 521 513 519 523 503 501 511 504 495 483 509 529 504 549 508 524 
vem trace:

stid: 341
spdistance: 993.738
radio trace:
503 512 541 541 522 526 521 539 540 544 520 519 540 524 524 526 550 548 506 531 519 536 531 539 515 528 503 511 534 527 529 504 483 488 480 507 517 508 496 493 506 497 534 518 522 490 524 545 526 538 532 534 534 538 537 526 547 535 503 527 536 546 576 555 548 539 538 528 525 507 522 512 542 528 564 558 542 559 556 539 503 498 488 502 523 492 522 517 533 546 555 547 569 593 567 554 562 587 546 552 592 566 519 505 478 503 556 539 533 520 489 490 499 520 557 568 583 513 474 487 480 491 480 520 509 499 490 507 521 540 565 521 536 541 543 528 488 452 468 488 479 498 520 544 529 535 537 526 549 528 521 475 479 482 508 541 546 514 487 496 479 493 502 534 528 503 544 517 554 540 531 502 515 538 553 548 536 545 571 539 518 531 541 551 561 560 530 544 585 578 564 559 517 541 567 588 562 572 590 554 538 515 529 552 559 566 557 570 573 554 556 519 506 495 515 518 535 544 545 581 551 551 537 537 531 510 503 516 460 478 481 467 482 511 537 534 505 491 482 449 500 499 480 505 492 505 525 523 523 565 523 516 533 522 520 505 523 519 512 525 490 462 475 522 499 521 545 579 591 566 560 566 524 545 553 571 578 546 518 537 552 562 544 522 527 544 554 554 585 569 536 504 496 551 574 574 572 556 550 559 553 519 508 503 531 539 534 557 606 551 514 517 510 514 551 506 517 545 552 552 561 542 516 522 534 532 519 545 494 485 488 511 538 516 525 487 520 546 538 498 502 491 505 534 544 543 511 534 536 489 464 475 506 570 540 530 551 526 533 524 533 484 490 532 524 529 566 575 555 549 533 555 526 507 549 533 536 554 556 523 496 518 504 523 527 520 532 508 557 589 549 531 537 543 568 567 494 520 524 486 495 524 527 555 523 507 505 477 495 492 506 513 504 534 558 558 523 557 530 509 519 539 526 548 561 526 530 546 542 529 581 549 507 513 503 505 516 512 534 531 503 507 482 509 534 528 518 492 519 494 519 514 546 552 547 542 536 521 516 507 526 537 541 544 490 487 455 505 531 549 554 506 466 504 484 476 514 526 521 529 529 488 466 516 531 517 549 545 495 478 516 516 503 494 483 506 529 493 521 495 467 500 509 505 495 516 567 611 570 505 483 460 499 492 533 523 542 564 530 544 538 572 557 540 529 550 553 546 526 511 507 543 541 550 541 535 580 529 516 478 480 551 538 519 536 518 501 526 546 530 561 515 518 545 569 553 548 513 515 536 583 571 525 487 465 525 538 553 556 547 560 542 526 521 554 537 524 517 551 560 554 511 503 468 500 510 520 547 552 592 584 598 542 524 477 491 502 522 525 539 515 501 542 525 533 499 538 540 556 572 522 541 534 499 502 542 539 516 538 557 560 534 518 530 512 503 534 538 526 503 517 528 531 523 503 496 522 523 524 547 516 485 507 543 532 520 503 496 523 550 528 517 566 551 547 538 535 517 542 517 548 557 544 521 515 512 496 512 518 530 576 553 522 521 493 525 523 521 526 545 540 548 503 497 531 533 493 548 558 564 522 519 467 473 497 497 508 487 457 495 497 500 520 520 543 527 523 513 497 518 516 541 537 542 520 499 517 521 512 543 565 535 549 537 502 548 571 527 493 519 517 500 507 494 503 501 536 511 507 507 516 522 539 527 498 502 554 573 583 526 522 544 521 513 519 523 503 501 511 504 495 483 509 529 504 549 508 524 
vem trace:

