SDId: 34859976
energy: 1.66409e+18
zenith: 0.786239
azimuth: 3.70993
GPSSeconc: 1127464027
stid: 333
spdistance: 558.916
radio trace:
433 422 423 426 418 470 443 456 462 460 445 444 415 378 414 427 414 400 428 434 423 452 423 400 421 430 437 433 423 468 478 461 450 423 450 484 484 487 428 388 398 420 440 427 439 435 426 423 430 456 449 443 458 466 465 469 422 416 412 397 417 425 407 420 411 380 361 385 423 428 408 428 447 423 437 418 390 402 431 492 462 453 457 412 396 389 371 363 396 410 404 407 414 473 471 442 436 426 432 412 433 484 471 432 426 450 448 426 459 469 466 452 424 441 432 418 456 418 435 446 438 456 464 429 456 450 437 451 460 439 441 451 433 446 458 435 408 383 385 441 442 409 387 427 413 438 443 442 466 471 497 469 438 446 459 445 463 481 454 455 469 458 441 461 454 429 430 438 418 358 392 423 464 463 441 450 442 420 429 457 424 421 403 413 457 464 475 442 448 437 415 458 429 408 412 438 411 448 477 440 429 437 418 420 433 427 431 451 430 460 445 431 457 426 436 454 434 425 452 439 416 422 439 468 465 463 469 477 440 427 443 433 431 424 431 430 448 453 451 452 467 444 449 447 421 422 423 439 448 446 431 441 421 445 447 445 449 476 452 447 404 391 408 431 425 398 414 436 431 433 422 452 420 410 418 413 398 368 428 445 476 450 413 454 454 431 429 401 423 458 437 449 441 453 472 430 399 432 437 451 417 430 439 435 434 442 451 481 481 465 433 404 430 430 420 461 470 417 371 413 453 455 461 451 477 460 443 447 407 385 404 439 462 459 465 470 446 412 435 439 418 433 431 408 422 458 450 454 436 423 479 474 423 421 427 381 397 448 460 439 447 453 439 426 429 433 437 441 426 444 448 468 459 432 436 445 441 422 433 463 467 476 466 441 452 440 457 424 397 406 453 444 421 376 417 412 446 446 415 399 415 377 437 445 457 436 461 465 462 413 416 445 464 422 404 427 454 454 383 382 407 415 427 441 424 419 454 457 410 436 453 418 436 459 443 429 436 428 420 442 428 426 427 419 390 413 463 439 440 460 446 444 398 401 404 401 387 398 390 435 450 447 452 430 426 393 408 392 400 437 456 415 394 414 424 424 452 419 457 482 439 418 398 430 439 425 446 417 388 391 391 405 427 447 467 455 423 475 452 426 429 445 449 415 441 456 476 443 431 411 427 416 434 433 415 437 472 448 393 393 419 452 437 488 493 433 442 402 426 420 429 428 430 393 425 446 455 466 451 436 407 430 451 443 404 407 411 392 414 427 430 427 418 398 438 464 485 448 450 472 471 449 432 415 423 418 448 451 461 433 432 444 430 458 469 436 443 426 401 347 376 412 439 424 422 416 413 394 418 431 411 416 422 407 421 412 438 477 472 475 430 435 427 472 477 470 457 470 468 448 448 462 455 420 414 417 414 440 444 396 433 433 446 435 437 433 448 449 437 453 405 402 415 426 418 467 515 491 439 437 412 419 424 434 403 432 426 426 413 418 408 457 434 439 442 448 425 415 431 414 421 428 456 442 426 437 418 449 431 418 426 417 449 459 459 466 458 458 455 461 468 430 416 427 443 444 429 453 403 390 416 417 416 447 452 423 446 461 450 461 460 455 484 446 427 396 390 401 401 440 449 448 474 453 416 409 449 458 513 528 504 468 444 425 430 430 427 445 450 402 419 474 458 454 450 454 454 463 485 447 411 421 416 408 417 435 440 424 440 450 446 423 449 452 429 426 445 420 432 415 419 434 425 426 408 425 400 459 
vem trace:

stid: 342
spdistance: 972.021
radio trace:
466 468 469 469 466 464 456 465 462 450 450 466 443 440 439 423 425 421 439 473 429 431 443 443 434 421 422 424 396 416 424 427 426 442 462 433 429 440 434 413 390 364 410 443 446 457 419 394 419 445 420 425 414 444 435 437 426 411 388 410 440 438 424 439 440 430 440 441 417 452 444 432 414 402 405 435 392 407 420 431 453 453 478 485 461 437 428 447 447 420 413 418 412 420 429 435 420 447 433 463 444 426 433 429 439 450 420 436 433 451 464 450 453 412 395 408 418 415 445 427 423 446 439 450 442 443 456 464 452 423 412 429 452 449 477 469 471 448 471 427 439 427 406 422 434 431 439 434 441 463 461 419 416 414 438 422 423 433 435 415 429 458 439 444 459 440 444 388 398 397 388 397 430 427 442 430 443 457 461 478 476 458 418 408 438 427 418 420 444 418 409 409 437 451 451 455 446 468 465 450 446 448 432 450 465 464 454 447 440 444 447 465 469 493 472 454 458 435 444 446 440 437 444 463 447 411 410 414 441 456 430 404 380 391 417 445 429 410 411 417 458 463 463 478 467 478 450 454 450 455 444 443 431 421 411 434 442 425 435 440 438 439 451 444 448 467 447 399 400 409 422 444 430 417 418 432 452 458 440 427 426 442 418 406 394 416 386 354 360 415 397 413 446 436 433 432 445 462 456 468 430 443 458 428 425 412 446 448 439 442 468 447 385 420 456 445 418 402 413 413 400 417 426 431 411 409 412 429 426 456 475 443 446 464 451 440 430 423 446 437 448 442 456 441 436 427 451 448 427 426 398 411 423 407 379 407 433 425 414 427 437 455 416 443 448 443 432 423 443 455 442 426 425 448 458 475 430 429 429 430 430 427 415 409 412 382 388 389 422 435 387 399 400 399 403 423 458 427 421 409 404 407 426 450 434 438 428 437 431 430 435 434 415 414 396 385 402 399 434 465 448 428 462 452 443 421 440 465 497 470 456 406 421 452 440 427 433 460 443 432 437 411 415 412 419 399 410 433 447 456 479 451 458 441 430 443 438 475 458 443 414 426 447 456 467 461 461 454 418 408 410 401 409 383 395 422 423 406 442 453 456 455 458 461 458 432 412 404 397 405 437 469 448 443 433 446 452 452 401 377 404 400 397 407 415 429 444 433 421 440 447 443 449 458 433 451 440 432 465 438 455 440 431 450 447 441 428 420 416 400 427 429 448 460 436 451 453 445 428 438 456 465 485 457 446 418 402 420 425 412 423 418 423 406 412 406 394 406 427 422 425 439 449 454 474 449 408 423 438 419 442 430 424 426 441 433 433 438 422 417 433 445 429 429 459 457 420 437 429 438 458 456 415 410 427 435 462 456 459 450 449 464 447 459 447 440 432 437 413 428 451 445 448 441 432 430 422 416 423 411 421 416 439 422 419 415 422 413 404 433 447 448 429 424 422 383 417 430 416 424 445 473 476 470 459 435 431 414 427 433 446 401 388 418 410 447 450 440 432 462 474 466 436 426 442 409 432 455 467 440 443 416 420 441 463 456 443 481 468 473 432 435 455 451 436 413 435 436 442 428 463 435 457 454 448 439 438 453 491 493 483 449 428 444 437 415 380 378 390 382 406 397 414 415 441 418 416 425 423 410 408 373 388 377 368 394 450 462 479 447 405 425 439 439 434 423 404 410 434 427 434 439 412 424 424 439 398 408 434 456 444 413 433 460 461 443 439 454 450 445 441 423 428 414 419 427 427 446 
vem trace:

stid: 332
spdistance: 816.063
radio trace:
513 513 523 529 529 528 538 492 487 514 552 555 573 588 581 591 576 557 561 513 543 574 580 548 536 551 550 537 560 524 509 485 522 541 543 521 506 552 516 560 559 558 534 537 565 569 548 535 560 572 543 520 515 570 598 590 552 568 574 582 562 517 518 519 525 515 503 500 513 532 538 515 573 598 571 578 560 580 590 595 562 530 503 560 558 548 564 545 551 554 544 530 518 526 562 561 554 560 537 536 572 582 572 588 558 552 563 569 580 583 562 539 566 578 563 548 546 553 581 548 524 540 538 537 525 524 553 541 516 513 570 596 587 564 561 559 592 534 515 514 542 548 515 511 539 515 517 547 529 561 565 559 550 557 569 612 578 588 575 572 557 534 538 532 533 533 549 541 530 517 529 551 527 496 469 491 520 534 572 595 581 535 526 508 551 565 543 544 531 550 576 566 547 548 546 561 534 516 546 532 558 569 553 533 561 555 527 531 555 573 554 558 537 538 537 555 543 523 519 482 484 497 499 545 525 523 504 534 546 547 547 563 512 547 520 502 478 537 543 557 569 569 551 553 524 524 567 550 534 528 503 471 502 547 591 585 565 561 585 580 571 551 557 573 538 524 543 547 519 548 554 547 548 531 547 552 532 510 522 545 565 581 570 553 565 579 566 519 509 517 505 526 530 539 548 542 594 586 528 558 549 523 553 555 586 564 578 600 568 527 542 539 525 539 555 561 552 584 549 513 527 522 545 548 547 576 540 556 548 546 536 562 593 559 552 546 514 527 528 510 556 562 542 545 561 545 562 558 572 562 526 527 550 572 546 541 552 537 549 526 526 517 543 513 498 517 546 561 562 536 516 520 540 562 525 523 535 562 552 535 536 518 489 511 509 541 547 545 516 500 531 550 530 536 553 569 561 547 554 581 583 551 563 556 562 576 575 558 558 540 533 546 527 531 544 557 534 526 521 524 531 575 580 550 536 563 570 548 566 536 543 550 522 556 566 553 545 579 526 527 548 566 547 577 554 517 524 542 537 516 526 559 539 568 543 544 565 599 592 594 563 547 553 530 547 526 558 541 545 556 547 574 560 552 550 555 562 555 553 528 532 524 525 537 545 543 515 514 508 501 535 542 509 555 519 515 519 516 538 555 541 540 533 508 500 526 555 557 558 541 583 564 553 502 521 549 545 533 548 555 538 587 551 523 538 546 542 554 555 552 559 530 534 514 510 532 554 543 557 568 549 534 550 536 566 557 543 544 513 510 538 542 550 542 498 499 531 538 518 516 526 551 550 565 555 529 520 537 563 568 534 530 511 519 512 505 558 556 534 541 555 537 559 561 568 574 560 517 529 548 522 493 517 529 546 536 548 546 585 544 543 525 523 516 529 549 570 532 541 526 541 567 580 550 548 540 585 580 548 544 575 523 534 518 514 519 562 527 549 560 574 562 513 513 535 506 531 565 559 578 551 539 528 557 570 592 556 556 559 540 507 543 540 512 519 545 576 581 589 574 578 575 563 519 531 542 571 592 581 575 554 568 561 566 555 586 585 598 588 564 528 504 505 516 547 551 557 555 534 569 540 539 581 578 550 548 570 563 562 551 556 561 574 527 550 511 511 516 534 543 539 566 594 576 537 532 542 525 542 544 529 493 507 507 504 533 511 495 524 567 552 539 541 525 534 538 550 576 567 546 529 549 581 550 538 536 541 555 517 517 557 540 536 505 515 558 545 532 547 564 566 538 557 551 567 541 526 542 
vem trace:

