SDId: 34497560
energy: 2.18585e+18
zenith: 0.694052
azimuth: 5.57823
GPSSeconc: 1125236487
stid: 333
spdistance: 1166.28
radio trace:
420 416 462 473 466 460 466 443 436 467 503 507 477 461 436 447 453 425 452 448 467 432 420 451 442 437 443 460 452 444 442 478 485 450 424 446 442 459 465 480 465 449 475 432 431 429 469 448 426 442 446 424 457 440 428 446 467 471 452 464 454 496 466 459 444 424 426 389 384 444 453 432 457 425 443 451 470 430 457 461 464 461 461 454 477 465 447 431 438 440 436 446 420 426 446 418 449 421 417 437 463 451 462 493 483 471 443 472 473 463 480 433 420 426 445 435 450 466 451 437 447 448 441 427 400 383 385 380 403 415 422 438 448 442 442 465 437 447 431 450 434 447 469 491 503 491 458 456 452 440 473 451 446 446 436 397 429 431 398 430 465 428 435 439 432 422 424 427 384 407 381 418 453 417 442 438 443 423 430 449 444 447 465 442 444 458 453 457 455 433 397 435 455 437 402 418 454 435 449 445 476 453 466 461 439 418 424 439 410 360 374 408 420 410 430 446 414 432 455 442 440 449 412 417 444 485 421 450 478 505 492 449 464 473 483 477 440 430 444 434 443 456 464 457 486 463 404 428 422 441 457 439 426 422 444 447 435 472 439 441 450 461 439 439 481 485 425 441 445 423 426 401 404 430 452 445 463 439 435 439 461 469 465 452 463 474 443 439 428 458 455 463 455 446 457 457 458 465 469 460 434 418 467 474 408 414 424 436 437 440 449 371 375 431 443 443 426 388 416 450 467 466 447 478 476 447 438 461 493 498 434 449 461 463 444 429 442 438 449 412 426 439 458 458 430 402 440 450 442 430 425 443 425 427 432 430 446 455 457 439 471 437 426 467 466 466 447 461 443 465 449 452 464 445 432 445 433 458 454 410 389 385 418 462 484 475 459 445 467 483 470 451 451 445 470 491 450 417 403 438 447 428 454 423 407 429 472 457 419 435 463 466 433 408 423 423 435 460 450 459 446 433 441 454 465 433 446 454 482 468 437 445 422 438 444 458 458 452 464 462 465 424 420 414 434 427 433 453 444 405 433 422 412 444 444 434 436 427 435 433 423 412 444 460 436 438 438 416 392 405 425 426 432 421 445 451 417 406 430 457 444 436 433 442 449 437 429 453 470 437 438 392 405 441 463 496 475 481 442 460 472 456 441 422 468 450 451 453 446 462 447 416 414 450 429 408 404 422 449 439 455 442 451 428 439 462 464 432 421 447 446 430 459 443 414 439 428 479 485 455 418 444 456 466 458 443 442 434 445 441 438 463 478 439 435 397 405 437 448 467 440 473 456 411 414 452 443 414 437 428 429 429 448 474 475 494 485 447 452 488 450 459 447 438 408 411 438 453 438 472 467 450 424 441 441 438 409 433 426 495 472 453 438 445 468 485 494 503 480 439 438 420 418 424 444 469 457 424 381 441 440 434 434 421 445 450 448 446 458 463 450 424 448 428 447 484 480 441 464 451 462 425 451 478 505 506 506 497 496 447 448 429 419 401 425 417 437 440 456 438 420 436 446 453 444 461 458 450 449 460 443 401 400 441 452 453 448 450 469 486 454 420 413 407 422 430 441 463 442 433 420 441 452 417 393 413 439 462 436 424 441 434 457 468 444 419 443 441 461 459 441 457 467 451 440 434 461 475 467 477 488 462 431 415 408 442 439 395 403 409 373 399 459 442 410 410 418 422 412 463 459 448 462 439 431 440 477 454 443 435 455 459 429 412 411 418 453 421 454 452 446 436 458 453 440 456 471 496 
vem trace:

stid: 342
spdistance: 1195.82
radio trace:
440 475 468 475 451 462 453 425 428 432 480 436 399 429 465 466 448 437 442 436 439 434 441 463 432 431 471 457 450 426 410 417 416 417 426 426 427 416 425 440 416 421 439 444 441 433 451 432 445 432 446 461 443 429 446 465 448 461 488 460 436 440 438 444 440 456 459 453 436 460 410 429 413 422 437 452 442 428 418 407 458 431 408 415 417 429 480 477 478 462 473 473 489 471 413 399 437 448 430 429 457 476 459 461 455 446 417 426 418 416 388 391 372 392 400 401 424 473 493 487 460 438 435 448 449 431 441 460 443 411 422 412 420 452 465 459 474 465 457 438 450 437 441 438 429 455 444 390 377 400 419 402 413 458 445 431 462 440 439 445 451 447 441 447 448 413 403 413 395 394 421 441 448 436 452 435 427 419 432 416 431 410 441 436 462 462 404 394 409 403 394 434 437 459 460 500 458 435 405 406 417 421 464 456 448 462 460 477 473 449 452 474 495 487 457 454 442 425 431 437 467 456 468 461 495 517 488 451 464 463 485 430 436 448 471 490 495 435 446 474 465 451 433 426 427 449 455 445 410 415 403 389 400 412 429 461 467 446 430 448 430 411 412 403 427 444 424 437 463 446 429 425 402 417 446 429 411 421 422 447 425 446 432 425 440 407 421 442 444 456 481 447 420 417 399 458 450 430 405 410 439 445 435 441 466 456 458 459 437 458 436 438 400 420 449 461 481 455 456 453 457 445 452 480 456 477 485 451 456 454 439 431 453 430 450 467 469 449 421 430 409 446 448 443 433 429 444 427 440 462 445 433 471 444 477 463 450 418 432 448 460 447 481 463 461 474 496 464 471 441 438 432 432 451 427 431 446 463 450 457 486 447 419 452 450 473 488 458 445 426 444 419 430 440 442 428 447 439 426 411 401 423 421 424 427 441 441 427 474 469 485 465 443 430 434 422 424 435 451 455 444 422 428 448 418 417 447 434 418 442 461 445 418 413 405 408 435 444 434 422 453 451 438 429 422 457 477 435 448 462 447 455 466 444 423 419 445 439 458 439 445 424 434 423 433 421 422 445 431 426 418 442 454 411 424 452 443 417 410 430 417 418 406 399 440 418 409 424 435 430 427 428 434 469 493 482 478 485 440 430 422 415 418 435 439 436 443 435 418 393 392 433 451 465 440 440 420 435 437 461 449 427 388 421 429 447 452 439 433 454 447 429 414 425 473 437 442 474 461 439 479 507 494 444 424 443 463 468 469 440 445 437 427 454 441 461 451 445 428 423 447 451 412 393 419 424 439 444 451 420 424 452 467 451 427 420 415 415 420 437 488 463 474 472 459 454 468 435 430 448 469 455 439 434 412 420 403 428 404 421 375 393 430 426 455 442 439 417 411 432 428 425 422 409 396 423 457 441 410 432 435 465 478 481 468 430 434 474 478 474 422 439 442 445 434 425 401 409 401 426 460 468 462 469 419 438 470 438 444 464 453 438 421 428 436 439 437 445 458 439 413 442 455 441 422 443 473 462 437 444 449 473 466 467 466 457 440 436 429 427 420 425 449 427 423 438 453 438 442 425 442 460 472 483 439 425 440 453 457 430 414 448 455 446 401 418 418 410 445 465 462 467 476 462 455 449 455 444 458 449 463 464 402 396 411 393 397 399 417 389 446 454 438 445 462 459 473 471 427 405 434 447 447 455 439 433 415 434 429 439 447 425 446 419 417 428 442 432 425 460 455 456 424 438 454 413 418 418 
vem trace:

stid: 419
spdistance: 1464.98
radio trace:
409 451 473 445 465 483 446 403 405 428 483 466 498 484 460 446 455 389 445 484 425 453 425 427 444 489 445 470 497 501 519 485 457 470 456 438 410 409 457 503 508 486 502 500 508 532 494 450 446 470 465 452 455 486 450 481 466 490 437 465 453 425 471 510 463 437 445 455 476 485 457 491 487 523 460 436 423 422 499 482 459 444 415 383 426 449 415 439 457 473 474 487 467 489 526 497 500 477 472 426 434 457 430 442 444 442 411 480 467 471 442 447 419 520 531 512 500 406 430 431 451 423 484 506 459 461 426 455 456 411 428 416 441 458 512 440 452 457 471 496 497 455 459 434 471 514 501 418 379 368 448 412 428 468 442 450 470 436 461 460 447 457 448 468 474 486 472 476 472 444 471 486 489 509 526 459 448 425 449 478 488 509 506 471 473 475 464 433 481 502 500 471 472 487 475 498 522 496 480 436 420 476 453 497 487 479 457 462 470 518 487 469 444 442 473 459 453 452 452 467 445 478 465 451 476 479 454 474 428 432 434 466 470 499 474 478 454 490 484 481 495 499 493 500 481 491 485 482 524 467 487 541 506 459 447 457 446 456 407 410 431 475 481 483 476 495 489 446 455 433 448 470 501 487 515 499 495 482 469 464 505 510 461 473 522 507 475 493 467 457 448 458 472 499 450 486 474 481 497 498 460 429 443 476 473 468 433 464 398 401 446 476 491 435 446 454 473 488 494 503 482 502 473 471 499 507 510 477 481 423 425 416 452 472 480 494 469 468 474 504 466 464 470 434 453 398 426 457 474 465 458 456 447 481 497 471 466 448 411 484 500 507 480 449 467 473 455 462 445 454 490 508 509 499 474 474 401 417 449 452 433 416 433 459 448 443 473 492 504 433 446 459 430 405 418 451 448 487 481 452 425 469 454 401 432 443 462 484 488 494 489 484 481 475 479 512 502 469 453 375 386 482 468 488 442 430 434 464 494 510 496 465 464 444 462 466 457 503 514 486 452 441 422 421 389 428 452 481 429 467 451 445 462 426 444 442 436 444 431 411 428 439 438 447 486 447 434 458 452 483 491 454 464 473 507 451 451 448 411 429 444 473 469 457 469 423 454 440 476 476 433 455 430 417 443 424 430 450 473 439 420 486 485 484 491 530 505 488 479 460 474 470 462 449 458 469 488 480 464 474 499 466 439 442 433 387 405 362 371 390 437 432 445 454 489 472 445 392 400 432 421 395 387 426 469 446 413 397 387 446 473 479 471 475 463 481 490 490 477 522 520 449 438 469 447 481 481 532 487 423 436 466 461 467 489 442 437 433 436 437 477 517 549 515 489 471 426 445 480 488 499 447 408 442 440 488 469 470 446 453 489 496 484 482 462 442 474 494 489 479 458 452 489 492 464 463 491 481 424 410 468 492 464 425 438 438 472 431 463 466 430 441 473 469 444 411 438 422 427 450 428 446 435 454 428 450 488 458 510 455 456 444 436 400 428 427 469 453 424 434 434 445 407 365 434 486 466 430 472 498 481 488 490 511 485 499 492 494 472 491 473 424 401 439 442 473 457 403 430 433 398 452 456 439 495 499 488 478 474 500 476 417 409 444 483 416 422 443 448 459 415 387 399 409 450 494 489 433 448 485 468 483 488 470 498 527 489 470 460 439 459 475 462 403 418 434 415 429 462 468 451 413 448 432 460 434 457 487 457 434 409 402 401 461 448 471 487 466 478 528 500 477 454 411 454 483 464 459 
vem trace:

