SDId: 34570839
energy: 6.97266e+17
zenith: 0.558674
azimuth: 1.29868
GPSSeconc: 1125811015
stid: 342
spdistance: 645.037
radio trace:
434 420 400 402 411 429 422 434 423 447 435 413 383 373 411 464 441 451 447 422 407 402 374 380 394 412 402 413 400 419 422 424 412 396 385 407 410 427 419 427 415 419 427 431 432 416 407 412 413 422 414 415 403 412 404 406 377 394 414 440 442 441 439 446 434 439 406 421 405 376 383 405 390 412 400 378 423 413 434 438 438 449 430 395 392 386 408 395 397 406 409 435 425 435 402 382 398 434 413 398 392 396 422 425 426 413 417 395 406 401 387 418 416 378 393 402 381 381 396 413 426 410 419 424 437 422 413 396 413 415 390 392 406 420 408 394 392 388 412 416 438 436 433 461 435 435 430 430 415 427 430 404 399 426 420 434 438 451 430 438 420 394 404 407 400 417 416 434 438 418 373 376 367 384 396 434 436 428 431 451 441 441 421 439 413 391 378 381 386 383 395 410 406 407 394 441 446 434 430 406 422 425 426 417 405 409 389 428 421 416 412 420 418 442 438 435 407 386 397 391 401 396 395 366 385 393 396 390 417 459 430 413 409 415 377 406 419 408 389 381 402 417 407 404 408 416 423 414 398 409 402 381 427 424 418 401 429 426 412 425 435 459 456 415 411 428 421 406 399 407 447 431 438 424 436 434 449 434 437 447 435 451 447 410 392 376 382 413 418 423 403 417 410 416 433 426 435 390 392 410 417 413 413 394 412 424 402 432 427 416 372 393 430 421 425 426 437 434 420 408 434 420 407 400 419 433 448 422 399 408 400 384 376 386 398 404 394 380 392 400 435 425 418 400 376 378 359 393 392 388 381 404 414 418 407 421 422 397 396 423 405 404 411 386 405 388 382 404 400 411 402 402 395 386 396 409 426 438 424 395 392 404 433 428 406 407 417 400 418 428 434 424 398 380 387 404 417 396 427 428 436 424 413 376 394 406 428 397 411 428 435 425 420 410 427 418 433 416 422 425 456 452 424 397 409 418 417 427 418 414 409 404 388 404 422 416 426 439 444 419 429 446 448 432 442 449 434 424 436 396 414 402 423 431 441 430 424 435 430 441 410 423 407 422 430 405 393 408 371 392 406 452 428 404 412 419 421 417 373 379 377 400 421 437 435 409 411 394 383 379 398 414 406 415 410 430 441 433 412 406 413 411 423 402 395 416 433 420 417 396 405 399 419 421 422 435 427 418 416 417 424 439 418 422 432 424 424 420 419 410 414 425 430 421 417 413 432 418 401 399 433 430 436 430 433 451 431 416 420 411 442 436 429 427 405 400 406 427 430 413 406 395 417 432 433 452 457 434 440 452 460 433 423 396 400 421 446 420 408 420 433 435 418 405 411 403 407 389 389 403 378 417 443 455 452 441 462 435 401 416 409 419 432 411 403 399 405 407 389 386 382 370 401 418 407 398 418 440 434 406 380 408 372 392 409 441 453 446 444 427 421 404 391 371 402 427 420 427 423 397 395 396 406 420 420 411 432 439 405 398 428 396 405 402 401 420 405 406 400 395 407 398 424 445 428 442 395 396 371 403 401 420 439 450 409 423 408 399 411 415 444 415 397 394 371 405 433 447 460 423 412 423 450 454 424 411 419 396 406 405 401 418 386 418 433 429 445 432 442 438 443 427 425 420 441 435 416 397 416 418 393 385 378 392 409 405 402 407 438 446 410 387 396 414 425 398 394 407 399 397 431 411 400 403 414 419 449 440 418 443 419 410 385 392 391 381 387 396 378 392 390 402 374 378 402 414 412 409 
vem trace:

stid: 343
spdistance: 770.193
radio trace:
455 447 446 466 440 451 460 439 447 428 436 443 447 466 464 454 450 432 449 458 450 455 472 465 466 444 451 436 462 471 463 446 443 438 437 433 428 455 457 431 459 460 466 483 462 435 423 424 395 414 450 464 463 440 435 433 405 439 470 460 437 464 434 466 431 417 447 445 467 467 470 473 469 471 473 450 442 435 431 464 459 428 409 423 475 494 432 454 449 447 425 447 424 455 450 457 454 442 445 441 441 454 462 464 449 449 456 434 423 431 458 431 426 463 441 449 437 457 471 445 425 443 451 460 463 440 420 443 414 427 434 440 455 431 425 435 448 443 410 447 454 439 434 421 423 427 442 437 430 436 430 477 471 464 463 451 463 449 441 429 436 427 419 428 435 435 400 429 466 456 462 471 455 479 475 465 479 426 419 447 458 412 419 438 488 453 453 437 444 433 406 408 447 441 428 418 400 427 463 475 482 474 460 432 468 463 465 460 432 453 452 449 436 443 432 421 424 442 444 445 466 445 456 466 429 417 437 428 422 457 439 417 430 425 441 438 442 460 436 440 450 452 445 463 441 448 423 436 447 416 416 426 415 405 430 436 454 459 451 461 463 483 504 485 466 451 459 463 460 466 460 480 467 436 470 459 465 434 443 489 444 422 446 433 470 488 414 427 419 412 406 428 425 442 439 430 435 461 433 420 415 443 454 454 471 497 464 473 459 463 421 413 393 433 464 468 432 437 471 449 453 456 464 472 467 479 462 429 466 468 461 458 434 436 414 423 436 474 480 465 443 460 483 511 483 442 415 414 455 457 463 459 448 432 458 477 444 412 408 432 443 474 460 448 415 398 400 411 416 412 420 460 462 460 455 448 451 470 435 423 448 454 437 434 453 469 435 409 412 402 410 437 394 441 461 466 458 455 457 422 412 418 427 454 464 449 475 466 452 452 474 449 435 444 437 436 427 438 447 475 462 465 452 450 453 458 496 471 454 458 474 468 464 470 467 417 393 413 460 472 447 468 463 486 438 424 387 422 438 465 445 452 458 456 408 416 435 426 434 433 429 426 432 455 466 472 444 411 425 397 434 442 433 430 431 466 472 487 468 463 457 427 464 449 441 450 452 442 433 443 427 437 458 467 459 420 441 454 472 455 454 435 417 427 429 423 430 446 427 422 436 438 445 468 457 463 454 457 447 422 423 456 451 458 467 448 450 449 448 460 463 464 438 438 445 464 439 423 439 440 459 444 425 420 470 458 474 446 481 480 444 435 445 450 451 444 455 438 419 428 446 460 450 434 428 428 456 456 432 459 461 459 446 422 453 463 434 419 395 415 450 453 431 432 460 452 457 449 428 432 438 428 451 448 439 462 491 490 469 466 464 444 434 439 447 453 435 406 419 430 456 427 427 433 447 437 463 458 474 443 428 461 472 476 467 468 450 433 443 440 434 437 425 446 454 429 437 451 457 460 444 440 432 448 452 458 444 477 459 438 443 440 433 430 424 437 419 426 428 404 413 428 465 441 422 425 451 468 452 431 441 458 459 462 445 446 457 451 461 480 450 391 378 424 438 436 440 463 470 433 431 439 442 452 456 427 410 395 420 455 447 462 466 435 439 454 457 446 447 430 445 406 429 398 431 431 437 432 456 459 439 419 433 430 442 446 439 465 453 451 450 459 473 453 446 464 455 458 448 442 448 469 451 437 435 426 432 436 439 449 449 461 474 431 426 446 464 447 437 449 460 443 429 463 458 469 496 496 
vem trace:

stid: 341
spdistance: 1099.44
radio trace:
482 475 489 491 486 473 451 448 454 467 494 511 523 504 525 510 475 545 542 573 518 495 486 522 523 522 503 492 505 480 480 476 496 508 502 524 503 489 458 434 458 444 392 440 469 474 504 539 535 480 468 475 488 504 448 457 498 476 538 520 523 536 516 498 491 498 511 517 529 533 500 481 467 463 484 493 444 436 447 468 490 446 458 493 474 490 491 490 491 474 501 523 524 496 522 498 485 524 543 522 501 544 529 520 507 522 491 502 492 488 474 482 464 461 465 436 422 444 456 458 490 477 474 495 509 529 565 512 527 514 513 481 505 484 487 483 452 481 492 497 478 515 495 476 482 526 512 433 445 478 483 459 473 520 489 498 487 497 472 498 507 540 518 471 457 491 509 523 526 509 501 475 452 478 514 501 476 522 525 510 553 509 497 513 502 485 492 538 521 515 507 468 451 474 462 468 469 490 478 480 517 524 536 498 523 520 532 528 496 466 485 479 481 482 475 450 450 428 441 454 447 437 475 492 460 418 420 441 462 478 492 485 526 488 496 499 511 510 502 468 461 468 516 497 505 512 498 493 519 532 484 467 496 473 460 459 478 483 484 461 486 483 474 484 509 508 545 574 522 530 504 508 509 488 459 485 488 495 527 492 466 442 449 432 428 437 454 467 477 497 471 516 577 532 532 489 507 499 493 494 504 511 518 480 482 451 502 527 509 502 487 482 467 534 517 497 481 475 507 481 476 514 511 526 556 538 524 486 488 474 477 471 444 483 481 459 467 484 527 488 471 491 526 522 506 500 514 503 505 475 461 486 512 466 456 481 505 525 478 507 513 478 449 458 477 474 438 448 483 453 453 481 505 523 507 471 489 494 519 521 492 485 483 454 445 488 493 493 485 485 499 493 480 464 441 448 466 494 476 464 468 479 479 498 461 492 483 477 465 455 460 446 498 506 482 495 507 505 457 428 453 481 473 482 469 516 522 538 549 545 553 547 493 463 521 527 526 518 515 533 512 491 464 447 461 481 514 501 491 518 511 499 486 484 489 514 528 492 486 488 498 547 569 538 532 511 500 524 509 517 532 524 521 510 475 495 496 479 499 507 510 526 475 489 502 459 448 471 514 538 529 498 472 471 480 485 462 446 461 431 439 479 474 460 455 511 534 513 503 482 504 500 499 478 516 494 462 492 505 526 564 514 475 455 456 481 483 516 503 477 523 465 430 407 431 487 552 535 520 546 498 522 514 468 514 529 499 477 462 496 462 469 452 452 471 467 485 513 511 491 506 521 506 493 483 486 514 521 520 523 531 531 549 526 508 477 466 476 433 444 446 474 453 495 479 484 479 455 507 508 467 476 503 525 528 503 490 490 507 496 478 489 496 518 542 553 550 534 500 493 518 476 480 456 470 470 474 474 514 523 521 513 496 515 493 498 523 526 517 568 526 524 518 494 511 508 506 480 503 519 502 481 471 500 481 499 496 438 453 478 478 470 485 506 492 441 462 496 494 496 508 471 472 457 474 495 468 462 455 493 483 480 451 474 479 470 475 495 485 476 493 511 501 453 461 483 497 485 473 444 472 470 471 488 504 506 482 499 470 430 466 493 508 508 479 479 495 508 496 501 495 486 453 448 444 486 507 512 535 494 482 505 536 509 461 501 520 496 485 471 454 461 475 482 479 479 477 464 459 459 486 492 543 540 524 488 457 478 489 518 535 531 550 558 508 528 517 497 461 460 456 475 486 505 516 489 506 501 
vem trace:

stid: 341
spdistance: 1099.44
radio trace:
482 475 489 491 486 473 451 448 454 467 494 511 523 504 525 510 475 545 542 573 518 495 486 522 523 522 503 492 505 480 480 476 496 508 502 524 503 489 458 434 458 444 392 440 469 474 504 539 535 480 468 475 488 504 448 457 498 476 538 520 523 536 516 498 491 498 511 517 529 533 500 481 467 463 484 493 444 436 447 468 490 446 458 493 474 490 491 490 491 474 501 523 524 496 522 498 485 524 543 522 501 544 529 520 507 522 491 502 492 488 474 482 464 461 465 436 422 444 456 458 490 477 474 495 509 529 565 512 527 514 513 481 505 484 487 483 452 481 492 497 478 515 495 476 482 526 512 433 445 478 483 459 473 520 489 498 487 497 472 498 507 540 518 471 457 491 509 523 526 509 501 475 452 478 514 501 476 522 525 510 553 509 497 513 502 485 492 538 521 515 507 468 451 474 462 468 469 490 478 480 517 524 536 498 523 520 532 528 496 466 485 479 481 482 475 450 450 428 441 454 447 437 475 492 460 418 420 441 462 478 492 485 526 488 496 499 511 510 502 468 461 468 516 497 505 512 498 493 519 532 484 467 496 473 460 459 478 483 484 461 486 483 474 484 509 508 545 574 522 530 504 508 509 488 459 485 488 495 527 492 466 442 449 432 428 437 454 467 477 497 471 516 577 532 532 489 507 499 493 494 504 511 518 480 482 451 502 527 509 502 487 482 467 534 517 497 481 475 507 481 476 514 511 526 556 538 524 486 488 474 477 471 444 483 481 459 467 484 527 488 471 491 526 522 506 500 514 503 505 475 461 486 512 466 456 481 505 525 478 507 513 478 449 458 477 474 438 448 483 453 453 481 505 523 507 471 489 494 519 521 492 485 483 454 445 488 493 493 485 485 499 493 480 464 441 448 466 494 476 464 468 479 479 498 461 492 483 477 465 455 460 446 498 506 482 495 507 505 457 428 453 481 473 482 469 516 522 538 549 545 553 547 493 463 521 527 526 518 515 533 512 491 464 447 461 481 514 501 491 518 511 499 486 484 489 514 528 492 486 488 498 547 569 538 532 511 500 524 509 517 532 524 521 510 475 495 496 479 499 507 510 526 475 489 502 459 448 471 514 538 529 498 472 471 480 485 462 446 461 431 439 479 474 460 455 511 534 513 503 482 504 500 499 478 516 494 462 492 505 526 564 514 475 455 456 481 483 516 503 477 523 465 430 407 431 487 552 535 520 546 498 522 514 468 514 529 499 477 462 496 462 469 452 452 471 467 485 513 511 491 506 521 506 493 483 486 514 521 520 523 531 531 549 526 508 477 466 476 433 444 446 474 453 495 479 484 479 455 507 508 467 476 503 525 528 503 490 490 507 496 478 489 496 518 542 553 550 534 500 493 518 476 480 456 470 470 474 474 514 523 521 513 496 515 493 498 523 526 517 568 526 524 518 494 511 508 506 480 503 519 502 481 471 500 481 499 496 438 453 478 478 470 485 506 492 441 462 496 494 496 508 471 472 457 474 495 468 462 455 493 483 480 451 474 479 470 475 495 485 476 493 511 501 453 461 483 497 485 473 444 472 470 471 488 504 506 482 499 470 430 466 493 508 508 479 479 495 508 496 501 495 486 453 448 444 486 507 512 535 494 482 505 536 509 461 501 520 496 485 471 454 461 475 482 479 479 477 464 459 459 486 492 543 540 524 488 457 478 489 518 535 531 550 558 508 528 517 497 461 460 456 475 486 505 516 489 506 501 
vem trace:

stid: 332
spdistance: 1561.16
radio trace:
535 522 557 561 546 565 592 569 566 571 553 580 536 508 518 555 526 551 566 544 551 567 539 554 541 581 553 522 534 561 547 540 539 535 556 538 538 547 537 565 541 523 549 524 505 501 509 515 538 536 532 523 534 564 562 565 544 550 563 538 554 545 565 578 553 533 538 576 592 588 560 530 553 546 537 513 531 535 549 532 523 519 521 533 520 529 541 555 532 525 564 542 549 523 534 555 538 563 576 541 536 553 551 554 561 558 559 567 560 539 534 513 521 557 545 539 553 577 533 526 561 540 556 561 544 541 544 527 549 526 546 561 542 525 526 523 549 542 509 474 523 544 548 573 559 533 510 498 537 566 546 561 575 576 568 523 526 509 543 522 546 512 531 527 559 559 585 599 528 534 500 535 529 527 547 527 553 575 529 513 529 499 523 528 562 547 527 524 518 522 554 518 548 520 539 546 524 548 547 542 568 595 562 523 536 542 544 526 560 534 539 544 564 531 546 546 543 566 538 535 544 579 571 546 509 504 510 533 522 522 511 518 542 541 548 584 556 539 540 532 569 565 553 572 564 554 528 551 561 553 525 550 539 515 528 551 543 563 519 536 531 531 555 563 562 536 529 529 538 553 566 585 575 544 547 536 566 576 552 562 563 577 551 573 561 574 561 547 569 556 543 541 550 560 573 516 501 503 529 545 571 579 583 579 584 582 514 532 576 538 526 530 537 514 502 524 556 562 554 542 533 551 521 531 546 570 535 497 527 536 529 547 581 581 566 543 569 577 558 544 514 515 566 558 520 530 562 540 552 570 567 570 555 562 549 535 551 524 524 535 539 521 551 546 576 513 524 541 532 523 537 541 516 492 568 577 559 565 572 581 550 544 519 502 491 515 530 517 550 571 533 522 524 555 555 532 545 557 553 522 501 548 527 559 525 535 497 523 552 531 494 505 518 535 547 537 518 524 494 563 575 537 520 535 581 539 519 488 537 566 569 588 575 575 502 490 499 512 564 571 575 552 520 541 540 544 560 522 530 528 537 545 548 575 553 556 558 549 549 575 541 549 528 496 555 579 579 589 582 557 533 529 529 490 524 504 497 526 536 516 540 550 525 555 561 568 530 494 495 512 526 509 538 532 509 457 489 496 511 528 511 528 529 508 534 524 526 546 543 534 522 523 570 555 516 514 506 514 513 499 519 554 538 519 524 542 518 507 532 542 542 560 582 599 564 545 563 538 552 541 515 514 542 538 539 526 564 557 535 549 530 526 530 521 515 539 509 509 483 509 538 531 524 544 527 501 542 508 525 554 517 538 545 549 538 510 540 559 530 523 522 532 516 527 554 573 547 562 538 509 476 495 509 516 539 523 540 535 542 522 541 533 568 541 548 566 559 524 502 541 571 591 587 593 567 528 540 502 485 507 507 512 499 535 508 512 548 534 523 538 563 523 546 538 565 535 544 515 515 539 556 549 574 531 543 504 486 533 552 576 557 574 582 559 568 563 554 549 552 555 562 530 508 505 512 534 543 540 519 519 505 544 522 515 528 523 562 553 536 551 554 575 551 533 553 558 553 548 537 562 581 545 513 521 504 507 531 546 545 535 520 536 544 552 550 573 565 594 559 476 523 524 523 490 535 541 549 530 569 545 551 552 498 504 503 487 541 558 552 553 535 561 529 561 532 519 516 552 542 491 504 533 537 537 517 546 571 560 537 547 536 487 482 539 530 520 506 524 527 487 492 536 554 508 490 517 539 513 
vem trace:

