SDId: 34760895
energy: 2.48316e+17
zenith: 0.284545
azimuth: 4.6895
GPSSeconc: 1126835974
stid: 419
spdistance: 2343.88
radio trace:
458 441 434 450 443 460 466 493 487 462 462 513 510 485 492 493 489 461 440 417 428 447 474 440 448 446 425 440 441 455 490 551 518 460 506 524 472 467 381 382 462 450 460 444 474 487 450 462 499 455 451 459 466 487 460 467 464 504 469 453 437 423 444 488 477 431 486 488 496 461 474 479 449 454 495 501 498 458 453 455 440 443 445 436 478 469 523 474 493 521 481 475 481 473 516 464 435 429 469 469 447 429 442 436 444 428 465 480 506 525 486 466 413 463 502 467 483 465 501 446 486 467 472 468 454 464 495 478 495 454 454 474 461 453 475 451 482 471 486 486 497 504 473 471 503 492 504 470 463 478 494 455 473 476 490 526 478 479 459 492 518 505 513 509 485 477 480 493 489 465 473 465 485 480 491 504 527 454 439 453 469 451 470 468 485 439 490 455 444 430 468 481 491 448 487 488 503 485 452 473 468 450 424 481 470 473 435 434 392 422 457 481 460 487 459 438 477 480 496 471 447 422 436 485 474 485 476 492 477 453 524 486 432 469 469 428 471 486 498 497 499 481 469 473 482 501 496 516 474 472 462 483 485 473 511 478 506 517 513 468 475 441 473 477 484 482 498 487 520 552 514 502 434 458 514 491 455 426 406 428 435 470 483 512 486 493 490 474 456 446 443 450 422 470 490 497 480 494 469 421 451 444 456 468 458 456 423 400 477 492 462 457 447 458 493 472 487 490 492 438 419 420 415 420 445 462 483 453 477 504 480 477 482 475 475 485 455 430 452 490 489 472 451 473 510 487 495 527 510 488 450 404 433 438 488 460 446 483 503 520 566 513 486 475 491 511 523 506 483 495 514 475 459 494 444 459 519 538 509 501 496 474 465 466 467 517 529 496 518 499 495 438 451 435 452 480 455 412 408 438 432 384 432 470 494 491 469 474 433 438 441 468 503 506 499 470 461 455 489 475 428 372 433 474 440 468 453 426 448 486 525 518 528 510 463 433 445 469 475 518 516 479 476 429 439 438 426 423 426 430 453 495 504 528 519 503 486 465 441 457 467 502 503 477 422 462 474 489 530 543 515 488 458 469 441 440 427 440 493 514 479 460 424 428 449 421 446 486 475 474 481 437 442 461 516 461 436 458 490 515 486 492 510 514 457 455 477 466 466 435 410 424 458 468 493 510 494 521 523 519 523 476 493 470 500 504 490 438 475 486 482 418 451 492 509 515 492 511 480 443 430 475 444 449 465 478 463 465 503 490 505 515 481 487 490 461 472 472 508 505 507 496 482 481 453 499 543 504 525 476 496 505 495 474 494 510 541 484 540 493 485 479 485 514 490 491 451 423 431 418 451 501 475 503 503 423 477 464 471 465 477 452 455 454 428 418 458 507 529 518 510 469 419 438 472 513 458 468 440 443 456 507 482 485 475 467 452 482 472 458 480 466 492 478 495 480 488 498 460 441 489 530 513 513 502 479 479 487 502 488 475 454 432 451 468 476 478 436 448 456 480 494 503 453 479 452 463 494 497 486 480 497 474 518 499 456 441 450 462 484 473 450 478 447 488 451 457 482 495 451 454 487 507 497 513 522 510 527 465 461 475 484 470 454 432 456 474 487 472 500 451 464 473 444 409 474 504 457 473 467 463 440 463 486 483 425 425 448 469 453 461 465 454 477 495 423 401 448 449 408 417 394 421 440 493 495 483 459 441 456 506 479 441 462 460 468 456 483 483 499 488 449 484 520 509 491 546 565 
vem trace:

stid: 343
spdistance: 866.712
radio trace:
499 484 470 469 451 451 468 467 466 464 455 403 418 413 425 407 439 453 435 420 434 436 442 467 445 437 434 477 467 446 423 397 408 441 449 463 468 445 468 484 470 458 466 458 434 422 431 416 418 465 458 473 444 434 463 465 444 466 490 460 447 438 417 433 447 472 484 475 439 435 446 432 422 430 441 432 453 426 424 407 433 462 461 441 419 433 466 452 462 465 477 440 437 471 469 458 445 432 411 419 426 439 431 408 399 438 443 439 432 463 441 440 433 421 426 428 452 450 442 465 412 418 421 429 449 424 441 451 454 423 434 414 445 425 421 423 457 461 436 422 434 457 437 430 430 441 449 429 445 444 455 462 483 471 472 459 464 458 452 456 469 489 474 470 472 446 478 463 453 464 435 425 430 453 446 458 456 465 479 456 464 465 482 465 451 451 452 455 454 458 452 488 468 454 441 460 456 453 458 455 458 454 456 451 458 455 452 478 466 458 436 457 445 454 458 443 436 433 456 441 447 454 453 480 451 426 453 460 433 429 423 453 462 456 440 434 462 476 477 443 428 470 422 422 393 410 436 456 461 457 446 469 452 442 437 460 454 467 434 437 464 465 488 470 461 446 452 469 475 448 459 411 441 470 458 429 423 434 486 466 447 469 483 470 433 433 459 464 494 484 451 424 415 419 428 434 437 451 423 425 438 440 469 440 445 438 464 479 445 447 423 437 449 465 476 467 444 472 465 464 445 448 432 425 438 449 443 479 486 463 471 470 445 463 480 456 454 447 440 457 441 464 481 490 493 469 438 436 473 455 454 490 466 465 452 454 440 416 441 433 448 458 454 466 463 473 461 422 415 440 468 472 485 468 467 490 474 466 465 483 486 430 437 449 466 453 465 494 464 471 448 472 435 422 444 475 486 479 485 456 450 497 491 482 435 447 446 446 442 440 438 433 444 458 472 468 459 450 476 481 452 457 487 466 451 457 457 414 441 405 399 428 452 467 460 440 456 437 430 405 417 438 441 464 473 494 481 468 453 470 463 475 472 478 487 457 436 461 450 457 432 434 441 465 472 478 485 504 480 476 457 449 423 447 435 461 464 465 489 469 432 437 437 477 478 467 457 447 428 427 430 459 452 467 457 472 462 476 478 456 424 418 436 426 468 476 470 447 444 431 409 430 434 450 424 447 419 425 453 464 462 488 464 467 476 448 472 483 407 411 451 442 436 459 457 457 440 457 427 446 445 448 457 434 431 464 463 443 445 432 425 446 449 445 439 436 425 448 480 461 469 463 426 429 448 450 447 435 427 467 453 448 450 456 460 453 462 481 476 445 433 430 461 481 464 440 460 474 466 474 463 428 449 490 438 407 441 429 471 485 466 462 443 446 472 429 444 445 414 411 436 408 426 438 464 463 464 476 464 444 438 440 444 433 429 447 449 477 506 516 473 447 454 440 420 431 444 465 462 439 425 455 468 466 443 437 446 454 454 450 451 484 482 499 487 456 452 454 471 454 437 447 443 465 475 469 444 460 467 452 422 437 424 469 462 447 464 482 484 445 430 454 448 481 471 473 455 458 454 451 441 475 470 473 450 449 471 468 486 450 451 472 455 474 477 457 440 474 475 475 452 464 444 461 465 464 453 450 453 480 464 455 423 496 462 455 482 459 451 440 415 427 437 472 466 426 453 447 456 454 469 483 464 472 481 471 494 471 460 472 444 455 437 455 448 457 447 476 471 432 463 472 491 497 484 480 462 466 
vem trace:

