SDId: 34694812
energy: 1.02313e+18
zenith: 0.599102
azimuth: 0.0254848
GPSSeconc: 1126469169
stid: 343
spdistance: 570.867
radio trace:
461 458 457 412 431 449 482 479 453 444 464 448 460 490 454 455 426 445 430 428 427 426 443 442 429 446 462 463 487 479 437 474 458 437 432 426 457 469 447 431 447 469 481 440 456 454 451 463 459 454 463 473 483 481 469 459 461 439 470 461 431 391 450 492 452 447 476 469 437 426 427 449 457 470 495 484 452 458 473 477 475 478 459 493 480 480 476 493 490 494 483 483 458 483 483 461 466 458 476 488 452 447 461 437 465 453 455 459 478 478 484 458 474 481 458 450 448 478 499 489 460 441 453 448 454 445 449 480 492 483 481 495 504 487 493 465 466 457 465 456 450 430 477 484 467 459 472 437 439 448 452 454 435 429 453 445 458 473 475 483 499 463 458 461 406 433 439 476 455 448 460 457 475 445 419 443 449 457 455 462 477 474 449 473 469 482 475 459 461 470 436 439 487 478 451 458 460 402 433 421 443 471 464 471 473 481 475 469 476 490 472 474 486 476 462 452 468 435 415 435 443 472 471 465 447 450 463 458 483 481 506 484 463 446 451 456 435 465 467 433 440 460 476 483 463 450 405 396 436 448 425 440 436 436 448 485 481 439 430 421 453 469 482 467 466 466 449 465 466 454 491 501 473 467 468 471 474 449 464 456 476 502 484 481 445 445 440 419 439 453 467 455 448 479 461 470 478 478 479 455 488 476 493 490 482 488 467 465 457 448 445 451 485 488 451 411 401 454 427 436 459 428 414 419 439 446 437 438 448 449 420 432 433 452 453 438 459 466 452 455 469 451 448 454 461 465 482 452 440 431 451 447 479 501 479 484 487 487 479 494 464 447 453 489 472 493 494 498 486 471 460 445 457 472 454 459 461 461 446 451 472 480 441 463 442 422 449 416 429 443 413 435 450 412 437 434 454 476 462 470 470 470 443 455 453 440 417 429 420 398 404 452 430 455 474 469 466 460 447 446 438 468 460 453 468 472 470 471 474 451 456 449 451 428 439 460 473 468 465 497 475 416 416 392 422 453 434 411 422 460 452 468 441 445 441 487 485 455 468 472 476 450 471 480 482 450 454 428 456 433 432 447 485 510 476 434 485 490 495 497 485 481 453 463 452 472 482 502 509 499 471 462 475 466 466 463 430 447 432 451 449 458 425 428 461 452 488 460 425 452 465 455 431 417 426 444 455 476 461 460 485 498 492 488 458 473 483 509 489 464 469 458 488 470 466 452 465 462 453 460 476 497 474 456 473 465 444 443 451 453 453 423 439 457 445 439 460 478 486 452 439 480 442 449 470 476 475 481 475 479 474 469 437 436 454 446 420 438 456 451 450 442 486 461 453 462 456 455 461 472 468 453 439 437 432 431 432 466 457 460 448 467 469 434 420 440 448 453 467 453 448 439 444 452 421 451 459 467 466 460 451 468 470 435 451 460 472 491 491 458 463 472 495 482 482 502 483 458 433 451 453 466 469 445 471 486 503 473 485 479 465 433 459 472 471 433 425 463 450 456 455 458 465 444 451 454 456 453 472 441 457 467 478 495 485 472 465 472 452 454 462 454 453 457 467 484 476 472 502 471 469 454 452 451 456 450 478 447 436 459 472 471 458 457 444 457 451 454 452 480 483 472 440 459 455 472 452 453 461 453 439 443 432 450 467 447 438 440 461 454 442 417 448 494 473 440 429 400 418 438 470 469 457 457 438 463 465 412 434 428 425 428 418 454 452 444 431 458 464 460 457 467 447 448 444 459 461 493 
vem trace:

stid: 419
spdistance: 816.425
radio trace:
554 532 553 520 484 461 482 492 527 509 517 479 482 538 503 516 524 538 524 538 538 527 496 483 495 500 523 514 465 467 477 493 455 477 513 536 529 534 496 514 541 493 485 456 454 478 508 501 476 468 506 502 525 497 484 507 502 451 436 475 513 532 525 503 504 523 525 513 479 495 536 498 496 520 543 535 534 485 489 502 528 534 486 447 485 461 461 471 483 463 423 447 479 517 554 533 513 424 419 462 496 507 503 456 467 466 497 523 524 518 513 479 491 536 520 515 510 517 541 499 538 551 505 508 511 502 454 467 494 509 455 475 469 469 470 440 461 490 465 468 459 479 481 460 418 451 481 476 470 474 506 534 509 534 499 490 482 466 480 476 508 535 523 502 534 495 500 528 531 537 515 547 538 528 521 482 471 498 497 492 448 521 501 499 494 458 476 485 473 529 481 484 493 503 515 494 482 510 511 518 522 500 464 481 482 486 448 463 478 484 486 481 439 451 501 519 522 461 487 470 482 475 524 492 474 458 486 475 483 448 434 509 488 456 442 426 417 474 510 479 495 518 544 515 482 486 521 535 521 509 513 485 535 516 484 478 530 565 477 492 463 435 408 442 498 494 476 444 486 498 420 470 501 471 488 475 474 484 501 488 519 524 498 456 463 442 479 456 444 504 513 518 523 474 497 484 507 517 496 519 515 527 485 465 462 494 488 459 501 502 475 437 429 502 496 468 483 494 497 494 463 527 524 528 532 510 512 522 504 447 468 527 476 458 519 496 489 476 482 501 495 507 515 514 480 505 490 505 530 539 556 503 492 449 465 485 467 484 454 425 460 474 473 493 521 515 534 518 474 513 522 496 496 454 441 461 473 496 473 491 453 486 480 506 502 523 524 510 453 454 491 501 473 490 481 481 504 502 486 472 472 439 447 446 496 496 500 513 529 536 532 543 547 510 475 467 449 468 455 474 492 487 513 489 502 477 467 502 530 511 490 463 514 512 475 467 416 478 470 467 495 505 505 490 483 469 418 383 428 435 420 448 416 462 483 491 481 482 445 448 500 538 528 528 493 495 510 482 505 522 501 493 515 541 529 537 542 552 559 484 461 456 514 535 483 496 524 474 462 492 477 471 473 455 503 485 488 466 450 442 446 466 490 483 496 462 459 501 505 494 480 501 527 531 486 493 493 527 519 497 520 481 478 479 471 485 514 479 433 475 451 448 426 452 496 511 481 488 461 433 444 490 453 435 404 438 466 474 480 461 486 496 497 498 494 474 473 442 430 444 475 468 476 508 526 492 457 451 483 465 480 479 488 487 477 496 516 527 506 496 485 464 506 505 510 515 516 494 486 485 458 463 466 477 505 536 522 539 486 482 451 437 470 477 500 480 522 528 528 537 512 506 535 496 512 545 570 537 480 471 498 460 465 488 474 476 507 497 457 449 417 438 481 483 453 437 458 457 464 454 506 463 493 466 457 480 509 483 492 505 511 529 521 497 472 510 535 470 468 464 467 472 477 475 478 479 517 511 484 506 523 481 487 547 514 495 505 467 470 459 483 472 496 493 501 477 480 501 552 548 537 546 473 465 427 460 458 478 480 475 504 489 479 446 489 516 514 516 453 459 485 458 401 428 416 431 433 490 508 520 561 533 511 494 520 559 549 533 530 531 492 502 502 478 489 493 483 460 453 499 505 488 482 443 461 458 457 482 496 502 476 434 466 425 479 519 511 512 491 471 442 475 493 489 474 479 483 525 
vem trace:

