SDId: 34633881
energy: 1.64514e+17
zenith: 0.269915
azimuth: 2.67217
GPSSeconc: 1126154559
stid: 341
spdistance: 1015.39
radio trace:
502 517 496 466 466 481 473 478 496 490 493 499 465 447 506 487 444 450 473 463 499 556 530 496 509 504 491 514 492 474 490 501 523 501 467 437 452 462 507 513 487 505 478 432 482 492 462 489 525 501 484 484 512 511 495 497 475 467 497 473 453 461 489 485 456 462 481 467 506 464 450 448 448 446 473 498 480 468 463 469 457 467 514 510 516 503 480 456 473 482 497 487 480 466 501 513 481 482 475 480 487 496 519 511 512 462 428 436 442 441 461 525 504 487 473 493 451 475 480 499 481 473 475 456 470 501 507 495 520 519 478 457 514 509 509 488 522 510 496 503 497 482 511 513 516 525 505 493 480 462 461 465 465 463 490 497 523 506 533 503 463 443 445 486 496 533 486 482 473 486 492 493 521 468 460 461 473 481 468 481 461 502 506 479 482 493 468 451 454 504 514 531 529 519 495 512 519 507 469 434 457 462 457 489 492 510 499 506 486 494 485 518 505 482 508 492 514 502 498 493 479 465 487 500 497 493 495 488 536 521 470 463 452 479 511 532 560 564 528 538 510 522 518 500 490 485 455 455 468 515 486 434 485 513 510 522 505 466 475 499 512 498 466 468 470 464 465 430 441 434 486 504 505 517 507 504 476 484 472 497 504 464 497 490 472 440 446 482 512 506 465 496 486 512 510 484 465 487 491 472 476 442 459 497 524 495 470 451 469 480 507 495 461 477 501 524 512 475 472 497 501 501 496 473 490 479 467 501 487 480 477 479 496 486 475 435 443 463 450 488 472 481 476 459 502 509 536 507 503 500 475 495 505 496 499 488 454 489 472 471 454 459 486 492 500 537 522 511 524 507 475 452 445 459 448 471 498 516 509 509 485 475 524 550 521 506 487 475 489 510 489 472 479 508 464 443 440 444 473 493 537 503 477 502 506 492 501 488 454 433 447 476 483 518 509 519 538 515 477 468 487 528 497 458 497 498 474 465 476 512 468 434 461 483 475 473 456 461 469 443 459 461 477 477 468 466 483 489 491 509 516 513 483 533 509 502 488 506 533 506 504 458 496 496 468 467 464 484 483 491 485 480 480 541 533 504 507 517 511 471 458 488 516 483 475 507 480 465 471 490 512 526 534 516 472 469 469 491 531 499 461 483 480 521 501 468 522 528 530 506 545 554 521 511 508 505 507 487 479 493 515 515 507 512 503 472 502 473 479 507 494 465 496 487 493 460 435 422 463 508 521 532 532 509 490 494 514 500 496 512 504 474 482 531 520 504 461 450 441 449 471 477 508 466 467 478 456 470 489 511 455 479 462 514 536 494 478 499 491 485 471 468 449 458 479 469 463 504 506 491 462 440 453 488 473 503 485 435 440 469 475 456 473 498 466 478 450 434 470 474 488 509 492 511 504 498 491 477 534 529 528 476 501 466 465 501 540 499 478 492 472 462 455 428 494 513 503 491 495 475 477 447 468 480 480 550 544 483 502 476 477 486 489 457 436 468 489 532 502 506 481 492 500 481 489 510 461 458 495 532 480 453 460 452 491 466 474 511 498 497 490 491 516 520 512 494 499 489 508 528 524 490 477 484 461 474 515 501 471 437 430 426 454 460 464 473 495 507 520 522 512 506 511 504 493 497 485 510 521 496 476 471 486 471 470 471 457 481 476 514 506 520 525 536 512 482 483 482 469 494 513 494 489 448 469 489 469 476 506 468 458 486 464 514 534 505 453 427 426 466 453 470 516 511 473 500 503 486 
vem trace:

stid: 341
spdistance: 1015.39
radio trace:
502 517 496 466 466 481 473 478 496 490 493 499 465 447 506 487 444 450 473 463 499 556 530 496 509 504 491 514 492 474 490 501 523 501 467 437 452 462 507 513 487 505 478 432 482 492 462 489 525 501 484 484 512 511 495 497 475 467 497 473 453 461 489 485 456 462 481 467 506 464 450 448 448 446 473 498 480 468 463 469 457 467 514 510 516 503 480 456 473 482 497 487 480 466 501 513 481 482 475 480 487 496 519 511 512 462 428 436 442 441 461 525 504 487 473 493 451 475 480 499 481 473 475 456 470 501 507 495 520 519 478 457 514 509 509 488 522 510 496 503 497 482 511 513 516 525 505 493 480 462 461 465 465 463 490 497 523 506 533 503 463 443 445 486 496 533 486 482 473 486 492 493 521 468 460 461 473 481 468 481 461 502 506 479 482 493 468 451 454 504 514 531 529 519 495 512 519 507 469 434 457 462 457 489 492 510 499 506 486 494 485 518 505 482 508 492 514 502 498 493 479 465 487 500 497 493 495 488 536 521 470 463 452 479 511 532 560 564 528 538 510 522 518 500 490 485 455 455 468 515 486 434 485 513 510 522 505 466 475 499 512 498 466 468 470 464 465 430 441 434 486 504 505 517 507 504 476 484 472 497 504 464 497 490 472 440 446 482 512 506 465 496 486 512 510 484 465 487 491 472 476 442 459 497 524 495 470 451 469 480 507 495 461 477 501 524 512 475 472 497 501 501 496 473 490 479 467 501 487 480 477 479 496 486 475 435 443 463 450 488 472 481 476 459 502 509 536 507 503 500 475 495 505 496 499 488 454 489 472 471 454 459 486 492 500 537 522 511 524 507 475 452 445 459 448 471 498 516 509 509 485 475 524 550 521 506 487 475 489 510 489 472 479 508 464 443 440 444 473 493 537 503 477 502 506 492 501 488 454 433 447 476 483 518 509 519 538 515 477 468 487 528 497 458 497 498 474 465 476 512 468 434 461 483 475 473 456 461 469 443 459 461 477 477 468 466 483 489 491 509 516 513 483 533 509 502 488 506 533 506 504 458 496 496 468 467 464 484 483 491 485 480 480 541 533 504 507 517 511 471 458 488 516 483 475 507 480 465 471 490 512 526 534 516 472 469 469 491 531 499 461 483 480 521 501 468 522 528 530 506 545 554 521 511 508 505 507 487 479 493 515 515 507 512 503 472 502 473 479 507 494 465 496 487 493 460 435 422 463 508 521 532 532 509 490 494 514 500 496 512 504 474 482 531 520 504 461 450 441 449 471 477 508 466 467 478 456 470 489 511 455 479 462 514 536 494 478 499 491 485 471 468 449 458 479 469 463 504 506 491 462 440 453 488 473 503 485 435 440 469 475 456 473 498 466 478 450 434 470 474 488 509 492 511 504 498 491 477 534 529 528 476 501 466 465 501 540 499 478 492 472 462 455 428 494 513 503 491 495 475 477 447 468 480 480 550 544 483 502 476 477 486 489 457 436 468 489 532 502 506 481 492 500 481 489 510 461 458 495 532 480 453 460 452 491 466 474 511 498 497 490 491 516 520 512 494 499 489 508 528 524 490 477 484 461 474 515 501 471 437 430 426 454 460 464 473 495 507 520 522 512 506 511 504 493 497 485 510 521 496 476 471 486 471 470 471 457 481 476 514 506 520 525 536 512 482 483 482 469 494 513 494 489 448 469 489 469 476 506 468 458 486 464 514 534 505 453 427 426 466 453 470 516 511 473 500 503 486 
vem trace:

stid: 343
spdistance: 1030.42
radio trace:
462 442 433 462 461 443 431 431 458 465 456 451 451 401 427 415 425 432 431 411 406 399 429 462 476 462 496 483 449 450 466 460 443 437 416 406 416 414 440 484 450 424 402 393 427 433 392 426 436 441 451 442 427 462 450 416 405 426 444 433 435 458 438 459 449 427 414 447 457 412 419 405 420 435 458 437 445 453 462 445 422 437 412 449 447 453 429 458 444 457 415 422 425 430 421 432 415 406 425 420 405 408 404 430 431 420 430 425 437 440 463 464 466 462 456 460 451 429 408 414 408 404 444 456 414 405 416 439 456 448 442 448 424 436 427 431 434 454 441 405 393 403 405 452 489 444 420 416 404 432 458 470 443 434 428 447 437 471 448 413 405 394 405 416 433 423 426 453 458 469 459 433 443 439 434 456 433 434 446 460 467 465 466 480 493 496 470 433 427 438 450 431 438 419 399 415 429 430 434 443 425 431 424 420 424 441 488 444 445 431 453 435 424 430 429 429 472 444 441 453 461 444 424 431 424 417 418 407 408 435 418 401 437 438 448 438 445 455 492 452 451 459 438 431 443 433 420 436 433 415 412 442 415 441 446 433 431 442 430 461 442 440 453 463 463 428 393 449 468 467 470 483 455 436 418 424 440 443 451 427 422 396 418 407 402 425 428 439 437 405 403 409 427 437 444 446 447 424 430 428 425 424 415 401 436 414 388 400 430 415 425 443 443 446 442 415 422 400 390 426 414 449 451 434 454 472 460 490 483 442 421 444 451 447 438 441 420 424 409 433 428 407 413 411 409 394 429 429 453 437 451 424 447 470 459 431 445 443 460 413 429 417 448 443 430 449 456 452 434 430 398 390 385 417 433 442 468 468 441 428 448 432 443 467 432 437 432 435 425 457 454 449 430 391 424 446 431 461 447 423 424 452 467 446 438 455 475 476 472 424 438 444 454 446 467 426 458 459 443 435 445 475 462 481 478 460 445 449 471 473 446 420 431 466 463 440 449 411 431 432 442 434 447 423 418 392 400 392 420 452 438 451 459 437 407 424 450 458 433 455 450 424 422 439 424 417 433 421 422 409 392 405 458 466 476 456 432 424 433 425 431 463 453 444 486 492 466 434 425 431 438 450 431 462 477 434 399 439 430 432 464 416 428 461 464 461 432 422 446 478 490 472 489 440 430 430 454 451 447 450 435 448 442 438 414 435 442 426 422 428 440 445 409 415 426 437 413 409 422 437 455 430 422 421 434 431 401 419 440 404 415 404 446 431 437 458 457 477 405 387 425 437 450 446 446 429 441 453 464 440 432 462 459 462 465 441 450 439 421 425 403 423 439 464 473 442 429 463 445 461 455 433 421 409 405 441 452 436 437 440 436 430 417 398 432 429 431 433 440 440 437 416 410 411 404 440 464 459 446 426 441 427 439 456 430 432 446 462 467 473 482 472 463 466 443 397 435 434 421 429 420 418 427 434 429 420 442 441 431 410 415 409 425 416 436 415 441 419 418 428 439 416 410 450 475 469 469 442 452 465 459 435 472 451 449 457 472 438 453 454 448 431 420 422 445 442 448 431 417 399 428 440 438 441 448 461 456 454 439 446 454 466 485 432 445 446 439 418 423 401 392 411 428 392 410 420 435 439 445 418 419 420 397 428 462 457 456 448 419 425 430 415 404 447 449 436 438 415 421 406 433 446 423 416 409 404 406 432 411 428 445 431 433 414 451 453 430 393 402 402 393 393 401 402 420 430 418 449 
vem trace:

