SDId: 34642867
energy: 5.36548e+17
zenith: 0.785183
azimuth: 3.04101
GPSSeconc: 1126202468
stid: 333
spdistance: 743.124
radio trace:
482 521 516 469 460 445 463 486 477 484 495 497 469 467 453 496 491 482 497 526 496 458 457 479 468 476 492 531 507 475 474 488 510 491 469 460 470 488 492 466 459 454 471 479 498 491 472 483 461 451 458 431 422 450 481 480 440 497 508 473 459 464 440 419 494 485 512 438 436 472 471 471 455 444 512 472 475 470 485 470 458 441 470 476 503 517 483 479 504 485 486 446 430 489 489 481 532 530 510 527 514 510 508 481 478 484 502 504 487 463 522 518 471 472 485 512 454 456 474 488 469 464 456 447 459 464 450 449 437 461 422 444 450 447 459 438 402 455 461 485 475 499 461 482 489 473 467 477 505 510 493 510 526 504 483 504 499 498 499 502 473 478 488 468 484 477 492 491 492 478 443 410 416 412 446 461 472 467 498 530 511 511 517 520 522 462 469 461 478 495 507 488 488 450 468 448 480 491 507 491 457 502 457 470 462 424 447 452 450 458 454 476 479 474 449 465 493 477 474 466 473 464 473 508 500 507 462 434 466 475 476 472 466 477 454 458 473 471 448 458 466 481 509 490 476 503 461 494 489 502 483 504 498 503 482 501 485 496 481 477 511 491 488 542 545 546 502 495 490 491 492 523 486 502 488 474 498 518 519 515 504 491 511 473 467 484 481 492 483 463 451 444 485 468 504 516 489 526 497 484 472 503 489 473 472 492 503 491 508 500 493 507 487 459 468 480 481 462 456 462 418 451 475 468 437 423 460 478 466 490 484 460 472 472 461 471 497 509 461 434 468 510 515 493 469 493 527 515 496 457 463 478 508 499 489 478 504 494 480 450 464 469 452 458 482 467 481 507 469 428 442 464 471 489 485 464 497 517 526 503 512 480 467 471 414 419 445 486 486 491 483 489 477 482 473 466 487 439 471 471 448 475 471 506 470 469 466 461 474 475 479 479 492 482 514 498 494 492 514 501 486 489 503 507 472 456 490 527 515 500 510 488 512 498 466 486 464 510 492 469 461 468 470 477 480 483 476 464 487 491 504 483 467 474 474 461 447 488 487 486 513 557 500 459 420 429 478 485 496 470 479 477 456 468 425 496 533 544 509 492 449 465 491 531 491 475 498 506 516 495 489 474 474 522 534 526 502 516 509 479 483 483 475 484 518 511 489 481 471 479 520 475 459 452 468 481 423 422 443 438 469 470 458 482 487 496 512 459 475 497 485 488 487 510 517 491 485 491 471 451 457 460 455 494 480 487 508 531 520 534 497 491 477 474 481 492 495 507 495 503 523 529 514 492 468 418 462 461 419 429 464 453 455 480 476 487 485 469 463 469 487 450 466 465 459 442 463 455 453 456 466 476 490 490 510 515 488 524 510 493 485 485 513 477 487 497 543 524 500 482 490 494 509 521 526 480 448 434 455 478 478 494 479 502 483 480 462 474 485 458 479 466 492 469 452 455 458 442 464 482 470 485 487 496 453 469 463 482 473 452 420 454 478 486 482 454 435 480 482 482 467 458 492 466 446 445 439 483 469 451 446 425 446 474 470 500 486 451 468 478 473 473 491 513 502 494 473 482 500 502 497 480 502 513 490 526 476 446 474 456 431 455 501 466 474 458 440 483 480 475 451 467 461 508 456 448 465 473 499 512 479 518 491 508 525 550 539 516 483 475 511 509 503 517 500 488 497 468 463 474 488 454 478 481 462 460 471 496 507 516 503 487 509 497 478 492 494 487 505 471 495 516 483 455 456 503 503 522 
vem trace:

stid: 332
spdistance: 924.569
radio trace:
523 558 569 568 550 532 555 565 580 549 521 540 522 513 535 525 586 558 566 564 574 595 572 566 535 540 546 552 574 526 559 558 520 535 567 585 579 522 500 471 500 579 557 554 528 506 531 523 513 543 573 550 553 541 565 564 555 562 568 536 525 526 536 543 509 535 581 592 594 599 579 586 546 509 513 502 504 547 544 531 533 544 565 578 563 547 549 570 583 575 546 552 546 587 560 556 572 562 566 553 540 551 545 559 534 543 555 522 540 536 550 565 506 549 556 529 512 517 526 534 549 545 532 543 527 535 552 586 580 575 510 509 521 483 508 521 541 533 568 570 600 600 543 579 593 592 600 579 551 540 569 514 540 566 576 537 510 511 548 538 579 621 604 583 554 533 568 576 529 534 546 544 535 511 521 538 515 506 521 549 565 588 582 535 519 521 529 582 584 590 585 591 588 616 626 611 588 567 577 562 567 555 535 554 562 543 513 506 530 536 510 510 541 555 561 562 557 556 554 550 534 524 555 581 596 559 558 572 576 533 545 539 536 538 536 542 560 563 583 573 541 552 562 584 595 592 584 587 563 542 523 531 542 568 529 519 516 525 537 553 524 552 560 578 586 580 562 526 517 565 585 591 574 519 539 505 533 535 548 531 543 576 556 510 488 483 529 522 546 511 493 488 529 545 594 568 553 549 541 563 563 548 544 574 574 550 529 539 535 536 543 552 561 533 540 527 535 542 509 554 541 548 559 549 537 569 531 537 543 560 560 587 596 589 590 543 537 558 569 575 576 537 561 508 493 562 528 577 557 528 567 585 562 561 545 563 546 541 562 555 553 532 500 534 560 555 532 532 571 571 549 561 540 537 572 548 533 556 546 505 533 545 558 547 533 523 549 542 536 552 553 534 530 540 529 537 534 544 559 541 509 530 524 554 564 552 562 557 555 555 528 519 523 520 545 542 559 546 527 594 590 569 576 549 559 563 563 534 552 554 561 553 559 560 582 534 532 550 535 536 580 583 561 573 554 534 513 519 517 525 528 561 566 556 521 545 519 526 528 543 570 578 589 562 550 533 518 522 558 515 508 532 518 510 518 537 543 557 500 533 537 477 511 521 533 556 566 543 595 548 520 524 558 556 573 541 536 557 559 549 542 528 501 507 531 494 506 552 568 574 598 585 570 551 551 569 558 572 572 565 565 577 535 517 537 604 589 569 526 547 550 575 561 569 556 541 542 566 546 517 532 577 552 533 550 562 561 577 543 538 559 560 555 570 603 568 575 557 567 558 516 508 512 509 521 569 530 547 523 538 552 576 577 567 556 546 523 541 569 552 548 558 543 550 578 577 563 538 557 541 547 536 532 542 509 510 530 546 546 528 520 533 528 552 557 558 553 542 561 548 521 525 534 553 546 545 564 555 559 549 533 531 540 520 506 510 533 564 574 587 566 548 568 531 518 526 520 541 590 604 553 547 556 549 539 558 540 521 528 553 538 532 538 545 526 549 532 499 528 544 530 514 514 538 564 555 580 568 570 542 536 556 558 554 556 549 559 563 517 537 562 576 563 553 534 531 507 536 562 518 504 500 542 562 576 559 550 547 539 543 549 585 606 579 564 559 536 526 515 512 556 593 623 585 541 533 539 526 504 509 534 532 536 529 519 501 524 543 562 563 530 529 548 544 518 519 544 573 557 543 527 553 581 560 569 571 505 511 529 551 544 535 552 561 569 564 585 595 613 568 573 573 549 564 552 572 578 562 
vem trace:

