SDId: 34721232
energy: 3.41915e+18
zenith: 0.11646
azimuth: 4.1162
GPSSeconc: 1126600993
stid: 333
spdistance: 630.973
radio trace:
426 444 419 416 407 426 473 474 445 429 426 422 437 471 491 486 444 430 425 377 391 406 415 432 428 426 439 432 429 434 436 413 436 430 426 449 452 436 403 415 422 427 427 385 392 383 430 406 433 440 431 424 438 450 435 406 403 422 419 425 411 423 414 446 404 412 430 480 466 434 425 424 443 390 391 411 430 421 453 445 430 417 408 371 395 456 444 427 420 450 468 444 419 397 427 406 427 419 427 438 461 447 437 448 440 408 420 437 442 439 447 459 440 457 443 463 457 448 448 438 436 437 426 435 453 434 413 438 399 412 378 381 414 412 408 408 410 407 367 370 380 364 384 438 441 425 402 407 394 408 451 430 417 424 431 472 461 416 412 383 392 392 395 359 399 411 407 425 424 419 427 396 398 423 393 389 396 355 390 370 403 441 432 422 411 428 457 457 449 451 407 390 422 411 414 425 383 367 388 432 422 394 402 416 416 373 391 431 415 438 438 432 406 384 419 400 404 383 393 404 424 414 416 363 409 424 407 411 390 422 424 402 393 408 408 436 425 431 399 435 429 411 401 429 419 430 374 373 394 387 414 436 453 442 415 412 419 388 378 399 403 420 387 407 400 381 373 412 383 396 439 415 425 407 414 467 464 430 437 418 437 427 410 435 432 422 394 434 432 425 436 420 395 403 450 452 400 413 417 398 398 403 397 379 409 439 443 446 412 402 399 384 424 410 391 392 393 384 402 388 415 435 427 442 405 392 420 428 448 460 428 401 414 419 401 429 408 413 441 416 425 409 376 380 389 419 439 424 405 423 425 406 413 422 406 401 413 462 449 437 432 429 413 406 445 432 402 429 436 409 428 409 411 435 411 399 400 415 437 454 444 475 453 449 391 370 373 394 439 447 446 422 410 404 432 438 412 421 391 430 443 427 431 443 441 403 417 434 446 416 444 467 471 421 406 422 455 448 425 423 432 443 448 467 457 460 458 444 424 435 431 417 402 357 337 365 403 426 413 406 415 361 382 401 386 405 399 377 405 432 441 467 451 382 378 393 391 411 432 461 474 446 450 432 399 407 424 427 406 406 438 416 447 422 389 383 415 422 451 442 445 458 436 442 449 454 467 436 423 413 452 433 453 462 429 431 416 392 394 452 411 422 456 432 423 410 403 392 377 429 439 446 429 369 386 401 399 403 398 365 372 378 420 434 436 450 447 425 401 404 379 397 399 378 372 389 390 416 438 451 411 386 401 431 441 412 386 410 425 413 378 399 407 406 406 424 417 417 404 424 388 372 387 412 419 410 407 434 431 422 412 435 451 449 464 403 410 465 436 420 385 386 413 411 433 434 421 435 391 384 371 396 402 402 409 446 447 482 449 458 442 405 421 435 415 412 420 433 448 437 411 434 449 441 454 454 404 407 420 435 442 418 431 430 414 416 433 412 421 369 347 377 423 447 413 434 429 438 450 436 410 409 413 427 415 389 387 415 420 420 410 424 450 427 418 451 403 378 417 433 426 392 414 416 415 439 429 454 450 442 417 446 437 437 411 422 410 405 432 416 375 419 438 457 462 405 430 434 441 417 425 446 441 411 422 438 450 422 398 414 393 402 382 379 431 412 417 396 399 398 406 451 441 448 428 437 410 425 409 416 454 439 438 417 405 439 394 413 423 438 416 417 400 430 443 450 419 418 417 430 431 399 405 418 409 377 395 412 383 392 375 381 379 412 392 386 411 392 423 453 438 436 464 450 425 452 439 440 
vem trace:

stid: 332
spdistance: 1974.8
radio trace:
516 506 545 557 584 538 474 498 499 504 532 534 547 532 537 528 508 505 506 497 514 477 491 513 535 538 530 529 533 567 567 523 506 495 496 523 531 537 518 497 513 515 557 560 551 540 537 529 520 521 549 522 509 517 551 548 557 561 555 534 554 533 544 551 555 516 506 528 513 506 530 537 506 512 467 504 526 519 515 505 504 517 531 518 510 496 513 528 515 539 527 489 504 532 544 536 511 511 515 507 505 507 513 514 536 546 557 541 535 553 543 588 569 582 569 559 547 538 537 528 567 568 576 559 546 557 558 517 524 524 509 492 488 537 539 495 485 524 499 503 536 546 545 548 547 557 553 528 504 514 534 546 530 560 589 537 523 532 595 597 553 534 516 507 510 551 565 556 551 544 522 511 504 519 500 547 535 519 512 529 570 558 512 483 504 536 548 535 575 535 507 510 526 532 504 508 547 528 507 528 538 535 513 530 533 522 554 501 472 486 487 507 527 549 519 521 540 535 529 528 545 529 579 526 538 557 587 587 503 510 505 526 496 515 462 489 510 523 503 516 524 518 500 520 507 503 510 498 509 507 564 514 515 525 545 498 510 499 532 512 498 475 484 494 504 490 508 545 542 515 519 536 554 540 532 533 515 500 523 499 532 551 581 513 522 547 539 523 560 576 606 562 530 520 527 510 517 538 523 515 518 515 498 553 572 540 564 557 541 507 484 505 552 546 551 544 545 534 519 518 508 544 523 523 487 505 512 539 533 552 543 523 496 511 528 533 546 539 496 485 488 480 507 512 547 589 538 507 481 535 549 523 539 560 531 551 518 518 506 508 530 529 509 526 547 549 549 540 558 563 541 515 518 519 516 547 523 500 485 497 511 515 533 546 526 543 552 546 558 507 530 534 504 495 506 541 576 574 546 537 517 514 496 477 478 477 539 515 548 532 536 520 510 518 500 515 516 515 475 522 557 556 545 557 544 532 537 504 509 527 520 538 532 512 525 514 520 525 548 530 535 552 551 548 535 516 521 547 562 543 556 549 517 534 563 580 564 530 493 513 549 524 519 531 493 531 519 515 537 556 524 527 537 530 512 525 537 537 521 532 526 529 508 520 540 534 482 503 513 566 573 535 538 517 470 484 482 504 540 532 513 522 530 513 512 535 522 516 528 545 526 535 532 502 517 503 481 540 557 541 539 529 512 545 543 561 562 550 533 520 529 572 543 522 522 535 529 528 512 498 507 532 514 525 521 474 482 487 499 531 504 507 497 548 547 548 549 576 545 522 530 521 536 529 485 513 536 543 532 502 498 524 533 528 542 536 536 540 514 532 538 544 543 533 508 522 496 491 487 480 511 507 517 519 533 531 491 506 483 506 529 549 565 530 560 568 521 508 522 508 500 551 573 558 519 498 519 531 536 517 539 580 532 565 577 565 573 533 542 530 518 492 519 531 538 580 562 508 546 509 500 489 457 483 528 545 556 566 542 551 535 541 524 502 525 568 562 541 535 505 515 544 553 534 513 531 537 546 527 541 530 518 498 531 508 517 514 546 561 552 527 517 534 544 579 546 516 533 537 492 490 489 515 523 577 613 546 528 523 527 540 514 531 563 569 523 473 489 501 518 515 503 519 506 524 529 591 551 553 558 529 552 537 521 528 518 521 511 492 528 524 543 538 558 571 560 591 573 546 569 575 567 525 540 527 525 511 495 471 514 510 522 510 489 511 520 534 562 542 553 519 492 541 554 562 536 517 541 
vem trace:

