SDId: 34890277
energy: 2.21338e+17
zenith: 0.727323
azimuth: 3.54092
GPSSeconc: 1127654763
stid: 341
spdistance: 785.367
radio trace:
539 510 541 538 515 513 543 531 509 483 485 496 561 539 517 541 553 565 530 514 507 546 556 569 565 544 556 592 578 517 504 542 509 480 512 497 529 486 521 542 530 485 485 499 524 548 551 513 499 489 482 506 531 487 513 525 504 499 522 545 542 516 499 522 539 545 548 519 515 538 525 575 562 547 553 517 546 549 519 491 508 500 507 497 475 494 506 482 484 480 466 483 520 533 533 520 496 471 490 494 537 554 587 542 561 577 550 548 536 509 480 499 484 484 500 530 535 560 550 598 604 550 495 529 501 490 550 503 499 484 510 562 619 613 540 528 517 513 500 495 538 511 497 473 475 531 522 480 514 498 517 495 492 469 463 508 570 598 565 515 518 520 528 535 516 496 524 536 579 582 556 544 530 548 546 532 514 535 553 534 545 582 550 525 529 518 510 530 485 478 502 503 493 476 489 531 512 484 469 484 477 525 517 509 533 565 549 500 492 492 513 558 544 554 535 513 497 487 478 515 509 503 539 544 555 519 491 494 479 501 494 505 525 507 524 539 522 520 503 537 521 538 540 526 535 529 533 518 520 519 512 504 480 503 549 523 517 512 510 547 554 543 551 527 559 538 504 538 544 522 533 541 513 491 475 471 518 494 467 476 498 506 535 538 538 497 524 531 503 512 524 504 478 491 526 562 544 495 506 523 531 516 527 520 513 541 542 588 535 559 520 509 532 528 495 496 514 527 539 533 536 572 528 495 497 526 526 535 502 519 553 545 551 546 537 559 530 519 541 528 527 578 583 558 539 507 526 498 526 532 550 547 547 510 492 519 549 539 539 526 531 515 497 497 510 501 506 528 572 554 537 488 513 495 507 521 529 466 467 509 479 447 460 476 495 502 536 527 518 531 491 503 556 561 570 594 564 577 566 544 544 549 558 534 553 524 549 544 531 549 529 505 494 511 550 519 528 562 519 505 531 501 509 515 481 449 490 500 502 566 556 530 537 502 515 516 527 543 503 507 535 566 570 555 541 522 515 474 492 472 492 481 518 529 585 551 538 521 523 519 519 565 549 504 484 472 542 576 564 548 545 522 572 539 492 491 502 566 561 535 519 562 577 554 534 505 515 503 502 512 539 529 520 527 515 509 540 501 514 535 550 560 545 536 533 506 508 521 540 606 605 571 542 508 500 509 525 571 535 537 549 545 551 557 531 517 526 508 498 482 505 491 484 505 511 516 521 523 507 503 476 536 528 520 518 512 534 559 565 552 550 555 541 545 551 557 526 510 527 524 523 533 553 546 548 590 573 547 534 532 525 525 517 512 515 530 482 491 522 505 489 497 461 489 514 535 569 518 506 520 512 540 540 499 480 509 527 547 540 529 513 525 538 524 556 575 538 507 526 559 512 504 503 520 542 531 512 512 509 516 577 553 539 522 489 452 488 456 483 541 564 590 620 599 549 573 584 569 521 524 521 487 505 489 485 526 530 513 510 501 496 474 510 499 524 502 517 495 486 490 513 516 460 437 480 511 514 512 482 498 510 539 520 509 524 524 512 515 489 485 497 485 470 526 529 558 541 477 499 506 508 493 511 541 503 473 508 498 535 522 550 559 558 515 508 520 508 521 523 503 496 533 541 527 537 549 562 514 488 498 540 528 510 521 534 545 493 480 552 564 500 485 474 480 506 517 503 496 467 496 523 500 516 539 529 515 491 517 558 509 503 463 479 473 474 479 543 525 565 529 492 532 539 516 506 552 579 561 
vem trace:

stid: 341
spdistance: 785.367
radio trace:
539 510 541 538 515 513 543 531 509 483 485 496 561 539 517 541 553 565 530 514 507 546 556 569 565 544 556 592 578 517 504 542 509 480 512 497 529 486 521 542 530 485 485 499 524 548 551 513 499 489 482 506 531 487 513 525 504 499 522 545 542 516 499 522 539 545 548 519 515 538 525 575 562 547 553 517 546 549 519 491 508 500 507 497 475 494 506 482 484 480 466 483 520 533 533 520 496 471 490 494 537 554 587 542 561 577 550 548 536 509 480 499 484 484 500 530 535 560 550 598 604 550 495 529 501 490 550 503 499 484 510 562 619 613 540 528 517 513 500 495 538 511 497 473 475 531 522 480 514 498 517 495 492 469 463 508 570 598 565 515 518 520 528 535 516 496 524 536 579 582 556 544 530 548 546 532 514 535 553 534 545 582 550 525 529 518 510 530 485 478 502 503 493 476 489 531 512 484 469 484 477 525 517 509 533 565 549 500 492 492 513 558 544 554 535 513 497 487 478 515 509 503 539 544 555 519 491 494 479 501 494 505 525 507 524 539 522 520 503 537 521 538 540 526 535 529 533 518 520 519 512 504 480 503 549 523 517 512 510 547 554 543 551 527 559 538 504 538 544 522 533 541 513 491 475 471 518 494 467 476 498 506 535 538 538 497 524 531 503 512 524 504 478 491 526 562 544 495 506 523 531 516 527 520 513 541 542 588 535 559 520 509 532 528 495 496 514 527 539 533 536 572 528 495 497 526 526 535 502 519 553 545 551 546 537 559 530 519 541 528 527 578 583 558 539 507 526 498 526 532 550 547 547 510 492 519 549 539 539 526 531 515 497 497 510 501 506 528 572 554 537 488 513 495 507 521 529 466 467 509 479 447 460 476 495 502 536 527 518 531 491 503 556 561 570 594 564 577 566 544 544 549 558 534 553 524 549 544 531 549 529 505 494 511 550 519 528 562 519 505 531 501 509 515 481 449 490 500 502 566 556 530 537 502 515 516 527 543 503 507 535 566 570 555 541 522 515 474 492 472 492 481 518 529 585 551 538 521 523 519 519 565 549 504 484 472 542 576 564 548 545 522 572 539 492 491 502 566 561 535 519 562 577 554 534 505 515 503 502 512 539 529 520 527 515 509 540 501 514 535 550 560 545 536 533 506 508 521 540 606 605 571 542 508 500 509 525 571 535 537 549 545 551 557 531 517 526 508 498 482 505 491 484 505 511 516 521 523 507 503 476 536 528 520 518 512 534 559 565 552 550 555 541 545 551 557 526 510 527 524 523 533 553 546 548 590 573 547 534 532 525 525 517 512 515 530 482 491 522 505 489 497 461 489 514 535 569 518 506 520 512 540 540 499 480 509 527 547 540 529 513 525 538 524 556 575 538 507 526 559 512 504 503 520 542 531 512 512 509 516 577 553 539 522 489 452 488 456 483 541 564 590 620 599 549 573 584 569 521 524 521 487 505 489 485 526 530 513 510 501 496 474 510 499 524 502 517 495 486 490 513 516 460 437 480 511 514 512 482 498 510 539 520 509 524 524 512 515 489 485 497 485 470 526 529 558 541 477 499 506 508 493 511 541 503 473 508 498 535 522 550 559 558 515 508 520 508 521 523 503 496 533 541 527 537 549 562 514 488 498 540 528 510 521 534 545 493 480 552 564 500 485 474 480 506 517 503 496 467 496 523 500 516 539 529 515 491 517 558 509 503 463 479 473 474 479 543 525 565 529 492 532 539 516 506 552 579 561 
vem trace:

