SDId: 34670037
energy: 2.31869e+17
zenith: 0.551118
azimuth: 1.78532
GPSSeconc: 1126336314
stid: 342
spdistance: 782.275
radio trace:
459 466 480 447 461 459 467 483 498 493 491 484 478 466 468 464 471 464 467 439 417 430 446 463 442 416 433 442 468 421 404 440 453 431 428 428 421 407 420 429 437 432 442 441 452 453 455 496 486 479 483 438 434 439 464 453 437 439 477 478 460 438 449 433 410 391 413 436 426 441 447 435 436 445 430 431 428 438 424 441 432 440 470 451 442 430 421 444 422 423 428 442 444 456 475 450 432 427 420 398 426 461 470 478 451 423 406 430 466 443 486 485 469 450 448 440 435 439 445 474 479 446 463 474 456 461 427 426 446 437 438 446 423 406 429 462 482 484 467 451 451 462 452 453 467 429 446 451 487 478 471 431 431 454 449 412 395 414 427 440 434 450 459 451 467 463 404 411 441 449 418 422 418 440 420 427 423 447 463 447 436 445 437 442 439 430 435 465 457 460 461 462 443 432 422 429 463 422 419 452 437 426 426 461 461 445 436 475 448 442 439 433 452 432 435 462 465 453 473 472 485 483 466 439 437 454 439 446 410 414 463 452 415 416 436 476 478 470 464 477 467 450 463 428 419 448 472 450 448 415 425 441 456 441 447 429 441 438 415 403 445 464 454 469 459 448 446 447 430 416 416 431 452 430 410 443 455 475 465 455 487 492 451 473 455 431 436 437 436 448 429 390 409 397 433 433 440 450 425 434 407 407 433 429 452 463 465 442 460 454 476 459 447 439 421 439 449 454 440 446 451 444 480 488 471 431 455 447 452 497 492 463 471 448 432 442 447 474 506 505 497 438 435 429 423 432 442 436 441 450 448 427 443 473 473 463 508 479 452 453 432 438 435 465 439 437 440 442 436 447 475 446 434 445 430 438 434 415 418 444 441 455 455 448 468 474 444 428 449 451 469 459 432 451 444 438 420 432 440 462 460 436 439 449 467 440 431 428 429 433 455 460 443 447 449 430 468 443 411 401 420 423 407 427 429 454 452 450 411 432 417 436 432 456 403 401 424 444 460 466 473 445 441 451 472 452 416 451 438 430 424 441 435 453 434 440 425 397 425 456 455 441 453 447 418 429 437 457 462 458 445 422 456 452 456 468 450 445 462 478 472 472 453 442 452 409 425 431 440 448 443 452 450 464 464 473 475 468 460 444 460 456 432 415 413 442 394 424 398 387 397 396 423 433 425 440 424 455 445 429 427 428 411 431 455 438 411 439 457 439 444 477 469 478 491 490 483 450 453 462 457 443 433 420 440 442 444 459 450 458 474 475 461 444 410 413 411 425 442 449 426 449 449 455 466 477 471 481 460 445 418 420 418 428 414 435 460 471 472 472 469 448 422 429 438 462 433 415 397 441 460 463 442 419 443 470 468 434 435 463 487 467 462 452 423 406 406 417 405 390 403 419 463 441 453 443 447 421 450 448 435 414 420 422 433 437 445 452 453 430 439 430 426 444 429 414 441 430 415 454 445 467 482 469 472 478 489 494 459 445 431 424 473 443 444 448 407 407 393 380 400 408 393 420 440 449 440 429 445 422 426 471 456 434 426 459 432 414 415 440 438 466 460 453 444 446 430 404 432 443 444 450 453 458 435 426 460 458 454 440 463 459 479 481 463 449 472 484 477 466 442 437 435 424 393 410 438 412 431 432 417 421 404 430 427 431 473 452 428 443 458 448 431 437 429 462 485 474 457 469 445 438 464 460 471 474 458 437 436 447 446 465 459 457 459 439 431 409 413 400 454 460 482 460 442 420 409 404 
vem trace:

stid: 419
spdistance: 837.22
radio trace:
499 546 508 462 464 463 504 514 478 497 515 481 488 513 510 521 502 515 511 484 498 460 485 473 448 452 453 466 503 445 468 510 485 502 504 502 479 465 450 452 451 418 446 485 469 467 474 503 469 464 472 483 476 453 452 446 486 498 474 430 441 390 397 469 473 455 488 508 514 529 538 535 500 506 477 485 506 495 452 477 521 533 444 481 489 506 507 511 530 520 506 506 514 490 476 495 496 485 492 518 519 473 439 488 491 502 540 506 465 474 451 503 490 467 483 497 506 509 521 501 426 454 452 462 460 462 447 466 444 453 460 431 437 462 474 442 446 476 490 461 430 477 499 487 460 470 513 448 464 454 444 448 486 544 479 409 433 460 477 466 456 461 462 448 460 448 441 482 500 480 493 514 461 463 467 438 453 475 516 525 525 515 526 488 475 480 500 532 530 521 502 490 461 472 456 426 428 398 443 476 441 461 472 483 500 509 544 539 548 488 440 472 489 480 472 485 465 440 440 437 463 405 424 450 424 442 480 458 451 461 421 408 403 439 475 490 483 476 453 468 439 497 493 506 492 488 493 495 485 476 458 464 470 467 496 473 493 517 499 455 439 470 485 505 495 464 458 468 472 505 435 457 455 464 503 527 507 519 510 497 489 473 441 412 442 479 466 461 438 446 487 527 525 476 459 468 456 499 504 487 439 447 428 436 454 466 471 489 495 480 412 404 415 468 451 428 418 475 473 494 499 481 456 433 464 465 466 486 487 485 450 478 487 442 432 464 479 492 469 470 485 482 443 443 472 434 410 448 534 553 543 473 477 478 475 454 467 492 506 508 450 492 496 500 477 495 489 499 495 536 504 502 477 476 488 505 500 531 530 501 500 454 421 457 471 456 460 498 523 477 466 458 436 471 491 509 494 498 522 502 458 507 448 421 490 458 481 503 485 448 445 495 516 460 442 431 500 485 475 492 495 506 472 469 467 476 474 457 477 465 498 512 506 470 454 441 484 540 521 505 512 522 479 485 523 521 489 476 428 446 482 482 473 488 488 465 437 482 524 516 462 511 471 487 461 447 472 468 527 506 470 449 489 478 465 456 431 382 425 430 420 469 473 471 494 503 476 497 475 499 494 491 523 499 494 502 520 509 497 439 489 464 502 522 553 514 482 488 465 461 487 515 524 519 486 479 471 461 450 492 525 537 503 529 488 484 436 460 469 469 447 481 481 507 450 446 470 501 503 491 493 463 459 463 476 447 456 454 454 465 459 508 459 470 470 519 500 463 500 509 498 496 475 494 476 511 505 491 422 456 481 516 462 460 463 488 471 527 549 512 477 466 475 442 471 478 465 474 492 464 478 461 443 393 397 473 506 502 504 503 434 482 472 506 482 488 518 518 525 497 475 453 466 502 498 458 481 482 475 436 437 530 508 479 436 484 461 500 539 524 495 494 473 458 471 472 435 424 495 523 507 516 483 505 466 469 446 495 506 461 503 469 469 483 419 427 473 424 475 475 486 451 480 531 507 503 472 485 453 460 494 465 452 460 464 419 430 448 431 442 462 480 436 484 511 507 492 498 509 519 517 492 483 489 545 513 522 440 457 493 529 512 501 470 486 515 480 437 457 478 513 496 495 508 525 462 470 475 505 547 499 490 488 531 481 467 463 469 494 477 471 428 428 423 450 496 507 466 480 496 499 476 468 475 478 493 477 454 442 430 467 474 446 442 497 505 512 534 494 519 471 475 495 501 465 466 508 524 
vem trace:

