SDId: 34892013
energy: 1.33747e+18
zenith: 0.554214
azimuth: 1.98026
GPSSeconc: 1127665572
stid: 341
spdistance: 1475.07
radio trace:
528 548 552 542 577 551 538 502 514 545 501 496 504 515 530 505 524 499 522 530 536 531 522 536 552 554 552 529 520 534 539 530 575 554 541 582 578 587 565 533 535 557 559 579 572 539 522 525 533 561 548 510 540 529 536 536 511 528 564 559 558 529 527 489 493 545 603 541 528 489 514 508 490 525 547 558 522 527 580 560 517 531 556 577 555 550 515 504 540 551 525 514 549 541 541 536 544 490 540 543 513 505 502 515 504 535 552 553 532 551 553 541 538 549 542 573 554 540 548 507 511 515 552 571 517 532 534 536 514 524 479 527 518 513 512 511 489 513 516 551 566 568 592 540 542 523 512 517 547 540 574 581 563 518 516 530 545 541 542 563 558 567 527 479 483 520 579 558 576 571 545 537 513 550 556 583 549 505 512 533 555 525 514 557 545 541 542 548 568 580 571 535 521 509 494 518 530 524 535 555 554 567 527 472 476 516 541 534 554 522 526 559 601 593 629 618 588 581 560 575 610 625 608 539 488 521 529 537 550 560 560 568 562 559 563 581 548 541 551 555 526 535 549 525 548 546 577 549 557 522 501 517 510 520 529 593 604 564 530 509 490 501 514 507 518 522 536 550 562 523 539 490 489 511 516 472 485 479 465 490 518 592 601 581 571 565 551 554 539 544 546 547 515 527 531 567 539 556 517 529 535 503 533 536 562 543 550 557 562 559 529 522 508 525 505 488 506 490 501 496 558 583 618 577 569 554 537 511 508 493 505 516 500 498 515 520 525 533 530 543 536 535 546 517 517 520 529 545 567 585 571 544 572 600 551 502 523 523 530 546 536 532 570 553 586 574 548 580 550 524 539 550 555 510 565 548 512 561 553 551 561 571 536 536 523 493 499 562 529 508 539 549 557 565 569 572 593 565 588 546 484 503 534 543 529 573 566 547 544 518 531 536 520 515 567 547 533 563 550 555 552 529 515 490 476 524 541 501 550 534 496 518 498 505 512 488 527 571 576 564 537 554 537 518 557 597 585 526 522 512 543 527 531 525 559 606 563 561 525 545 532 560 544 577 545 531 549 565 566 555 565 589 587 582 565 547 543 599 596 565 545 520 539 539 517 512 517 526 545 598 614 620 564 577 560 554 557 549 549 562 538 557 554 579 581 540 555 554 578 609 599 584 541 533 539 583 555 544 551 569 549 558 510 473 543 565 566 516 529 501 489 502 504 536 544 557 532 542 491 539 545 536 516 553 542 509 523 518 513 508 528 510 526 553 551 554 532 533 561 553 536 523 525 520 537 540 532 525 546 510 514 545 545 537 540 560 568 574 606 574 559 552 544 528 502 505 510 516 533 537 535 582 610 594 555 548 543 531 504 511 549 569 566 517 541 551 535 533 531 524 519 518 562 584 558 537 534 549 518 517 484 514 499 536 562 534 526 543 534 546 551 549 567 548 566 569 536 552 583 575 550 550 550 564 555 533 541 545 540 487 504 502 536 526 519 580 534 558 539 541 528 545 543 491 482 508 564 593 583 546 580 540 540 516 528 550 551 553 552 538 566 592 551 573 565 579 595 605 575 608 585 567 560 586 542 552 602 629 608 570 539 559 561 554 533 554 542 544 526 533 527 518 510 477 500 552 535 529 537 539 555 556 517 527 546 558 553 552 558 582 585 569 521 514 508 529 530 547 534 523 526 547 538 556 519 496 571 575 537 493 515 533 527 550 588 579 555 536 527 530 504 535 553 553 519 546 562 524 
vem trace:

stid: 341
spdistance: 1475.07
radio trace:
528 548 552 542 577 551 538 502 514 545 501 496 504 515 530 505 524 499 522 530 536 531 522 536 552 554 552 529 520 534 539 530 575 554 541 582 578 587 565 533 535 557 559 579 572 539 522 525 533 561 548 510 540 529 536 536 511 528 564 559 558 529 527 489 493 545 603 541 528 489 514 508 490 525 547 558 522 527 580 560 517 531 556 577 555 550 515 504 540 551 525 514 549 541 541 536 544 490 540 543 513 505 502 515 504 535 552 553 532 551 553 541 538 549 542 573 554 540 548 507 511 515 552 571 517 532 534 536 514 524 479 527 518 513 512 511 489 513 516 551 566 568 592 540 542 523 512 517 547 540 574 581 563 518 516 530 545 541 542 563 558 567 527 479 483 520 579 558 576 571 545 537 513 550 556 583 549 505 512 533 555 525 514 557 545 541 542 548 568 580 571 535 521 509 494 518 530 524 535 555 554 567 527 472 476 516 541 534 554 522 526 559 601 593 629 618 588 581 560 575 610 625 608 539 488 521 529 537 550 560 560 568 562 559 563 581 548 541 551 555 526 535 549 525 548 546 577 549 557 522 501 517 510 520 529 593 604 564 530 509 490 501 514 507 518 522 536 550 562 523 539 490 489 511 516 472 485 479 465 490 518 592 601 581 571 565 551 554 539 544 546 547 515 527 531 567 539 556 517 529 535 503 533 536 562 543 550 557 562 559 529 522 508 525 505 488 506 490 501 496 558 583 618 577 569 554 537 511 508 493 505 516 500 498 515 520 525 533 530 543 536 535 546 517 517 520 529 545 567 585 571 544 572 600 551 502 523 523 530 546 536 532 570 553 586 574 548 580 550 524 539 550 555 510 565 548 512 561 553 551 561 571 536 536 523 493 499 562 529 508 539 549 557 565 569 572 593 565 588 546 484 503 534 543 529 573 566 547 544 518 531 536 520 515 567 547 533 563 550 555 552 529 515 490 476 524 541 501 550 534 496 518 498 505 512 488 527 571 576 564 537 554 537 518 557 597 585 526 522 512 543 527 531 525 559 606 563 561 525 545 532 560 544 577 545 531 549 565 566 555 565 589 587 582 565 547 543 599 596 565 545 520 539 539 517 512 517 526 545 598 614 620 564 577 560 554 557 549 549 562 538 557 554 579 581 540 555 554 578 609 599 584 541 533 539 583 555 544 551 569 549 558 510 473 543 565 566 516 529 501 489 502 504 536 544 557 532 542 491 539 545 536 516 553 542 509 523 518 513 508 528 510 526 553 551 554 532 533 561 553 536 523 525 520 537 540 532 525 546 510 514 545 545 537 540 560 568 574 606 574 559 552 544 528 502 505 510 516 533 537 535 582 610 594 555 548 543 531 504 511 549 569 566 517 541 551 535 533 531 524 519 518 562 584 558 537 534 549 518 517 484 514 499 536 562 534 526 543 534 546 551 549 567 548 566 569 536 552 583 575 550 550 550 564 555 533 541 545 540 487 504 502 536 526 519 580 534 558 539 541 528 545 543 491 482 508 564 593 583 546 580 540 540 516 528 550 551 553 552 538 566 592 551 573 565 579 595 605 575 608 585 567 560 586 542 552 602 629 608 570 539 559 561 554 533 554 542 544 526 533 527 518 510 477 500 552 535 529 537 539 555 556 517 527 546 558 553 552 558 582 585 569 521 514 508 529 530 547 534 523 526 547 538 556 519 496 571 575 537 493 515 533 527 550 588 579 555 536 527 530 504 535 553 553 519 546 562 524 
vem trace:

