SDId: 34836001
energy: 3.91338e+17
zenith: 0.213037
azimuth: 1.98768
GPSSeconc: 1127312935
stid: 332
spdistance: 644.693
radio trace:
498 527 535 531 543 559 513 527 525 543 530 530 559 553 558 545 569 565 486 505 536 561 558 544 516 524 592 570 537 521 528 506 543 523 507 533 574 559 538 572 518 520 525 517 533 532 558 543 557 536 514 539 514 546 540 550 546 554 527 554 541 528 514 535 522 554 536 516 532 551 553 524 554 573 517 536 559 558 568 537 522 527 530 558 528 471 456 489 493 528 539 551 551 553 545 533 531 514 531 518 482 527 526 531 497 510 532 546 563 562 552 533 537 562 540 545 560 548 545 525 557 574 560 569 561 561 568 570 579 587 583 577 572 574 558 576 570 525 523 548 544 579 607 563 528 518 558 540 526 528 528 535 588 581 564 549 544 566 594 557 537 572 565 561 553 520 498 487 521 530 492 499 524 541 542 492 523 568 582 556 512 508 533 554 533 546 554 537 550 541 550 538 558 576 544 541 487 518 526 535 545 543 558 529 541 524 531 561 566 546 543 569 548 528 520 526 535 563 555 559 556 560 539 528 490 512 504 505 498 535 525 504 502 517 519 510 515 534 549 546 532 542 518 512 511 510 534 566 558 524 503 512 547 567 558 577 582 529 549 561 563 517 535 548 548 512 538 555 546 525 563 547 543 528 534 526 485 495 533 549 545 540 546 582 576 541 554 571 572 572 560 568 529 514 513 540 543 580 606 621 598 561 540 538 589 550 544 526 510 558 544 526 550 567 550 550 563 568 584 591 550 536 515 491 481 519 538 561 556 533 520 500 549 548 552 542 547 560 552 543 559 566 537 562 546 551 557 566 583 528 502 533 558 585 581 540 561 583 540 528 518 561 540 572 566 537 562 542 540 525 554 544 541 552 559 547 558 555 538 522 553 546 532 539 549 520 520 537 525 534 553 493 524 509 529 553 542 552 553 589 564 532 513 552 548 550 538 563 575 574 547 542 571 559 550 532 546 566 567 591 586 585 545 542 521 521 536 533 557 559 562 550 550 521 541 539 535 550 566 528 503 478 502 503 515 520 542 535 557 578 571 539 536 522 529 559 535 528 510 527 525 542 540 551 517 511 551 539 544 559 537 563 581 593 573 562 540 540 550 556 537 561 535 506 518 511 521 553 538 542 525 546 476 496 516 542 549 554 542 545 539 485 495 525 543 555 565 585 592 567 529 518 520 548 555 537 549 558 558 560 551 516 527 538 526 547 524 584 541 526 542 540 549 565 575 557 509 536 538 522 537 541 561 529 529 541 551 528 530 545 551 543 516 512 521 517 532 553 580 556 542 536 547 570 574 514 526 502 500 498 484 517 519 510 503 546 535 522 544 581 570 554 564 574 577 562 568 547 526 539 551 541 549 539 569 556 560 530 530 516 506 554 542 518 515 503 526 551 537 543 577 598 580 568 552 519 537 546 536 522 569 556 550 574 523 545 548 562 513 542 549 523 498 541 539 558 547 542 514 562 578 580 545 514 527 547 533 550 548 549 549 580 566 559 544 550 550 518 535 549 587 558 550 597 571 558 537 552 550 543 527 500 507 548 539 554 559 543 536 522 535 520 510 546 588 562 554 586 575 544 583 561 573 553 556 569 563 523 513 509 544 516 532 536 548 544 533 533 568 571 548 561 573 559 538 521 551 513 503 532 532 519 562 535 519 555 586 525 525 545 509 528 527 533 530 516 510 536 549 549 558 571 549 552 524 549 577 569 587 578 547 544 500 526 527 591 565 530 566 585 546 578 578 593 553 560 586 584 
vem trace:

stid: 342
spdistance: 924.259
radio trace:
453 466 461 426 420 458 440 457 437 443 424 435 446 425 418 436 461 434 480 487 467 470 469 434 464 463 474 432 450 448 456 472 458 442 404 438 443 425 429 442 447 456 459 484 478 463 461 466 460 424 421 448 424 421 420 409 439 438 471 451 404 396 406 425 438 430 432 443 466 463 472 466 467 435 427 452 452 448 422 413 453 450 463 451 437 445 431 406 423 460 423 416 436 451 437 451 440 436 433 453 483 446 442 448 473 486 450 454 449 442 458 465 466 435 427 418 474 509 436 445 468 479 475 433 451 441 452 462 440 443 465 481 474 458 449 432 461 453 449 391 427 449 450 436 437 449 429 443 445 446 444 426 437 438 450 452 432 415 422 416 410 438 471 460 478 483 473 465 438 436 430 457 500 479 445 438 428 407 417 420 390 369 429 447 452 424 436 461 455 406 378 402 448 444 488 466 459 432 415 402 435 451 430 432 443 465 453 427 453 430 462 451 475 460 425 426 443 459 461 444 467 476 482 458 421 446 471 475 468 458 432 472 432 423 409 394 416 423 441 420 442 431 444 451 438 464 485 441 438 432 424 445 496 474 479 444 404 392 392 412 416 419 433 474 446 437 476 455 429 422 425 458 470 449 457 434 413 412 440 465 475 446 449 438 453 445 450 460 441 456 437 434 434 426 438 442 472 463 424 421 388 379 400 422 414 405 402 471 482 476 470 453 445 420 422 454 465 468 447 457 418 418 429 430 432 475 443 426 414 438 470 450 453 450 466 445 419 424 433 447 482 438 423 426 414 420 433 441 424 435 408 417 408 439 459 452 422 408 404 420 421 429 460 471 478 460 441 416 429 445 451 469 445 442 425 412 480 456 440 430 418 450 467 467 474 454 459 456 456 469 428 429 444 440 393 425 455 479 482 446 426 425 417 404 444 419 409 430 430 412 434 449 455 469 431 492 468 447 459 457 483 453 394 395 413 467 437 428 426 434 456 460 451 449 441 422 413 417 431 453 463 437 435 462 472 457 450 461 460 487 461 454 483 489 456 475 499 497 453 433 464 460 444 426 427 447 405 415 422 438 461 472 466 426 402 406 432 436 467 450 428 402 416 379 368 386 406 443 460 449 407 404 453 432 429 405 440 458 485 469 450 437 453 449 418 434 440 459 437 433 402 419 447 437 455 465 460 457 426 419 456 463 454 461 445 449 446 449 447 420 437 421 435 435 442 406 414 415 410 469 458 439 433 431 440 471 450 431 430 412 420 432 443 436 432 423 434 474 474 436 432 433 450 440 467 446 440 461 463 461 422 390 388 436 439 438 442 436 425 416 413 428 453 448 436 448 439 421 418 404 425 437 443 392 385 404 449 446 459 457 447 455 459 463 457 440 430 442 447 453 435 408 450 447 420 419 420 438 441 421 435 434 421 423 414 427 425 459 492 486 482 447 447 428 440 424 458 454 455 416 403 407 414 419 413 419 444 433 414 434 436 445 434 386 384 411 421 466 455 466 485 453 448 469 432 466 481 498 481 443 379 383 394 429 479 472 462 460 427 435 468 485 472 467 465 456 445 450 453 448 450 458 475 454 444 449 455 426 418 449 455 466 475 472 474 465 479 472 452 462 486 467 449 428 449 438 454 472 490 486 464 445 450 452 441 430 431 442 414 413 405 393 389 404 406 455 482 470 445 459 473 476 480 476 480 470 457 454 475 463 463 470 457 475 466 493 474 482 499 471 473 484 486 453 462 450 439 448 
vem trace:

stid: 333
spdistance: 1056.37
radio trace:
426 451 453 474 437 426 436 461 449 420 431 408 374 402 430 459 475 461 457 440 453 445 435 451 458 424 430 458 472 458 442 450 450 427 424 434 432 443 445 419 406 433 435 454 418 429 453 480 501 471 456 449 452 467 468 445 461 488 472 444 462 480 468 472 449 437 423 441 455 474 452 452 460 444 417 412 434 407 450 467 474 428 446 439 457 450 432 414 437 441 408 434 459 453 436 464 457 459 452 423 430 426 450 455 448 449 452 464 431 448 451 461 450 434 460 463 427 434 427 437 458 434 402 411 401 421 435 444 409 396 457 440 476 466 439 419 388 409 415 415 434 449 455 464 445 419 406 421 449 470 469 457 443 429 439 416 415 401 414 445 468 460 438 405 459 488 433 456 484 506 477 451 450 445 449 446 431 443 383 421 429 430 421 420 447 462 466 459 451 476 483 455 439 412 427 431 467 490 465 448 449 422 429 424 413 465 479 473 466 401 402 398 431 444 428 404 437 489 468 441 468 503 504 460 468 457 430 445 457 443 444 446 429 423 416 439 448 443 448 452 439 453 431 379 375 412 395 413 427 473 494 452 435 425 391 404 403 440 440 435 420 438 429 475 465 468 453 452 425 462 457 460 418 434 438 453 463 454 459 435 443 430 425 455 456 437 437 424 400 438 426 445 453 420 466 451 450 449 450 406 453 432 455 474 469 474 472 444 453 439 478 489 500 469 464 474 469 469 453 459 471 442 475 477 463 452 472 469 464 449 431 474 451 457 451 498 453 440 422 410 400 378 395 431 416 425 432 434 452 445 435 446 416 430 425 459 452 436 411 439 418 450 430 444 442 425 429 452 457 454 449 450 433 426 436 414 424 428 430 425 430 458 458 450 437 441 438 433 414 417 438 473 455 448 418 401 442 465 453 414 388 413 442 420 425 441 442 434 460 471 461 459 454 442 475 466 444 461 481 449 412 374 389 388 419 435 440 464 471 448 460 435 445 432 462 479 503 498 477 486 430 469 461 446 439 429 433 449 459 440 464 449 459 472 429 433 433 426 426 421 426 431 443 461 478 408 417 420 418 421 439 458 448 449 434 428 462 443 437 472 465 436 446 447 429 432 443 414 447 455 450 463 443 411 444 443 453 446 418 424 464 437 434 454 462 484 455 469 403 398 438 447 416 447 444 437 460 491 447 438 432 418 440 462 440 417 416 408 459 452 479 493 451 436 424 434 451 400 465 476 493 510 452 455 470 434 476 477 480 478 460 434 438 449 472 408 414 431 437 456 428 423 418 442 464 481 464 445 448 446 456 444 432 439 461 454 415 428 441 443 449 420 426 411 436 433 455 456 437 448 468 452 462 457 421 442 435 452 439 445 434 463 473 451 441 460 488 487 463 470 467 444 417 389 415 431 430 413 432 410 426 431 494 510 480 460 417 419 417 442 439 454 448 467 457 442 482 475 463 474 440 415 408 444 446 427 433 447 465 469 451 445 470 447 433 448 470 423 416 403 422 409 449 423 415 475 444 438 420 416 438 461 460 470 466 481 478 472 460 424 414 441 482 453 454 419 397 437 452 419 413 439 452 438 435 427 398 439 458 445 455 472 445 459 432 466 486 474 486 458 459 489 495 455 464 467 489 484 468 451 444 464 446 421 397 453 483 502 495 490 482 467 428 408 415 442 464 488 465 418 459 459 450 444 475 463 466 492 505 474 476 479 491 489 443 422 424 412 407 458 450 461 429 422 416 409 414 404 
vem trace:

