SDId: 34878884
energy: 0
zenith: 0
azimuth: 0
GPSSeconc: 1127582931
stid: 341
spdistance: 0
radio trace:
546 555 569 561 539 529 538 517 535 565 526 524 528 492 502 517 522 518 544 556 576 583 562 585 528 517 532 516 495 523 517 536 555 540 515 483 476 531 548 495 492 477 503 515 537 558 618 594 536 527 550 567 526 516 515 532 547 548 539 511 524 549 505 527 544 563 588 563 578 562 527 510 568 575 577 554 568 577 559 529 531 547 551 509 531 548 524 518 545 554 568 574 614 580 552 567 564 598 582 564 535 522 548 560 520 502 528 543 529 503 466 464 497 522 524 576 535 516 523 537 510 513 523 489 519 517 533 547 560 557 529 543 538 527 551 570 569 559 562 524 510 512 518 503 511 524 516 500 502 462 487 525 533 526 489 538 564 560 554 525 527 541 534 505 496 501 514 503 530 549 533 551 540 514 500 511 499 572 556 561 567 525 534 543 495 491 562 550 511 537 510 547 562 552 543 533 513 545 528 517 517 515 507 501 507 513 509 524 504 492 499 513 511 525 502 481 509 517 498 496 533 565 558 535 556 528 501 487 522 541 520 472 487 479 488 538 560 535 509 496 499 502 533 542 574 550 537 559 542 546 526 528 519 547 543 511 490 529 562 523 536 534 539 515 520 474 488 572 548 513 551 569 557 524 522 541 552 554 590 577 554 546 550 530 530 536 507 556 579 531 521 502 488 526 563 574 538 519 513 495 485 491 497 513 534 519 485 511 542 557 545 535 547 574 563 545 523 544 547 493 450 481 513 530 516 508 554 569 552 557 582 550 531 541 565 550 553 557 545 548 520 538 542 524 503 529 506 512 545 542 527 523 572 532 533 532 556 562 517 516 542 564 581 549 570 579 540 525 517 502 526 595 573 606 534 545 503 505 537 572 634 615 541 555 553 501 528 530 517 532 549 542 532 534 518 537 480 514 514 535 557 541 514 549 551 553 527 527 571 529 510 500 493 493 489 484 483 474 489 549 558 535 534 518 487 499 526 512 495 520 537 537 504 531 539 545 544 527 528 552 565 570 604 598 589 548 536 565 582 575 554 586 596 535 562 550 522 523 480 490 513 554 521 497 487 500 482 529 538 553 578 530 540 530 539 559 556 544 537 519 515 515 477 492 495 499 513 523 515 529 532 531 499 484 544 563 536 484 508 523 501 493 517 557 596 624 610 580 580 584 545 548 528 488 531 539 544 569 549 556 543 538 529 521 522 503 507 509 468 495 477 479 500 547 556 578 597 558 496 521 548 563 569 579 559 528 570 538 516 520 544 529 540 549 518 520 516 519 506 472 488 498 509 523 544 562 590 598 539 528 514 532 511 517 507 515 519 569 573 547 539 555 538 538 566 559 555 555 529 512 498 515 539 577 580 551 570 562 572 570 506 509 539 524 530 569 596 599 522 494 505 504 486 491 481 484 487 531 522 517 501 485 508 524 530 544 548 542 525 540 509 524 532 551 553 514 501 521 539 520 516 515 546 591 574 532 534 518 507 501 519 497 513 508 480 498 492 537 565 581 518 470 520 559 575 559 532 506 477 508 538 514 536 536 547 536 540 527 513 536 563 565 535 529 515 520 529 553 526 516 487 501 500 525 529 541 542 490 466 513 554 560 525 513 519 513 534 554 564 544 543 558 555 525 542 505 474 470 500 533 552 580 556 536 521 540 581 550 564 570 573 570 557 569 560 531 513 518 551 566 550 560 519 515 539 564 554 517 527 523 531 574 579 602 595 593 600 575 537 535 529 537 531 552 557 582 586 588 
vem trace:

stid: 341
spdistance: 0
radio trace:
546 555 569 561 539 529 538 517 535 565 526 524 528 492 502 517 522 518 544 556 576 583 562 585 528 517 532 516 495 523 517 536 555 540 515 483 476 531 548 495 492 477 503 515 537 558 618 594 536 527 550 567 526 516 515 532 547 548 539 511 524 549 505 527 544 563 588 563 578 562 527 510 568 575 577 554 568 577 559 529 531 547 551 509 531 548 524 518 545 554 568 574 614 580 552 567 564 598 582 564 535 522 548 560 520 502 528 543 529 503 466 464 497 522 524 576 535 516 523 537 510 513 523 489 519 517 533 547 560 557 529 543 538 527 551 570 569 559 562 524 510 512 518 503 511 524 516 500 502 462 487 525 533 526 489 538 564 560 554 525 527 541 534 505 496 501 514 503 530 549 533 551 540 514 500 511 499 572 556 561 567 525 534 543 495 491 562 550 511 537 510 547 562 552 543 533 513 545 528 517 517 515 507 501 507 513 509 524 504 492 499 513 511 525 502 481 509 517 498 496 533 565 558 535 556 528 501 487 522 541 520 472 487 479 488 538 560 535 509 496 499 502 533 542 574 550 537 559 542 546 526 528 519 547 543 511 490 529 562 523 536 534 539 515 520 474 488 572 548 513 551 569 557 524 522 541 552 554 590 577 554 546 550 530 530 536 507 556 579 531 521 502 488 526 563 574 538 519 513 495 485 491 497 513 534 519 485 511 542 557 545 535 547 574 563 545 523 544 547 493 450 481 513 530 516 508 554 569 552 557 582 550 531 541 565 550 553 557 545 548 520 538 542 524 503 529 506 512 545 542 527 523 572 532 533 532 556 562 517 516 542 564 581 549 570 579 540 525 517 502 526 595 573 606 534 545 503 505 537 572 634 615 541 555 553 501 528 530 517 532 549 542 532 534 518 537 480 514 514 535 557 541 514 549 551 553 527 527 571 529 510 500 493 493 489 484 483 474 489 549 558 535 534 518 487 499 526 512 495 520 537 537 504 531 539 545 544 527 528 552 565 570 604 598 589 548 536 565 582 575 554 586 596 535 562 550 522 523 480 490 513 554 521 497 487 500 482 529 538 553 578 530 540 530 539 559 556 544 537 519 515 515 477 492 495 499 513 523 515 529 532 531 499 484 544 563 536 484 508 523 501 493 517 557 596 624 610 580 580 584 545 548 528 488 531 539 544 569 549 556 543 538 529 521 522 503 507 509 468 495 477 479 500 547 556 578 597 558 496 521 548 563 569 579 559 528 570 538 516 520 544 529 540 549 518 520 516 519 506 472 488 498 509 523 544 562 590 598 539 528 514 532 511 517 507 515 519 569 573 547 539 555 538 538 566 559 555 555 529 512 498 515 539 577 580 551 570 562 572 570 506 509 539 524 530 569 596 599 522 494 505 504 486 491 481 484 487 531 522 517 501 485 508 524 530 544 548 542 525 540 509 524 532 551 553 514 501 521 539 520 516 515 546 591 574 532 534 518 507 501 519 497 513 508 480 498 492 537 565 581 518 470 520 559 575 559 532 506 477 508 538 514 536 536 547 536 540 527 513 536 563 565 535 529 515 520 529 553 526 516 487 501 500 525 529 541 542 490 466 513 554 560 525 513 519 513 534 554 564 544 543 558 555 525 542 505 474 470 500 533 552 580 556 536 521 540 581 550 564 570 573 570 557 569 560 531 513 518 551 566 550 560 519 515 539 564 554 517 527 523 531 574 579 602 595 593 600 575 537 535 529 537 531 552 557 582 586 588 
vem trace:

stid: 332
spdistance: 0
radio trace:
604 620 582 581 602 579 571 557 542 520 534 526 541 538 551 524 554 552 550 536 557 560 586 593 589 552 569 578 583 575 565 562 562 578 563 562 565 568 573 552 569 558 559 584 584 578 556 544 554 552 528 533 550 590 601 602 600 584 580 574 562 555 551 543 560 546 538 540 530 511 520 554 552 533 546 545 540 539 541 549 532 519 526 506 499 510 512 546 569 563 570 534 545 560 562 594 523 515 578 551 547 561 561 536 560 536 563 553 566 556 531 562 573 566 568 549 586 575 554 577 562 532 539 548 538 544 526 542 534 514 530 526 552 556 538 554 526 562 573 548 561 543 516 515 530 561 552 539 535 551 551 530 554 576 550 554 517 546 565 574 553 586 544 537 554 585 584 548 527 508 539 539 537 550 552 556 546 578 570 552 537 526 560 543 563 566 529 543 534 535 557 589 575 570 553 556 565 548 552 557 569 571 544 549 533 538 554 593 592 584 596 546 530 538 527 544 553 535 546 529 560 570 524 506 528 544 542 564 595 589 604 560 584 580 563 580 541 539 510 512 526 564 557 534 556 535 555 602 568 565 559 574 536 541 551 550 545 527 541 553 535 578 591 606 591 593 597 570 554 554 566 558 515 490 542 581 551 537 509 483 509 497 517 550 572 592 592 573 570 575 553 522 530 556 533 552 575 544 555 534 549 544 578 596 583 581 561 538 543 564 523 555 549 534 546 555 565 598 603 579 562 561 544 556 575 547 532 521 508 507 522 528 513 546 565 540 549 589 591 583 580 540 549 542 540 528 535 566 581 615 596 571 577 581 569 538 528 495 529 579 576 574 578 587 590 587 587 548 566 542 535 510 515 538 546 577 557 547 522 498 507 571 567 567 583 548 558 588 594 594 555 547 516 534 517 527 570 552 546 558 573 570 512 532 546 553 535 532 512 533 549 542 567 559 544 518 479 491 506 489 530 560 557 577 607 579 540 565 564 572 555 577 557 601 576 572 597 617 624 554 562 556 552 521 552 552 562 583 604 520 550 528 531 539 522 582 591 574 546 567 552 529 535 538 536 527 553 545 560 573 562 532 558 560 563 553 565 558 577 600 597 588 591 587 584 587 580 575 573 571 541 561 569 602 616 566 561 575 550 562 592 575 561 593 549 519 531 551 547 600 570 550 579 601 590 562 538 509 504 551 582 582 566 550 567 557 581 580 590 597 552 578 557 542 546 565 499 532 528 546 587 580 580 539 551 538 520 556 542 550 557 563 588 601 558 565 568 603 616 609 566 549 545 539 549 559 573 568 541 518 524 515 574 555 548 557 549 544 568 527 534 533 529 576 560 567 577 577 556 547 533 548 574 542 540 554 532 511 507 487 536 540 554 542 585 602 590 571 576 567 557 542 536 551 554 542 539 568 579 569 571 557 577 565 590 560 541 556 542 580 611 611 601 586 573 571 565 560 561 579 551 532 533 582 571 576 537 537 551 565 552 575 558 574 538 517 519 551 569 552 552 569 560 542 501 517 512 522 581 608 585 557 575 583 545 569 568 532 520 541 551 573 571 573 570 555 522 552 578 520 495 458 505 535 532 544 538 532 540 555 553 598 563 555 581 574 570 551 500 533 545 569 578 592 574 573 572 568 550 529 557 558 579 575 572 554 533 519 517 506 566 588 624 575 588 590 526 522 514 558 593 543 540 548 535 574 540 577 580 518 507 499 532 594 572 544 530 572 562 561 555 561 544 580 556 560 541 549 
vem trace:

