SDId: 34808370
energy: 8.24076e+17
zenith: 0.698865
azimuth: 2.4923
GPSSeconc: 1127139895
stid: 341
spdistance: 3401.45
radio trace:
555 558 530 501 529 515 498 476 494 534 536 532 543 552 514 516 548 555 551 537 493 501 497 508 526 526 507 540 508 537 534 505 540 543 536 536 538 530 496 525 510 523 545 528 521 563 551 541 560 560 519 528 517 514 532 540 526 509 549 547 553 553 558 600 586 536 547 553 518 511 551 574 589 578 593 564 543 567 532 444 467 504 508 536 558 564 519 488 500 530 596 549 554 551 536 489 477 495 524 512 514 513 514 537 544 513 505 517 558 536 489 493 476 496 501 497 485 463 474 496 530 523 454 492 507 499 493 497 511 486 488 538 543 559 576 564 545 507 524 517 484 474 459 483 493 462 490 477 486 520 535 527 516 512 513 464 552 533 511 496 557 499 502 523 487 472 488 490 460 499 463 469 511 518 506 536 536 555 575 549 541 539 546 555 564 554 542 536 532 490 506 541 520 553 557 516 543 534 506 510 502 480 537 548 551 529 506 526 534 546 545 533 499 525 502 518 540 532 520 503 486 498 504 500 488 526 576 558 543 478 463 489 515 530 551 556 555 519 527 493 503 526 539 544 537 492 505 531 555 551 559 555 551 558 535 525 489 494 483 534 544 525 549 507 518 537 535 551 546 537 561 564 581 582 572 556 557 530 511 512 546 527 503 554 569 551 503 526 522 459 457 510 528 541 535 521 560 534 522 494 482 497 518 561 524 535 492 523 514 544 557 551 518 497 495 540 486 480 502 484 491 493 551 517 536 568 604 584 531 549 539 536 534 566 539 545 567 501 530 563 565 544 511 503 489 489 516 532 533 546 542 526 523 526 519 497 539 524 527 537 547 532 561 532 509 547 546 574 604 572 569 539 518 548 529 543 542 545 513 492 488 511 537 525 525 551 540 526 552 516 556 524 550 558 512 495 563 571 563 546 504 506 553 578 548 513 523 518 545 527 512 513 556 518 513 508 513 494 486 511 541 573 571 534 530 542 537 546 552 563 575 558 563 563 543 563 557 539 542 516 529 575 560 521 542 526 470 482 518 512 488 520 539 522 496 495 526 542 558 542 513 523 546 534 488 468 508 491 506 553 528 545 558 572 562 542 481 492 503 500 461 490 486 514 542 536 534 528 556 562 547 519 516 541 543 553 532 555 537 548 564 536 508 504 502 493 498 527 508 527 526 560 592 612 539 486 474 464 489 520 500 497 519 524 562 560 495 496 518 518 534 511 475 465 472 482 474 486 502 488 505 506 541 551 520 521 496 500 510 536 531 513 493 524 520 513 510 490 482 485 523 539 532 480 511 550 520 542 499 452 454 527 565 509 535 555 572 550 579 553 522 518 507 505 552 567 544 538 517 514 504 503 533 550 549 527 538 514 536 528 518 517 524 517 528 501 495 510 493 484 514 562 552 515 492 507 527 528 513 548 562 567 602 564 520 504 535 514 477 521 540 526 519 530 522 508 524 489 480 465 519 535 534 539 525 478 479 529 542 574 581 539 545 591 550 522 559 567 549 557 584 537 489 489 505 532 502 500 511 492 545 530 548 562 505 500 516 494 510 533 565 558 530 533 535 553 533 544 510 496 473 554 575 557 550 520 502 503 514 536 558 577 565 512 540 581 580 603 575 543 507 517 526 496 480 470 473 480 486 491 485 508 530 541 556 537 529 506 502 484 469 543 535 518 509 524 508 459 463 477 489 484 510 537 540 521 510 492 501 528 557 547 550 561 553 501 541 522 539 574 556 505 523 532 517 482 510 558 
vem trace:

stid: 341
spdistance: 3401.45
radio trace:
555 558 530 501 529 515 498 476 494 534 536 532 543 552 514 516 548 555 551 537 493 501 497 508 526 526 507 540 508 537 534 505 540 543 536 536 538 530 496 525 510 523 545 528 521 563 551 541 560 560 519 528 517 514 532 540 526 509 549 547 553 553 558 600 586 536 547 553 518 511 551 574 589 578 593 564 543 567 532 444 467 504 508 536 558 564 519 488 500 530 596 549 554 551 536 489 477 495 524 512 514 513 514 537 544 513 505 517 558 536 489 493 476 496 501 497 485 463 474 496 530 523 454 492 507 499 493 497 511 486 488 538 543 559 576 564 545 507 524 517 484 474 459 483 493 462 490 477 486 520 535 527 516 512 513 464 552 533 511 496 557 499 502 523 487 472 488 490 460 499 463 469 511 518 506 536 536 555 575 549 541 539 546 555 564 554 542 536 532 490 506 541 520 553 557 516 543 534 506 510 502 480 537 548 551 529 506 526 534 546 545 533 499 525 502 518 540 532 520 503 486 498 504 500 488 526 576 558 543 478 463 489 515 530 551 556 555 519 527 493 503 526 539 544 537 492 505 531 555 551 559 555 551 558 535 525 489 494 483 534 544 525 549 507 518 537 535 551 546 537 561 564 581 582 572 556 557 530 511 512 546 527 503 554 569 551 503 526 522 459 457 510 528 541 535 521 560 534 522 494 482 497 518 561 524 535 492 523 514 544 557 551 518 497 495 540 486 480 502 484 491 493 551 517 536 568 604 584 531 549 539 536 534 566 539 545 567 501 530 563 565 544 511 503 489 489 516 532 533 546 542 526 523 526 519 497 539 524 527 537 547 532 561 532 509 547 546 574 604 572 569 539 518 548 529 543 542 545 513 492 488 511 537 525 525 551 540 526 552 516 556 524 550 558 512 495 563 571 563 546 504 506 553 578 548 513 523 518 545 527 512 513 556 518 513 508 513 494 486 511 541 573 571 534 530 542 537 546 552 563 575 558 563 563 543 563 557 539 542 516 529 575 560 521 542 526 470 482 518 512 488 520 539 522 496 495 526 542 558 542 513 523 546 534 488 468 508 491 506 553 528 545 558 572 562 542 481 492 503 500 461 490 486 514 542 536 534 528 556 562 547 519 516 541 543 553 532 555 537 548 564 536 508 504 502 493 498 527 508 527 526 560 592 612 539 486 474 464 489 520 500 497 519 524 562 560 495 496 518 518 534 511 475 465 472 482 474 486 502 488 505 506 541 551 520 521 496 500 510 536 531 513 493 524 520 513 510 490 482 485 523 539 532 480 511 550 520 542 499 452 454 527 565 509 535 555 572 550 579 553 522 518 507 505 552 567 544 538 517 514 504 503 533 550 549 527 538 514 536 528 518 517 524 517 528 501 495 510 493 484 514 562 552 515 492 507 527 528 513 548 562 567 602 564 520 504 535 514 477 521 540 526 519 530 522 508 524 489 480 465 519 535 534 539 525 478 479 529 542 574 581 539 545 591 550 522 559 567 549 557 584 537 489 489 505 532 502 500 511 492 545 530 548 562 505 500 516 494 510 533 565 558 530 533 535 553 533 544 510 496 473 554 575 557 550 520 502 503 514 536 558 577 565 512 540 581 580 603 575 543 507 517 526 496 480 470 473 480 486 491 485 508 530 541 556 537 529 506 502 484 469 543 535 518 509 524 508 459 463 477 489 484 510 537 540 521 510 492 501 528 557 547 550 561 553 501 541 522 539 574 556 505 523 532 517 482 510 558 
vem trace:

