SDId: 34597447
energy: 2.31129e+17
zenith: 0.297637
azimuth: 3.19361
GPSSeconc: 1125976072
stid: 333
spdistance: 512.51
radio trace:
401 420 417 409 402 438 434 441 418 458 414 403 409 387 394 419 419 439 423 385 400 414 404 432 441 457 447 433 460 418 434 436 424 398 411 410 446 453 428 424 433 442 449 446 457 435 396 401 398 417 443 447 430 401 437 434 427 438 451 443 441 406 420 434 377 400 404 404 434 453 441 432 442 428 422 391 349 374 394 429 431 403 417 399 393 397 400 415 392 418 415 427 432 476 446 461 436 415 425 445 419 419 398 420 408 415 436 435 423 447 432 439 445 441 449 459 427 396 365 427 415 426 464 454 422 411 436 388 368 361 389 434 412 375 403 433 420 381 358 388 384 379 385 410 418 409 433 480 471 434 425 437 444 420 439 425 464 455 461 453 426 403 394 422 433 451 435 437 405 412 452 453 412 394 415 430 431 462 425 460 466 441 434 394 394 423 445 458 424 376 382 373 408 420 416 416 423 432 423 403 382 377 417 408 409 418 398 416 429 425 410 400 432 444 432 433 425 398 405 390 395 373 390 404 400 376 404 407 387 382 411 386 367 381 379 382 387 439 421 409 382 393 413 464 472 422 420 425 421 398 396 399 407 443 447 415 394 409 411 425 417 395 408 414 412 411 402 421 423 401 416 448 460 430 447 449 404 395 399 442 408 403 425 399 424 436 420 426 430 450 467 419 408 419 450 468 478 434 432 425 424 420 427 448 435 414 411 401 403 408 445 465 458 452 441 419 419 427 440 450 474 462 447 446 459 441 424 440 436 421 385 389 412 402 388 399 408 406 428 443 449 431 425 404 411 413 435 425 427 436 419 406 427 416 388 426 456 477 442 428 445 444 447 466 456 415 369 367 397 370 359 390 425 434 430 406 417 441 449 480 470 437 423 359 381 367 378 393 380 397 404 435 418 406 434 448 435 440 470 450 464 448 472 418 406 422 427 444 469 466 481 462 446 413 406 436 443 398 392 416 420 445 409 448 414 424 427 440 443 419 424 426 397 408 409 435 458 435 405 420 432 422 424 424 421 427 440 417 408 387 399 418 448 438 432 420 402 441 427 428 422 404 386 400 436 436 425 414 429 438 436 438 429 421 439 436 423 428 418 422 438 417 417 418 422 448 444 412 410 418 426 435 425 414 450 449 438 408 385 420 401 414 395 425 451 436 431 414 440 478 474 461 471 465 463 441 432 442 429 433 441 390 416 403 417 393 382 410 406 431 467 455 422 421 416 437 425 406 415 380 399 407 414 433 445 435 427 411 438 459 420 414 418 406 373 416 442 425 450 462 465 459 468 445 416 445 406 443 445 428 433 433 433 459 452 432 454 461 471 461 437 441 438 408 449 438 421 429 414 446 447 431 427 447 430 425 402 378 396 425 396 407 426 408 403 401 402 424 467 449 438 425 423 438 396 383 372 400 454 445 430 438 415 411 438 431 446 428 432 423 425 434 411 412 451 448 401 428 429 406 391 455 437 455 457 433 426 406 430 411 397 397 376 391 411 397 422 416 389 394 429 375 363 389 396 426 460 414 430 422 430 432 408 403 410 420 427 441 408 415 368 382 370 391 379 414 416 429 425 404 392 404 418 432 431 453 417 425 431 400 407 418 415 432 394 398 402 416 425 448 443 419 432 431 444 451 452 431 414 386 406 415 431 433 474 463 413 417 418 436 462 435 416 384 377 400 408 401 407 397 401 432 423 406 414 417 453 431 445 403 398 411 414 394 408 435 424 410 387 409 434 424 384 370 379 398 396 408 
vem trace:

stid: 332
spdistance: 1007.85
radio trace:
525 535 531 534 532 547 557 541 532 540 517 521 505 520 534 515 520 570 580 569 555 543 526 555 529 534 538 571 536 536 524 522 499 513 521 546 517 492 517 568 563 542 551 542 540 529 519 517 519 505 529 541 519 507 476 538 563 540 568 548 517 533 550 549 562 551 525 532 531 506 493 534 518 519 482 487 528 564 555 544 542 515 536 516 510 538 539 534 501 505 540 559 559 563 537 525 500 512 547 528 531 518 512 525 552 519 527 514 527 553 534 504 490 545 540 524 516 539 536 521 519 499 513 521 507 496 498 523 547 536 530 533 513 521 522 521 527 547 556 554 533 530 524 524 558 574 564 553 551 538 522 522 543 578 553 530 546 580 548 545 557 564 569 580 539 487 531 552 554 534 523 507 525 550 556 555 539 555 553 532 497 525 536 550 552 552 549 544 538 503 495 562 545 563 545 540 510 525 531 562 571 582 527 563 565 561 523 529 524 537 553 536 530 540 552 522 537 547 557 552 540 541 534 533 543 559 530 532 522 471 491 541 562 539 525 516 511 561 546 550 550 560 611 576 515 517 543 558 581 586 577 530 526 560 558 523 554 516 545 541 576 562 542 547 557 567 554 586 582 543 535 564 553 555 554 541 543 538 507 545 492 508 522 564 567 541 504 537 533 522 520 516 545 548 530 582 575 547 571 583 587 578 573 553 533 507 510 509 514 551 530 540 524 529 549 548 562 563 560 551 544 537 554 576 564 525 536 525 533 535 498 509 522 539 504 515 519 521 548 568 567 566 546 535 500 545 574 583 546 534 544 552 584 511 513 514 529 533 535 547 524 507 527 548 598 571 540 498 535 515 537 532 506 510 531 524 535 551 522 531 458 460 526 513 500 535 512 509 521 520 537 545 565 557 529 512 526 540 531 559 547 543 537 543 518 531 547 548 524 510 531 535 550 541 546 526 523 507 485 520 522 535 518 539 560 560 550 571 549 543 524 476 504 547 553 549 504 517 531 511 508 517 555 573 556 537 519 544 542 525 547 505 500 518 521 535 500 488 532 584 516 520 557 535 545 565 568 609 593 565 574 576 558 571 599 558 541 549 544 557 556 552 501 471 532 553 568 553 565 557 553 557 540 531 523 494 489 493 542 591 574 577 555 530 535 590 594 527 539 571 576 545 542 538 542 603 582 560 573 545 542 545 562 509 496 540 506 507 532 543 543 568 546 529 561 532 564 576 553 550 538 545 573 533 569 544 536 543 581 545 522 521 518 528 548 549 514 518 532 559 526 525 562 553 540 557 534 544 516 498 510 511 546 581 528 509 519 523 557 535 539 544 548 526 547 555 510 525 553 547 591 592 554 529 519 501 504 492 527 524 506 506 530 541 575 580 568 521 500 487 487 503 522 502 492 514 548 538 516 501 543 536 567 586 563 552 539 526 497 494 513 518 528 510 541 545 565 565 528 557 562 532 508 517 533 578 580 572 520 510 553 544 523 546 526 521 528 527 559 523 519 540 539 516 501 504 505 514 528 544 547 543 568 568 532 518 512 520 539 555 562 568 554 552 520 540 583 584 604 573 555 494 530 537 535 541 547 510 529 509 519 588 579 535 551 547 541 551 566 529 560 571 544 568 538 539 577 535 507 552 561 513 527 540 577 580 542 535 552 547 585 537 537 552 579 550 527 534 528 469 490 533 562 568 588 585 584 607 585 540 558 531 545 559 546 552 517 506 515 514 538 547 551 558 532 522 506 522 
vem trace:

