SDId: 34805355
energy: 6.50917e+17
zenith: 0.876486
azimuth: 2.6118
GPSSeconc: 1127118848
stid: 342
spdistance: 619.726
radio trace:
422 402 430 432 423 423 405 444 425 412 391 382 396 417 440 445 425 418 445 440 444 434 431 442 448 466 457 451 440 440 427 430 422 441 445 431 449 450 458 429 425 384 419 418 427 446 446 425 451 441 434 464 468 459 433 425 402 383 422 426 447 422 399 382 419 424 417 420 443 441 442 429 441 436 433 448 438 444 444 411 416 403 405 422 434 448 441 416 440 417 405 400 408 411 430 395 401 422 417 385 414 431 418 440 462 457 413 440 436 434 430 415 382 404 391 415 415 381 416 437 436 447 437 446 426 410 418 402 421 433 427 439 437 401 425 432 434 406 404 413 417 436 434 407 390 398 416 433 442 444 450 446 418 433 439 467 444 444 419 428 418 437 464 429 383 371 421 432 432 446 435 431 447 425 425 413 418 401 385 375 400 402 426 412 424 431 431 426 417 401 413 440 439 449 424 414 388 388 428 457 431 426 412 457 444 416 445 458 470 452 429 460 464 451 420 408 418 407 393 430 464 438 433 438 431 457 464 429 412 394 392 414 415 406 408 422 414 446 437 400 413 409 425 414 426 445 451 411 413 391 404 433 433 413 392 401 417 429 398 395 412 420 438 442 417 412 424 414 431 423 417 422 428 448 417 400 417 401 411 414 422 422 416 392 399 418 430 428 417 400 409 436 443 436 433 440 449 443 483 455 423 413 442 436 416 406 400 422 430 435 443 447 479 443 437 445 461 440 432 426 407 431 437 427 415 421 443 416 418 447 423 417 406 437 437 446 422 451 464 427 395 412 418 408 422 409 423 421 400 422 423 394 389 399 415 432 433 416 403 386 406 389 393 424 456 457 483 443 423 418 405 409 455 447 446 456 462 438 427 430 425 433 436 420 406 409 396 434 426 403 419 429 446 426 431 429 457 467 444 430 414 405 397 387 361 403 433 420 428 445 429 428 412 453 453 414 431 442 449 443 447 439 427 415 416 405 396 400 383 414 415 452 398 434 424 446 422 423 415 413 399 410 394 399 435 447 435 421 419 414 442 448 423 417 406 417 410 410 431 427 431 431 447 424 420 422 423 419 390 421 416 407 382 395 412 405 431 459 463 435 416 419 429 424 420 443 415 454 455 455 453 426 438 411 377 396 411 410 422 450 425 419 428 428 428 456 440 427 396 416 420 444 452 434 418 430 446 428 415 396 445 434 407 404 405 417 448 450 488 465 419 408 427 424 416 418 409 397 416 396 386 399 439 431 415 433 438 456 468 438 444 440 447 442 435 452 414 442 449 460 427 415 419 399 400 410 425 430 454 422 424 449 434 440 442 421 438 444 444 426 407 411 410 435 438 429 457 466 432 404 421 430 422 402 405 426 424 401 431 456 421 422 401 436 435 438 416 420 428 439 437 401 414 422 441 401 389 408 408 417 428 449 437 415 413 444 431 432 430 416 429 422 431 442 404 410 404 410 411 396 399 396 400 428 424 418 376 422 429 430 439 438 403 357 381 410 445 416 450 451 498 470 425 421 414 432 422 417 414 424 435 457 458 443 415 403 416 411 401 398 428 418 426 436 436 432 441 433 455 450 429 435 439 455 432 445 471 465 451 456 464 470 444 424 461 449 435 419 410 400 403 414 450 452 455 447 439 430 422 398 401 428 440 459 428 397 392 418 413 435 423 411 414 429 393 390 416 417 396 431 448 413 424 448 451 458 442 446 428 414 429 413 423 435 456 458 400 389 408 450 432 427 443 441 423 421 420 408 
vem trace:

stid: 341
spdistance: 660.375
radio trace:
525 488 487 505 527 513 524 511 488 483 468 511 540 501 461 429 462 488 462 465 474 523 486 501 496 519 529 512 511 528 529 519 500 491 481 472 447 444 475 552 533 528 484 465 449 460 534 494 508 487 492 556 549 534 546 532 517 512 479 476 522 494 486 513 459 434 443 461 489 474 470 508 508 536 547 477 470 479 498 485 499 526 545 559 526 490 472 449 490 502 463 463 488 503 513 531 511 502 475 492 485 518 527 527 521 522 515 504 525 478 484 517 513 491 504 551 536 550 536 491 489 522 494 455 474 490 522 516 491 487 519 515 476 491 513 507 523 504 490 524 502 482 478 464 451 460 451 455 443 459 479 522 514 466 462 476 487 466 480 469 466 500 518 487 507 502 481 432 416 431 459 471 482 447 426 437 463 490 464 479 501 531 539 532 483 471 474 508 501 509 493 528 537 488 506 494 490 514 525 550 493 467 480 504 494 508 506 500 483 528 504 470 483 478 485 511 523 532 547 528 532 525 517 531 521 545 535 494 520 539 492 477 498 529 548 558 503 540 535 497 507 525 530 500 483 498 497 518 505 522 524 518 488 465 483 501 546 524 521 488 439 480 509 514 512 481 505 513 513 505 489 524 542 532 487 514 496 488 476 498 503 498 474 464 471 471 485 479 471 480 499 513 501 518 493 491 530 483 468 510 507 524 484 441 460 479 501 514 500 500 487 482 479 504 500 468 465 446 459 525 528 474 449 448 467 501 509 478 471 490 497 508 492 500 493 479 472 440 453 454 456 476 480 508 511 468 466 501 488 495 490 491 462 461 480 489 496 517 532 533 535 552 511 491 500 509 541 517 514 512 492 452 506 525 531 573 555 530 498 462 461 499 484 489 483 508 496 466 459 467 478 502 533 543 535 533 516 514 509 511 530 512 518 501 490 491 527 513 478 422 463 479 470 471 529 534 531 505 476 480 475 512 517 503 513 507 518 486 472 480 499 516 493 495 504 492 486 534 554 521 491 461 496 510 536 514 496 474 490 470 492 458 491 503 515 487 508 529 491 487 537 492 469 482 525 506 493 507 522 513 508 493 526 523 508 538 530 501 523 525 500 523 512 479 443 477 496 541 529 506 474 478 498 507 467 464 445 449 503 504 470 472 473 476 445 433 485 543 526 486 474 466 487 494 488 473 472 485 479 470 490 514 519 519 504 490 498 508 513 502 462 478 465 483 480 529 559 528 535 508 473 477 516 499 496 526 543 506 539 498 501 493 499 512 500 494 474 477 486 511 485 471 474 536 557 470 451 496 470 484 508 519 479 487 522 504 475 521 541 522 520 527 529 538 564 535 503 502 479 475 477 482 529 506 507 524 529 529 559 541 545 546 550 509 513 466 464 477 485 531 511 486 494 506 510 500 514 514 493 474 506 464 481 535 525 533 506 496 501 517 509 516 526 500 478 500 478 481 486 500 480 474 461 468 485 519 511 517 494 475 486 535 567 553 492 481 513 520 483 491 488 493 492 489 470 434 489 506 514 498 446 446 474 505 541 575 553 523 505 514 516 516 527 533 529 511 518 540 534 532 508 490 501 526 570 537 516 510 501 480 459 484 511 506 525 517 484 467 506 481 444 482 494 486 484 477 468 491 522 527 512 491 566 592 514 549 577 577 542 533 530 538 505 536 551 535 505 499 524 538 480 462 506 488 490 512 503 527 498 511 485 501 498 515 528 518 509 513 498 517 490 479 491 504 477 464 504 474 
vem trace:

stid: 341
spdistance: 660.375
radio trace:
525 488 487 505 527 513 524 511 488 483 468 511 540 501 461 429 462 488 462 465 474 523 486 501 496 519 529 512 511 528 529 519 500 491 481 472 447 444 475 552 533 528 484 465 449 460 534 494 508 487 492 556 549 534 546 532 517 512 479 476 522 494 486 513 459 434 443 461 489 474 470 508 508 536 547 477 470 479 498 485 499 526 545 559 526 490 472 449 490 502 463 463 488 503 513 531 511 502 475 492 485 518 527 527 521 522 515 504 525 478 484 517 513 491 504 551 536 550 536 491 489 522 494 455 474 490 522 516 491 487 519 515 476 491 513 507 523 504 490 524 502 482 478 464 451 460 451 455 443 459 479 522 514 466 462 476 487 466 480 469 466 500 518 487 507 502 481 432 416 431 459 471 482 447 426 437 463 490 464 479 501 531 539 532 483 471 474 508 501 509 493 528 537 488 506 494 490 514 525 550 493 467 480 504 494 508 506 500 483 528 504 470 483 478 485 511 523 532 547 528 532 525 517 531 521 545 535 494 520 539 492 477 498 529 548 558 503 540 535 497 507 525 530 500 483 498 497 518 505 522 524 518 488 465 483 501 546 524 521 488 439 480 509 514 512 481 505 513 513 505 489 524 542 532 487 514 496 488 476 498 503 498 474 464 471 471 485 479 471 480 499 513 501 518 493 491 530 483 468 510 507 524 484 441 460 479 501 514 500 500 487 482 479 504 500 468 465 446 459 525 528 474 449 448 467 501 509 478 471 490 497 508 492 500 493 479 472 440 453 454 456 476 480 508 511 468 466 501 488 495 490 491 462 461 480 489 496 517 532 533 535 552 511 491 500 509 541 517 514 512 492 452 506 525 531 573 555 530 498 462 461 499 484 489 483 508 496 466 459 467 478 502 533 543 535 533 516 514 509 511 530 512 518 501 490 491 527 513 478 422 463 479 470 471 529 534 531 505 476 480 475 512 517 503 513 507 518 486 472 480 499 516 493 495 504 492 486 534 554 521 491 461 496 510 536 514 496 474 490 470 492 458 491 503 515 487 508 529 491 487 537 492 469 482 525 506 493 507 522 513 508 493 526 523 508 538 530 501 523 525 500 523 512 479 443 477 496 541 529 506 474 478 498 507 467 464 445 449 503 504 470 472 473 476 445 433 485 543 526 486 474 466 487 494 488 473 472 485 479 470 490 514 519 519 504 490 498 508 513 502 462 478 465 483 480 529 559 528 535 508 473 477 516 499 496 526 543 506 539 498 501 493 499 512 500 494 474 477 486 511 485 471 474 536 557 470 451 496 470 484 508 519 479 487 522 504 475 521 541 522 520 527 529 538 564 535 503 502 479 475 477 482 529 506 507 524 529 529 559 541 545 546 550 509 513 466 464 477 485 531 511 486 494 506 510 500 514 514 493 474 506 464 481 535 525 533 506 496 501 517 509 516 526 500 478 500 478 481 486 500 480 474 461 468 485 519 511 517 494 475 486 535 567 553 492 481 513 520 483 491 488 493 492 489 470 434 489 506 514 498 446 446 474 505 541 575 553 523 505 514 516 516 527 533 529 511 518 540 534 532 508 490 501 526 570 537 516 510 501 480 459 484 511 506 525 517 484 467 506 481 444 482 494 486 484 477 468 491 522 527 512 491 566 592 514 549 577 577 542 533 530 538 505 536 551 535 505 499 524 538 480 462 506 488 490 512 503 527 498 511 485 501 498 515 528 518 509 513 498 517 490 479 491 504 477 464 504 474 
vem trace:

stid: 332
spdistance: 933.546
radio trace:
536 567 571 547 554 460 495 523 530 547 581 572 573 549 522 504 493 517 554 554 558 558 549 500 490 505 543 563 578 556 581 584 550 493 500 535 544 514 498 498 517 522 579 590 566 545 558 541 549 525 525 527 491 515 540 558 541 564 547 554 541 563 548 539 510 511 501 486 500 539 526 486 510 531 523 536 579 571 533 534 548 520 490 498 525 501 476 493 506 559 573 514 522 559 535 565 571 571 559 562 560 512 537 530 539 527 515 488 478 463 467 539 564 564 534 541 512 498 502 498 527 521 520 515 540 550 539 548 558 554 526 504 479 471 536 535 556 567 567 554 549 545 554 529 540 578 540 513 542 518 548 575 538 520 495 508 533 535 537 554 528 561 571 540 526 549 565 574 571 536 531 555 551 518 540 579 541 503 498 528 526 521 540 574 564 568 534 526 557 595 598 543 545 555 557 560 542 538 544 532 541 558 525 514 521 527 523 521 519 538 571 533 546 533 538 550 555 563 555 561 558 537 523 519 520 537 557 531 517 495 517 521 546 578 561 547 535 545 551 508 531 530 551 538 522 500 455 495 529 549 548 546 479 492 510 523 531 539 528 536 549 561 558 537 572 571 536 528 535 552 566 533 568 563 532 547 542 537 540 506 522 537 538 517 505 520 516 550 558 534 530 494 494 497 542 542 525 509 475 508 519 488 525 534 547 551 541 521 528 509 543 547 547 532 565 560 553 542 569 577 566 549 523 562 568 552 546 544 527 549 562 541 546 576 534 534 503 522 536 566 547 565 579 575 563 542 560 552 518 542 583 579 534 540 521 535 522 524 507 561 564 565 558 544 528 541 537 521 506 478 512 520 514 526 525 525 493 518 553 542 516 514 539 538 528 539 527 543 537 541 550 535 546 553 552 547 548 568 590 571 567 552 524 507 513 546 550 562 557 552 516 503 470 505 551 569 530 534 539 531 505 507 497 511 485 489 519 531 531 547 492 495 514 528 548 551 509 523 544 552 529 537 499 490 526 534 529 534 509 523 539 518 541 538 561 565 577 574 536 543 553 541 522 546 546 547 572 546 543 564 553 501 500 487 530 508 523 528 532 539 508 541 531 549 552 517 515 512 525 528 530 513 550 549 544 520 537 524 531 494 492 547 552 573 539 551 580 548 550 545 558 561 544 546 534 545 526 524 521 543 547 553 535 524 510 522 522 523 536 522 510 549 561 559 527 562 549 540 537 536 534 557 536 556 568 570 587 551 538 533 540 510 491 544 545 532 552 534 526 502 514 521 515 511 559 593 531 530 561 570 549 588 584 556 556 581 588 559 559 535 477 515 528 552 539 517 511 506 518 523 536 517 485 531 553 557 556 540 559 538 520 548 565 565 553 582 571 559 561 554 520 508 519 577 552 546 553 519 511 518 525 533 535 545 540 577 582 576 540 555 553 544 516 523 549 536 514 526 532 543 519 527 515 558 543 545 524 535 529 523 517 486 516 499 488 482 536 527 520 526 562 560 558 540 566 545 542 536 567 501 491 508 498 492 502 547 581 550 538 548 531 539 559 560 561 557 567 596 603 546 529 529 538 517 489 498 508 487 481 467 486 529 534 508 534 552 542 516 507 537 575 530 521 523 535 551 544 534 503 536 544 544 534 554 572 570 569 534 570 591 576 561 551 558 557 574 574 555 534 527 512 527 560 532 497 515 503 532 552 533 534 532 564 530 542 542 571 564 534 523 537 537 550 531 554 522 550 521 
vem trace:

stid: 333
spdistance: 1033.9
radio trace:
447 436 430 417 425 439 434 457 471 425 399 377 386 386 428 422 442 457 451 451 419 401 417 446 432 405 394 411 415 417 411 437 453 444 452 463 471 451 424 417 435 442 423 444 454 461 453 436 418 469 449 416 414 396 412 430 432 455 447 414 427 446 416 420 435 449 441 439 444 428 410 407 363 342 383 405 417 419 421 417 432 441 432 436 414 414 439 445 437 428 420 424 456 428 418 405 426 394 385 393 402 414 430 459 461 446 454 462 431 416 411 428 438 444 445 449 441 443 448 458 443 404 437 440 470 465 460 459 434 450 446 452 437 406 409 407 410 400 419 410 432 417 409 438 431 430 429 440 464 429 439 433 447 464 456 470 454 426 443 426 423 419 380 442 451 447 453 449 443 454 427 398 423 423 413 413 416 408 398 398 407 442 417 419 418 398 428 420 455 452 479 446 446 421 431 435 447 418 394 407 386 412 440 424 426 455 424 445 434 470 443 418 412 403 382 401 415 433 461 480 463 424 409 418 412 408 407 415 451 431 395 431 423 435 457 441 424 402 401 421 447 440 430 412 396 408 399 417 431 440 438 446 461 463 430 411 438 431 387 419 408 403 410 413 425 414 442 422 412 433 451 455 464 433 419 423 368 414 470 482 468 453 473 427 442 434 426 429 433 434 425 432 416 434 427 435 417 430 422 435 471 463 451 459 437 446 442 434 436 454 442 408 402 436 426 420 435 418 392 408 431 457 457 460 460 474 465 484 430 426 428 446 460 427 408 459 468 451 434 454 431 435 443 487 459 470 440 427 433 448 452 424 448 448 408 424 443 446 442 435 423 406 398 398 421 412 410 429 463 434 433 462 429 408 426 456 449 427 406 389 423 448 459 422 424 440 453 430 419 423 421 459 466 497 459 423 427 415 425 414 402 412 404 394 397 420 442 444 456 472 462 477 468 461 479 459 452 462 458 464 407 414 467 456 454 401 422 421 419 466 477 465 437 441 422 386 411 407 429 424 442 467 436 461 450 453 443 436 395 413 428 439 396 380 422 434 424 438 427 399 402 419 441 450 446 419 416 457 432 401 414 397 416 434 407 434 435 435 411 413 400 414 419 386 375 383 419 418 445 428 416 452 433 415 423 416 410 458 464 448 449 453 445 431 415 434 424 412 441 420 437 453 471 463 443 427 449 474 466 469 445 443 460 443 434 448 470 486 485 465 447 443 420 408 447 411 429 457 463 437 421 426 408 415 411 397 425 430 422 460 439 449 435 434 422 424 430 433 456 454 410 419 443 426 440 444 446 433 437 400 411 441 434 416 408 409 412 445 464 454 469 450 448 447 468 463 471 409 406 444 447 405 419 402 426 419 431 432 410 389 407 424 456 460 476 454 457 452 451 441 447 465 473 456 425 432 429 458 420 435 448 400 428 427 449 415 417 422 391 392 396 412 402 429 463 444 457 435 446 462 501 482 470 461 454 445 473 488 485 489 452 436 441 451 444 443 420 425 452 432 417 443 435 427 443 436 427 441 433 398 424 445 448 433 413 457 399 412 426 432 468 484 460 430 430 416 451 467 446 446 448 475 452 406 415 424 367 402 432 445 445 423 448 432 410 402 368 362 386 383 377 393 411 415 433 425 427 457 429 393 398 376 393 418 419 408 435 436 424 433 400 378 372 411 400 420 426 446 454 441 437 435 458 454 459 451 457 448 390 370 400 428 437 443 453 468 448 426 418 419 446 439 424 411 410 430 415 383 
vem trace:

