SDId: 34503441
energy: 3.96047e+17
zenith: 0.637075
azimuth: 5.65027
GPSSeconc: 1125275874
stid: 341
spdistance: 691.786
radio trace:
471 501 496 487 516 521 515 511 549 542 524 542 516 512 497 483 513 505 487 481 476 527 510 519 491 521 562 533 518 533 513 536 557 506 501 447 468 497 531 519 510 498 455 433 468 526 527 519 550 506 490 522 492 492 498 493 531 468 477 517 548 522 540 486 504 534 520 513 501 488 502 523 497 486 508 509 473 485 529 530 531 568 571 555 473 440 468 465 486 461 437 469 497 504 495 490 448 453 492 468 513 517 473 489 505 498 491 470 506 544 539 534 554 529 505 496 464 484 509 524 499 489 455 425 468 507 486 480 467 475 484 481 485 541 558 552 571 529 502 475 475 495 484 491 507 480 490 497 466 493 522 454 439 440 456 517 545 540 518 502 482 501 484 469 502 526 489 468 483 446 448 468 487 515 508 501 532 509 488 519 504 522 538 503 476 466 474 486 487 481 512 530 546 542 516 482 475 463 465 488 520 491 502 461 514 515 513 512 512 523 545 491 529 542 541 515 488 491 506 502 464 468 489 477 474 504 503 522 507 510 505 484 494 504 499 500 528 571 555 501 498 510 505 487 481 504 505 472 474 461 470 480 473 482 496 501 501 498 489 457 505 460 460 485 483 488 475 481 495 475 493 492 486 509 524 516 495 491 489 482 474 488 481 471 475 512 506 457 493 508 517 533 531 551 501 500 541 544 518 498 485 474 492 509 501 507 540 491 551 552 536 549 537 547 497 511 514 477 443 467 464 465 452 494 504 535 503 477 494 456 444 475 454 461 488 494 497 502 507 525 492 528 524 530 524 526 519 530 480 480 500 514 520 534 529 511 497 550 558 564 554 534 520 550 570 509 550 536 516 483 464 467 529 503 500 473 462 473 466 464 493 527 498 503 496 482 470 475 478 497 498 484 476 461 455 463 489 495 482 508 518 490 503 525 543 527 490 451 461 536 547 506 539 533 484 494 505 505 516 516 505 491 498 523 516 499 560 563 500 477 527 524 518 521 552 523 505 507 521 522 528 497 500 498 518 517 558 553 537 541 529 493 497 472 512 523 494 496 491 503 502 511 512 545 524 508 515 521 518 514 504 485 486 451 513 500 504 512 511 520 541 559 552 500 459 513 501 501 514 491 497 521 495 551 526 505 513 507 496 454 499 516 503 475 499 478 524 570 557 544 536 517 540 518 491 460 455 509 533 518 524 493 475 497 474 460 495 505 511 500 466 471 498 504 482 485 481 489 509 561 547 552 568 553 496 500 513 512 539 542 566 562 579 533 494 504 475 501 497 500 510 534 495 478 466 481 448 466 480 484 547 543 511 494 485 482 507 517 523 522 504 480 525 524 504 471 507 519 483 546 523 483 518 499 463 514 485 447 444 428 507 513 501 506 492 475 526 568 601 559 524 530 490 478 482 506 493 492 485 508 519 507 502 498 539 523 493 489 522 515 517 540 515 550 522 493 461 461 498 481 499 501 493 505 528 502 513 507 513 485 503 481 512 506 515 534 511 445 486 547 558 573 504 470 482 477 489 503 511 523 530 512 467 456 463 494 498 482 459 478 507 509 475 490 488 486 484 475 494 481 456 427 477 501 504 492 482 529 499 498 515 500 498 490 529 526 496 544 545 553 549 596 581 512 470 485 553 551 564 541 534 538 545 547 493 467 450 478 468 494 507 514 510 511 496 476 492 484 495 488 485 468 530 532 565 559 551 555 540 499 457 450 473 457 454 488 481 501 527 524 529 516 500 445 481 484 488 508 
vem trace:

stid: 341
spdistance: 691.786
radio trace:
471 501 496 487 516 521 515 511 549 542 524 542 516 512 497 483 513 505 487 481 476 527 510 519 491 521 562 533 518 533 513 536 557 506 501 447 468 497 531 519 510 498 455 433 468 526 527 519 550 506 490 522 492 492 498 493 531 468 477 517 548 522 540 486 504 534 520 513 501 488 502 523 497 486 508 509 473 485 529 530 531 568 571 555 473 440 468 465 486 461 437 469 497 504 495 490 448 453 492 468 513 517 473 489 505 498 491 470 506 544 539 534 554 529 505 496 464 484 509 524 499 489 455 425 468 507 486 480 467 475 484 481 485 541 558 552 571 529 502 475 475 495 484 491 507 480 490 497 466 493 522 454 439 440 456 517 545 540 518 502 482 501 484 469 502 526 489 468 483 446 448 468 487 515 508 501 532 509 488 519 504 522 538 503 476 466 474 486 487 481 512 530 546 542 516 482 475 463 465 488 520 491 502 461 514 515 513 512 512 523 545 491 529 542 541 515 488 491 506 502 464 468 489 477 474 504 503 522 507 510 505 484 494 504 499 500 528 571 555 501 498 510 505 487 481 504 505 472 474 461 470 480 473 482 496 501 501 498 489 457 505 460 460 485 483 488 475 481 495 475 493 492 486 509 524 516 495 491 489 482 474 488 481 471 475 512 506 457 493 508 517 533 531 551 501 500 541 544 518 498 485 474 492 509 501 507 540 491 551 552 536 549 537 547 497 511 514 477 443 467 464 465 452 494 504 535 503 477 494 456 444 475 454 461 488 494 497 502 507 525 492 528 524 530 524 526 519 530 480 480 500 514 520 534 529 511 497 550 558 564 554 534 520 550 570 509 550 536 516 483 464 467 529 503 500 473 462 473 466 464 493 527 498 503 496 482 470 475 478 497 498 484 476 461 455 463 489 495 482 508 518 490 503 525 543 527 490 451 461 536 547 506 539 533 484 494 505 505 516 516 505 491 498 523 516 499 560 563 500 477 527 524 518 521 552 523 505 507 521 522 528 497 500 498 518 517 558 553 537 541 529 493 497 472 512 523 494 496 491 503 502 511 512 545 524 508 515 521 518 514 504 485 486 451 513 500 504 512 511 520 541 559 552 500 459 513 501 501 514 491 497 521 495 551 526 505 513 507 496 454 499 516 503 475 499 478 524 570 557 544 536 517 540 518 491 460 455 509 533 518 524 493 475 497 474 460 495 505 511 500 466 471 498 504 482 485 481 489 509 561 547 552 568 553 496 500 513 512 539 542 566 562 579 533 494 504 475 501 497 500 510 534 495 478 466 481 448 466 480 484 547 543 511 494 485 482 507 517 523 522 504 480 525 524 504 471 507 519 483 546 523 483 518 499 463 514 485 447 444 428 507 513 501 506 492 475 526 568 601 559 524 530 490 478 482 506 493 492 485 508 519 507 502 498 539 523 493 489 522 515 517 540 515 550 522 493 461 461 498 481 499 501 493 505 528 502 513 507 513 485 503 481 512 506 515 534 511 445 486 547 558 573 504 470 482 477 489 503 511 523 530 512 467 456 463 494 498 482 459 478 507 509 475 490 488 486 484 475 494 481 456 427 477 501 504 492 482 529 499 498 515 500 498 490 529 526 496 544 545 553 549 596 581 512 470 485 553 551 564 541 534 538 545 547 493 467 450 478 468 494 507 514 510 511 496 476 492 484 495 488 485 468 530 532 565 559 551 555 540 499 457 450 473 457 454 488 481 501 527 524 529 516 500 445 481 484 488 508 
vem trace:

stid: 342
spdistance: 895.129
radio trace:
453 413 405 424 444 429 433 417 410 411 413 410 395 387 410 427 446 455 452 424 401 404 433 432 423 415 414 413 432 435 449 469 461 412 399 395 394 427 406 382 403 418 418 425 434 419 432 425 441 457 426 405 442 438 446 458 457 447 468 437 416 421 466 464 435 427 431 420 467 423 407 386 403 413 420 441 430 431 436 451 448 429 429 435 425 423 397 406 438 442 442 445 417 419 435 455 449 445 417 441 437 425 412 442 424 434 417 440 439 412 402 411 448 450 434 441 403 406 436 436 410 425 458 475 454 461 424 457 449 430 394 422 408 419 436 432 420 417 428 436 432 428 412 397 406 408 394 415 431 424 431 434 410 423 407 377 408 436 414 402 419 430 420 434 431 436 438 459 450 419 420 455 446 426 434 470 459 451 451 459 459 427 421 428 425 445 423 416 389 379 411 435 430 402 419 382 402 411 404 409 433 434 429 421 401 397 391 424 443 443 443 419 426 411 428 434 426 417 441 454 452 423 430 406 397 408 404 425 465 461 439 438 437 454 418 416 414 428 426 396 416 426 440 436 421 432 469 462 421 411 410 382 412 405 405 416 438 435 442 439 417 436 402 422 433 411 429 429 450 432 415 424 445 446 448 425 407 407 444 439 427 466 432 437 442 451 435 450 432 406 414 363 383 423 466 452 443 426 438 431 424 429 410 411 432 468 431 444 406 409 422 442 421 414 420 414 432 463 464 424 433 427 415 411 427 426 444 456 465 443 415 416 468 453 444 384 395 408 413 413 409 395 384 386 395 408 430 404 416 416 385 384 406 421 439 406 402 403 420 455 431 430 416 402 404 410 446 449 451 445 427 434 422 403 411 429 406 413 423 398 416 425 417 404 438 455 450 431 427 433 425 432 432 418 414 450 457 428 412 413 414 428 455 442 424 431 440 476 404 376 402 425 418 399 405 408 412 412 418 420 370 377 417 426 425 409 391 405 364 377 376 383 409 426 431 402 390 362 424 446 432 429 421 443 443 446 447 428 455 447 446 395 413 443 409 417 412 415 413 417 401 391 408 396 390 401 419 428 445 428 392 398 409 420 412 398 417 427 433 425 391 405 402 403 387 392 396 418 420 426 420 408 426 412 459 466 464 444 431 418 439 459 433 425 408 397 404 427 418 440 414 412 419 411 399 404 440 448 457 412 399 441 473 432 425 448 454 452 436 436 430 421 433 423 443 432 424 429 419 423 436 429 446 412 427 420 372 377 412 399 435 452 429 443 437 418 420 416 425 448 431 454 459 406 392 400 377 413 429 430 425 439 433 488 475 464 462 464 458 409 410 406 412 423 432 426 445 447 442 440 417 425 433 426 472 454 435 421 409 440 430 406 386 393 404 416 407 429 432 415 391 416 418 405 414 417 393 412 383 407 442 437 439 438 436 437 425 413 418 387 395 419 398 420 426 462 456 459 448 423 428 424 424 432 438 437 438 428 403 402 411 407 402 411 424 412 408 400 427 452 437 440 434 430 436 455 444 452 446 448 425 433 436 431 408 418 402 407 407 423 441 468 474 483 468 453 447 449 453 456 442 452 455 428 429 419 379 414 422 441 444 439 416 400 388 395 438 444 419 393 415 442 440 407 409 387 410 416 447 408 428 438 450 446 436 417 382 411 423 422 425 451 412 418 415 418 394 390 429 435 426 410 418 424 419 392 383 403 413 429 450 465 460 466 445 414 404 413 424 433 430 426 394 398 393 382 400 400 
vem trace:

stid: 343
spdistance: 845.09
radio trace:
454 429 404 393 405 429 434 438 423 428 416 432 418 431 430 459 453 430 437 430 428 442 448 468 463 460 471 456 460 453 452 431 425 418 405 399 412 420 453 470 444 435 464 454 421 437 433 423 455 468 436 410 395 453 442 455 456 451 462 474 476 463 479 474 463 462 464 446 439 457 464 471 427 428 434 441 448 467 454 441 435 442 467 435 422 448 439 449 421 441 416 455 442 433 439 454 440 446 437 439 417 414 421 462 443 433 428 432 429 455 464 445 440 435 394 411 410 403 430 423 454 460 435 430 442 473 448 409 442 450 445 444 455 472 489 478 462 453 435 426 441 444 430 430 431 435 469 462 414 428 421 423 403 406 415 407 435 438 453 465 470 484 462 441 474 471 468 450 457 440 432 461 438 447 455 473 444 452 476 493 458 451 456 455 468 462 463 442 446 444 442 465 470 475 450 461 464 447 442 462 450 443 460 445 479 474 451 440 453 445 465 424 435 449 417 412 427 447 417 437 445 434 444 447 452 448 463 474 481 448 458 465 432 441 446 438 452 416 406 435 451 459 442 404 430 441 449 429 456 446 424 456 449 464 457 436 448 463 446 412 419 427 422 433 441 438 435 430 442 456 440 436 419 423 419 452 466 463 448 451 438 441 433 438 427 457 471 487 497 451 456 457 468 462 436 451 468 482 477 451 437 462 472 473 441 447 460 458 449 422 412 446 481 489 450 433 473 470 478 489 489 467 463 479 475 445 406 397 452 424 437 446 410 444 467 452 440 441 450 481 483 453 463 477 456 427 415 443 448 418 462 467 448 468 454 476 448 437 450 443 426 428 433 431 415 405 423 458 461 453 441 462 426 387 422 442 441 452 465 485 468 436 424 442 432 445 417 440 436 437 449 476 471 484 479 434 421 431 446 438 444 457 450 442 449 439 423 425 429 437 468 453 445 468 469 468 462 421 427 439 447 434 438 424 450 448 448 431 471 477 421 432 470 479 474 442 442 451 453 442 435 430 451 455 474 459 431 471 472 470 457 438 436 462 462 437 444 450 477 472 448 397 425 403 406 423 407 425 450 456 428 418 422 423 408 419 436 455 443 490 486 489 489 472 442 454 451 473 465 461 442 450 463 434 455 444 425 421 459 496 451 424 454 445 423 421 459 458 469 482 455 442 444 453 440 482 494 470 452 481 443 464 449 426 405 390 402 440 453 428 434 468 449 457 461 480 463 445 426 396 420 448 433 441 456 476 458 455 474 480 472 458 437 468 467 451 459 453 468 462 479 451 438 445 433 432 420 449 475 454 423 418 433 449 447 429 431 439 421 407 403 420 427 439 426 440 448 461 445 420 425 415 430 417 407 425 440 463 443 449 463 465 443 425 459 465 460 426 454 480 470 471 484 461 461 472 460 458 471 474 467 449 430 429 448 476 464 451 457 456 446 444 443 429 448 429 444 476 466 416 421 425 395 424 446 417 426 445 453 463 464 460 453 440 430 426 414 427 417 429 473 479 452 448 455 461 467 475 453 409 415 446 436 457 456 429 446 439 434 436 432 455 456 478 469 457 475 478 475 453 481 474 440 406 433 440 437 435 453 442 433 428 436 450 443 462 446 439 451 442 445 434 443 420 446 460 453 448 465 477 462 456 468 460 431 414 450 441 464 455 437 457 451 454 444 442 432 423 450 454 460 435 436 439 439 468 476 454 458 469 481 466 464 445 424 456 439 401 427 436 438 437 465 423 419 451 447 428 
vem trace:

