SDId: 34881746
energy: 1.4694e+18
zenith: 0.550277
azimuth: 4.89533
GPSSeconc: 1127601134
stid: 332
spdistance: 1405.52
radio trace:
532 579 592 566 558 545 568 513 542 561 550 519 524 522 515 518 552 518 534 514 526 561 567 542 555 556 562 541 559 578 588 572 567 580 561 579 562 543 543 528 502 548 555 527 546 542 571 576 603 570 530 536 563 573 604 569 554 558 542 545 551 528 533 558 552 547 519 499 522 520 543 543 531 543 518 541 529 549 547 575 613 568 552 577 572 595 559 505 536 572 600 576 552 536 536 533 533 531 549 576 569 560 547 545 552 565 558 563 543 519 530 554 590 592 560 540 549 574 568 582 614 598 593 546 550 556 556 531 551 548 539 555 566 575 571 550 528 524 552 552 527 531 513 522 515 542 539 586 580 556 536 528 560 608 577 579 565 552 574 551 554 568 549 562 550 553 585 610 598 590 596 566 569 555 530 547 556 572 552 582 542 537 535 536 562 586 554 538 553 554 527 565 537 554 556 608 583 575 571 546 533 558 531 537 512 522 505 525 509 513 545 544 560 552 574 547 555 561 578 578 589 571 585 588 607 593 573 571 541 560 560 540 526 570 553 537 576 615 582 597 573 549 561 597 611 559 566 575 568 568 564 575 581 588 562 554 595 560 559 555 555 555 572 536 560 555 547 513 515 526 534 538 553 542 544 551 576 565 571 535 539 541 557 585 560 546 548 523 531 545 562 566 539 543 574 564 547 567 529 504 533 524 547 569 559 545 521 556 535 556 551 547 566 579 610 587 560 547 543 551 555 558 574 533 550 519 565 552 566 546 559 555 551 587 604 616 592 571 588 601 592 577 597 631 579 541 519 541 566 554 597 591 548 552 574 530 551 572 584 557 576 570 559 552 513 539 582 548 561 574 569 572 564 568 553 532 560 571 578 579 613 595 584 545 549 575 587 554 535 547 562 558 559 557 576 533 566 607 594 540 523 533 535 550 528 514 550 537 529 529 535 523 567 573 573 573 591 560 562 536 534 538 544 556 571 579 561 568 578 554 564 579 580 579 605 569 536 551 541 534 507 509 517 521 545 559 580 565 544 544 532 511 558 539 574 570 591 583 580 550 528 536 522 532 553 575 595 591 578 546 543 557 548 567 537 540 556 546 536 523 521 557 606 595 576 570 526 525 538 565 571 535 538 562 537 511 472 518 548 546 578 614 579 601 568 575 561 556 527 524 557 538 522 510 544 549 539 534 541 546 562 537 519 502 538 519 498 490 500 548 562 555 508 516 567 557 564 581 580 562 567 551 549 524 544 578 550 548 572 533 549 562 596 550 552 545 585 562 565 550 582 590 565 541 530 567 566 535 519 522 545 528 534 566 583 561 541 566 537 546 556 559 567 544 543 558 557 576 562 541 539 543 537 529 537 579 586 585 578 559 533 543 557 524 540 515 523 537 571 547 522 494 517 555 570 544 513 502 525 559 607 573 597 569 546 545 561 545 539 542 568 570 591 575 577 556 574 550 573 568 570 568 550 523 524 530 536 550 575 574 583 586 584 583 528 524 553 546 580 591 593 561 561 538 532 577 572 577 584 583 563 567 543 502 513 531 542 575 581 546 517 559 577 598 563 578 570 580 553 527 533 564 544 576 581 548 536 542 548 546 567 554 583 543 531 548 539 557 545 535 526 538 546 546 559 553 518 547 538 537 566 549 557 573 561 526 506 523 572 561 536 541 552 542 569 544 525 568 616 570 539 576 566 561 579 563 569 564 567 570 569 558 533 533 545 591 590 592 559 562 577 576 574 572 539 559 551 536 
vem trace:

stid: 341
spdistance: 1209.94
radio trace:
574 564 541 530 509 536 564 523 520 521 533 526 531 540 542 557 536 534 547 520 501 476 516 555 527 513 518 557 569 533 520 490 497 478 503 487 529 558 524 522 513 489 491 520 563 548 535 562 585 543 513 509 535 520 522 553 523 503 497 517 529 539 517 503 504 503 474 495 491 445 484 519 517 470 494 538 529 493 466 464 514 475 462 477 439 507 512 537 554 536 504 532 548 543 520 502 508 491 506 485 505 494 506 521 530 520 545 515 504 458 468 485 508 489 515 569 584 563 560 561 564 563 599 589 596 574 554 570 549 497 514 540 535 496 472 497 499 510 497 503 529 559 551 524 482 484 478 535 541 567 522 507 518 478 507 524 523 496 480 519 556 519 524 506 502 519 481 530 533 519 495 523 532 537 552 557 519 501 530 521 500 523 508 514 530 526 497 526 528 532 559 562 559 528 537 535 509 519 493 480 519 506 506 500 538 539 553 525 525 544 504 499 510 524 510 515 522 470 473 526 536 554 536 530 511 521 516 522 518 538 532 524 509 539 573 531 547 523 550 526 498 472 486 525 555 550 538 547 557 553 530 547 568 531 538 556 518 507 522 525 545 521 543 542 498 482 504 552 537 505 450 440 502 530 491 513 509 522 516 493 485 488 497 542 520 498 505 550 560 528 490 493 524 541 545 542 492 442 454 491 519 523 482 495 485 491 480 500 532 502 506 477 515 506 516 524 510 479 517 539 559 555 554 518 531 512 554 576 551 574 540 497 479 463 471 446 497 530 499 502 547 532 484 500 522 544 504 540 551 542 583 562 531 548 512 492 544 518 487 518 493 509 540 536 538 501 512 481 497 532 519 485 515 530 538 496 545 564 540 553 548 524 523 562 558 566 591 592 583 559 597 567 541 550 528 514 502 488 535 537 543 510 512 532 551 536 525 501 550 520 548 553 539 512 520 496 501 500 495 506 502 506 517 497 493 466 518 550 537 548 548 524 523 519 521 493 496 495 480 495 514 506 507 539 585 555 528 515 506 520 513 530 505 515 507 505 563 521 542 526 532 536 562 531 515 490 523 488 509 515 548 566 552 543 528 551 535 508 517 499 509 535 525 540 566 591 559 522 523 513 485 528 524 533 512 496 509 555 567 566 569 570 593 575 567 541 559 542 541 514 506 541 506 519 524 538 550 505 505 544 538 496 496 534 532 485 494 503 513 531 485 490 487 495 527 511 506 495 545 542 570 541 513 533 517 519 493 485 469 535 537 543 518 510 516 523 543 527 516 483 530 554 534 539 515 455 494 516 517 533 551 565 550 540 527 552 536 549 548 546 513 530 518 523 514 523 534 514 527 530 540 558 566 553 569 565 524 505 498 536 524 506 516 519 516 524 562 528 512 514 572 536 514 549 555 531 536 527 558 555 511 513 519 475 501 546 545 532 521 520 498 518 512 501 487 488 506 515 529 554 515 515 514 482 518 547 562 544 560 547 549 561 550 501 494 474 486 533 537 535 561 557 563 560 544 560 605 556 546 515 509 507 530 530 521 536 529 543 516 518 511 536 502 517 531 554 547 561 539 528 509 537 534 502 510 546 534 488 506 503 522 559 559 525 473 499 506 496 486 489 515 508 562 553 491 499 506 490 465 488 460 482 534 531 541 530 559 537 564 575 538 507 533 540 566 543 515 470 458 440 494 516 528 506 550 559 535 516 505 529 516 529 527 504 518 532 522 466 506 528 500 535 510 517 557 550 568 564 
vem trace:

stid: 341
spdistance: 1209.94
radio trace:
574 564 541 530 509 536 564 523 520 521 533 526 531 540 542 557 536 534 547 520 501 476 516 555 527 513 518 557 569 533 520 490 497 478 503 487 529 558 524 522 513 489 491 520 563 548 535 562 585 543 513 509 535 520 522 553 523 503 497 517 529 539 517 503 504 503 474 495 491 445 484 519 517 470 494 538 529 493 466 464 514 475 462 477 439 507 512 537 554 536 504 532 548 543 520 502 508 491 506 485 505 494 506 521 530 520 545 515 504 458 468 485 508 489 515 569 584 563 560 561 564 563 599 589 596 574 554 570 549 497 514 540 535 496 472 497 499 510 497 503 529 559 551 524 482 484 478 535 541 567 522 507 518 478 507 524 523 496 480 519 556 519 524 506 502 519 481 530 533 519 495 523 532 537 552 557 519 501 530 521 500 523 508 514 530 526 497 526 528 532 559 562 559 528 537 535 509 519 493 480 519 506 506 500 538 539 553 525 525 544 504 499 510 524 510 515 522 470 473 526 536 554 536 530 511 521 516 522 518 538 532 524 509 539 573 531 547 523 550 526 498 472 486 525 555 550 538 547 557 553 530 547 568 531 538 556 518 507 522 525 545 521 543 542 498 482 504 552 537 505 450 440 502 530 491 513 509 522 516 493 485 488 497 542 520 498 505 550 560 528 490 493 524 541 545 542 492 442 454 491 519 523 482 495 485 491 480 500 532 502 506 477 515 506 516 524 510 479 517 539 559 555 554 518 531 512 554 576 551 574 540 497 479 463 471 446 497 530 499 502 547 532 484 500 522 544 504 540 551 542 583 562 531 548 512 492 544 518 487 518 493 509 540 536 538 501 512 481 497 532 519 485 515 530 538 496 545 564 540 553 548 524 523 562 558 566 591 592 583 559 597 567 541 550 528 514 502 488 535 537 543 510 512 532 551 536 525 501 550 520 548 553 539 512 520 496 501 500 495 506 502 506 517 497 493 466 518 550 537 548 548 524 523 519 521 493 496 495 480 495 514 506 507 539 585 555 528 515 506 520 513 530 505 515 507 505 563 521 542 526 532 536 562 531 515 490 523 488 509 515 548 566 552 543 528 551 535 508 517 499 509 535 525 540 566 591 559 522 523 513 485 528 524 533 512 496 509 555 567 566 569 570 593 575 567 541 559 542 541 514 506 541 506 519 524 538 550 505 505 544 538 496 496 534 532 485 494 503 513 531 485 490 487 495 527 511 506 495 545 542 570 541 513 533 517 519 493 485 469 535 537 543 518 510 516 523 543 527 516 483 530 554 534 539 515 455 494 516 517 533 551 565 550 540 527 552 536 549 548 546 513 530 518 523 514 523 534 514 527 530 540 558 566 553 569 565 524 505 498 536 524 506 516 519 516 524 562 528 512 514 572 536 514 549 555 531 536 527 558 555 511 513 519 475 501 546 545 532 521 520 498 518 512 501 487 488 506 515 529 554 515 515 514 482 518 547 562 544 560 547 549 561 550 501 494 474 486 533 537 535 561 557 563 560 544 560 605 556 546 515 509 507 530 530 521 536 529 543 516 518 511 536 502 517 531 554 547 561 539 528 509 537 534 502 510 546 534 488 506 503 522 559 559 525 473 499 506 496 486 489 515 508 562 553 491 499 506 490 465 488 460 482 534 531 541 530 559 537 564 575 538 507 533 540 566 543 515 470 458 440 494 516 528 506 550 559 535 516 505 529 516 529 527 504 518 532 522 466 506 528 500 535 510 517 557 550 568 564 
vem trace:

