SDId: 34691172
energy: 3.02243e+17
zenith: 0.481717
azimuth: 1.06483
GPSSeconc: 1126446046
stid: 341
spdistance: 5517.55
radio trace:
488 487 487 471 447 459 495 499 483 479 510 498 492 500 528 525 544 513 500 515 516 498 515 515 501 467 451 469 499 442 463 457 493 480 475 478 503 507 549 539 531 525 484 468 480 480 474 433 408 452 441 450 487 466 467 445 453 463 462 442 424 432 478 515 506 487 500 520 487 475 502 516 514 520 508 549 562 558 540 504 513 500 473 487 494 506 516 481 479 457 446 457 464 470 487 454 426 504 505 491 482 509 513 507 482 465 493 519 539 491 481 471 495 552 540 513 504 466 473 500 509 527 510 452 491 484 483 500 498 542 563 516 476 466 478 492 515 486 535 564 517 502 482 520 489 512 521 498 425 458 458 454 466 485 526 518 524 522 507 489 462 459 516 515 507 524 503 484 490 538 501 482 465 468 461 468 454 454 474 455 444 475 508 506 529 508 499 487 465 478 450 456 470 448 466 487 486 463 416 452 480 522 531 515 516 471 444 438 446 450 441 445 459 502 536 512 530 504 474 454 440 456 467 524 515 474 436 456 448 476 492 467 433 412 435 447 453 462 463 495 524 502 516 526 493 453 492 511 506 513 509 469 479 459 494 482 491 474 478 495 489 501 478 487 485 523 499 479 496 498 480 464 494 488 486 488 480 495 526 526 494 511 499 490 505 478 475 518 524 469 502 526 547 520 536 516 481 470 461 464 506 528 504 493 489 471 490 467 506 533 509 469 458 508 515 505 508 486 497 522 552 538 516 507 494 536 497 469 457 469 463 525 520 513 520 511 527 507 495 464 468 476 464 494 455 448 433 436 435 464 465 467 474 502 486 503 547 536 516 515 469 506 540 490 483 448 454 488 496 469 479 484 502 482 517 538 490 515 544 536 525 481 509 481 456 450 440 451 448 490 497 464 483 538 558 533 496 494 485 441 443 454 498 485 464 454 484 517 495 446 450 439 463 471 476 502 498 480 489 490 506 511 475 512 544 540 499 466 471 465 467 436 420 476 453 491 502 473 493 522 499 493 516 525 483 507 515 482 486 472 487 465 446 468 523 546 476 462 446 467 493 513 517 486 454 441 503 522 512 509 537 526 473 457 502 534 492 532 535 512 498 498 489 503 472 453 471 499 509 478 464 448 460 489 489 498 469 466 514 520 494 482 492 501 505 487 478 473 488 510 481 480 459 476 456 458 480 490 437 420 489 499 510 528 482 480 493 487 466 484 509 538 499 500 501 477 497 470 495 498 481 480 481 485 486 510 488 499 496 506 466 477 512 503 487 452 445 467 517 491 524 510 533 486 493 484 467 467 477 476 473 485 480 468 478 498 491 499 492 511 509 496 502 526 478 475 502 536 504 494 485 506 512 476 489 494 484 502 489 514 483 451 438 497 510 520 498 525 519 473 492 489 480 502 488 501 473 487 506 480 479 468 490 508 520 484 473 514 504 472 496 499 482 502 485 454 432 452 468 490 438 454 476 502 480 486 503 462 449 475 519 517 498 471 462 462 510 467 445 499 517 481 516 475 492 501 496 500 513 496 463 497 476 469 504 468 510 532 501 523 513 503 478 488 476 490 509 490 505 487 467 490 457 496 502 535 507 470 479 488 532 501 457 455 482 486 479 485 510 514 487 484 483 509 519 495 478 475 451 444 436 481 503 476 483 461 450 492 507 485 514 517 499 478 462 489 481 496 498 513 507 492 508 499 487 489 460 450 477 507 527 514 508 533 555 547 547 520 487 490 539 527 511 521 524 480 485 492 
vem trace:

stid: 341
spdistance: 5517.55
radio trace:
488 487 487 471 447 459 495 499 483 479 510 498 492 500 528 525 544 513 500 515 516 498 515 515 501 467 451 469 499 442 463 457 493 480 475 478 503 507 549 539 531 525 484 468 480 480 474 433 408 452 441 450 487 466 467 445 453 463 462 442 424 432 478 515 506 487 500 520 487 475 502 516 514 520 508 549 562 558 540 504 513 500 473 487 494 506 516 481 479 457 446 457 464 470 487 454 426 504 505 491 482 509 513 507 482 465 493 519 539 491 481 471 495 552 540 513 504 466 473 500 509 527 510 452 491 484 483 500 498 542 563 516 476 466 478 492 515 486 535 564 517 502 482 520 489 512 521 498 425 458 458 454 466 485 526 518 524 522 507 489 462 459 516 515 507 524 503 484 490 538 501 482 465 468 461 468 454 454 474 455 444 475 508 506 529 508 499 487 465 478 450 456 470 448 466 487 486 463 416 452 480 522 531 515 516 471 444 438 446 450 441 445 459 502 536 512 530 504 474 454 440 456 467 524 515 474 436 456 448 476 492 467 433 412 435 447 453 462 463 495 524 502 516 526 493 453 492 511 506 513 509 469 479 459 494 482 491 474 478 495 489 501 478 487 485 523 499 479 496 498 480 464 494 488 486 488 480 495 526 526 494 511 499 490 505 478 475 518 524 469 502 526 547 520 536 516 481 470 461 464 506 528 504 493 489 471 490 467 506 533 509 469 458 508 515 505 508 486 497 522 552 538 516 507 494 536 497 469 457 469 463 525 520 513 520 511 527 507 495 464 468 476 464 494 455 448 433 436 435 464 465 467 474 502 486 503 547 536 516 515 469 506 540 490 483 448 454 488 496 469 479 484 502 482 517 538 490 515 544 536 525 481 509 481 456 450 440 451 448 490 497 464 483 538 558 533 496 494 485 441 443 454 498 485 464 454 484 517 495 446 450 439 463 471 476 502 498 480 489 490 506 511 475 512 544 540 499 466 471 465 467 436 420 476 453 491 502 473 493 522 499 493 516 525 483 507 515 482 486 472 487 465 446 468 523 546 476 462 446 467 493 513 517 486 454 441 503 522 512 509 537 526 473 457 502 534 492 532 535 512 498 498 489 503 472 453 471 499 509 478 464 448 460 489 489 498 469 466 514 520 494 482 492 501 505 487 478 473 488 510 481 480 459 476 456 458 480 490 437 420 489 499 510 528 482 480 493 487 466 484 509 538 499 500 501 477 497 470 495 498 481 480 481 485 486 510 488 499 496 506 466 477 512 503 487 452 445 467 517 491 524 510 533 486 493 484 467 467 477 476 473 485 480 468 478 498 491 499 492 511 509 496 502 526 478 475 502 536 504 494 485 506 512 476 489 494 484 502 489 514 483 451 438 497 510 520 498 525 519 473 492 489 480 502 488 501 473 487 506 480 479 468 490 508 520 484 473 514 504 472 496 499 482 502 485 454 432 452 468 490 438 454 476 502 480 486 503 462 449 475 519 517 498 471 462 462 510 467 445 499 517 481 516 475 492 501 496 500 513 496 463 497 476 469 504 468 510 532 501 523 513 503 478 488 476 490 509 490 505 487 467 490 457 496 502 535 507 470 479 488 532 501 457 455 482 486 479 485 510 514 487 484 483 509 519 495 478 475 451 444 436 481 503 476 483 461 450 492 507 485 514 517 499 478 462 489 481 496 498 513 507 492 508 499 487 489 460 450 477 507 527 514 508 533 555 547 547 520 487 490 539 527 511 521 524 480 485 492 
vem trace:

