SDId: 34821505
energy: 7.96053e+17
zenith: 1.04513
azimuth: 4.31884
GPSSeconc: 1127216761
stid: 342
spdistance: 1038.53
radio trace:
399 415 380 371 389 398 421 413 414 386 374 378 398 419 377 396 420 416 376 371 404 430 447 435 440 429 406 435 458 432 392 366 366 397 418 423 445 432 380 401 423 431 411 399 406 372 361 396 401 406 407 426 433 408 394 386 376 411 433 413 406 387 349 389 404 431 421 415 416 403 417 424 413 391 390 369 389 382 410 410 420 392 393 396 400 400 389 403 394 398 389 412 412 399 361 370 377 378 377 355 374 386 380 401 424 428 428 402 407 403 432 427 409 404 410 422 427 398 416 419 420 426 415 394 396 419 426 415 407 411 423 414 406 413 417 414 407 429 422 418 419 400 415 405 405 416 431 416 390 366 372 385 420 441 453 445 393 377 371 374 370 392 425 429 424 375 389 393 389 393 390 416 402 390 421 409 386 361 368 398 392 409 397 418 427 440 409 418 394 412 430 396 385 413 381 382 397 422 412 410 393 394 407 413 381 397 398 374 390 401 383 410 408 392 433 426 428 414 398 407 415 402 389 371 388 383 401 418 391 396 415 413 396 406 394 397 421 422 426 445 420 403 373 385 423 425 408 401 394 389 412 394 391 384 382 383 385 410 397 420 402 387 421 428 397 379 353 392 410 448 439 433 413 381 416 426 420 402 385 396 416 440 410 388 425 446 432 420 417 423 420 402 425 445 409 431 455 431 432 462 441 438 423 405 406 412 397 402 411 431 414 434 419 383 391 397 409 395 358 377 387 416 430 439 459 446 399 410 418 422 413 390 383 393 417 419 440 457 429 422 410 399 393 415 424 415 452 430 445 445 422 391 407 391 372 399 413 398 370 362 386 376 392 390 394 397 413 438 444 469 422 402 394 373 352 411 416 396 419 393 394 360 370 392 387 395 409 375 365 368 371 401 400 387 376 371 410 395 380 383 404 362 382 363 377 406 399 391 397 412 393 376 366 394 387 414 399 390 395 407 395 395 385 412 413 420 412 409 395 381 383 406 376 379 403 395 392 395 405 408 406 400 395 403 416 422 402 412 377 381 388 378 413 396 424 427 412 402 419 376 398 353 354 372 387 401 355 358 385 392 408 406 386 389 363 383 382 363 357 384 387 403 400 399 407 400 413 419 435 419 437 392 370 401 407 419 397 419 421 444 441 402 416 413 428 436 428 410 434 452 448 445 428 391 372 381 387 420 388 400 394 352 377 421 413 414 393 407 430 415 374 349 406 399 376 387 400 420 416 415 412 419 379 385 401 398 398 368 366 389 387 392 412 395 377 414 425 427 378 399 391 364 356 411 429 405 377 387 386 406 413 408 422 425 420 439 438 430 384 340 383 401 400 418 436 434 419 440 432 434 412 396 375 399 418 429 414 382 403 441 435 379 393 407 424 422 435 447 448 427 429 427 391 409 424 422 437 419 394 377 388 418 397 383 386 421 429 431 439 436 418 407 387 396 406 411 411 414 390 387 386 384 409 421 436 428 421 426 435 440 434 398 379 386 399 394 385 402 393 426 423 398 409 424 424 445 427 404 420 396 383 344 344 346 332 339 383 390 394 399 392 402 380 388 387 399 388 398 387 390 396 411 422 424 387 401 404 424 420 408 432 388 374 387 396 426 407 406 401 418 389 423 439 446 431 429 388 396 409 413 430 422 374 367 386 397 381 365 370 346 379 381 392 393 405 393 406 394 400 425 428 408 395 405 387 411 404 408 398 408 374 399 421 417 404 402 395 402 364 361 373 407 428 419 429 421 405 406 
vem trace:

stid: 333
spdistance: 914.883
radio trace:
390 393 389 440 462 434 456 465 493 504 463 397 410 400 405 415 433 443 436 443 441 456 444 436 404 396 421 448 450 417 421 423 409 428 435 427 445 441 407 411 402 411 424 438 420 428 394 405 413 424 429 432 408 388 424 426 411 398 411 457 441 432 418 424 415 414 419 399 404 401 396 408 405 391 379 411 436 439 408 415 438 425 436 455 454 492 474 459 451 427 481 443 410 397 399 413 414 396 402 408 443 460 445 428 447 410 404 433 455 419 429 440 423 444 423 415 429 401 421 455 435 402 398 405 433 428 405 438 409 382 382 394 407 427 425 412 439 395 413 412 423 447 428 409 402 397 414 446 447 449 464 445 430 406 399 381 408 403 392 434 447 437 440 405 393 408 422 441 466 454 399 415 436 427 413 438 465 444 438 402 433 439 424 437 382 373 429 445 434 421 410 402 414 418 425 410 382 366 403 407 412 412 393 421 429 400 400 399 365 383 415 432 419 460 465 468 452 409 424 461 465 459 449 460 439 401 442 445 434 432 391 363 373 395 432 447 419 399 399 444 455 441 408 429 413 404 403 388 405 421 423 439 418 440 439 429 427 403 416 410 421 438 421 444 457 472 441 409 415 426 412 417 381 411 462 454 410 432 437 420 444 463 460 461 412 385 395 418 403 425 413 398 435 413 426 430 425 448 417 427 450 464 445 447 456 459 495 457 419 404 409 437 412 395 378 376 429 421 401 394 384 409 399 400 409 427 431 414 414 453 455 478 453 453 454 416 399 415 390 395 402 425 421 421 416 416 386 423 431 418 418 435 432 448 444 412 417 405 432 444 435 439 442 383 396 447 461 429 399 440 422 441 405 394 386 394 438 423 401 410 460 447 420 441 424 416 394 388 400 410 445 411 453 425 401 417 448 433 423 443 428 438 446 433 444 467 424 407 428 450 439 456 390 379 421 421 457 446 439 440 439 454 419 388 377 402 367 386 421 415 422 439 425 439 398 407 391 404 430 445 402 405 419 437 455 431 442 444 422 438 444 447 436 441 424 440 434 408 400 399 411 423 439 440 409 384 361 410 428 383 392 449 461 431 400 401 417 394 421 438 485 489 440 418 411 428 402 393 419 425 453 438 413 431 450 457 419 405 435 418 407 416 409 405 433 449 411 425 432 451 439 418 441 438 472 492 453 457 452 450 437 450 451 425 432 459 481 467 460 437 429 412 414 413 417 437 447 446 459 501 495 477 442 433 454 436 432 412 379 384 358 406 401 438 412 412 383 438 463 446 411 421 417 441 449 460 440 434 462 414 432 451 437 407 424 429 427 450 438 431 422 376 401 413 428 444 382 405 420 449 466 453 471 484 455 442 439 454 416 416 433 448 462 431 413 438 417 406 425 434 403 397 421 428 415 445 428 430 413 434 431 439 390 415 440 431 418 436 411 410 424 408 422 434 423 410 376 427 420 441 447 422 406 395 445 436 440 422 419 434 427 445 432 423 391 424 416 430 420 415 415 429 447 452 421 428 410 388 398 413 428 416 433 400 396 386 392 411 397 405 446 431 415 393 402 412 427 430 398 423 441 407 418 425 416 440 417 418 415 412 385 376 414 403 400 400 398 429 436 449 409 394 374 389 401 383 392 402 468 432 427 413 407 417 440 440 450 445 427 418 433 448 424 402 474 450 413 407 369 376 400 415 424 436 449 439 430 463 430 430 416 411 407 408 412 413 444 443 407 380 400 409 381 368 351 366 399 418 
vem trace:

