SDId: 34553940
energy: 2.56302e+17
zenith: 0.418591
azimuth: 6.21972
GPSSeconc: 1125581119
stid: 333
spdistance: 842.998
radio trace:
467 463 454 475 462 466 449 432 420 408 439 462 446 438 433 480 472 458 414 433 417 417 421 420 380 418 444 476 480 445 435 477 488 470 476 451 433 449 453 461 457 443 446 434 460 462 452 422 422 411 398 379 405 430 444 449 466 513 486 457 441 464 436 420 432 425 432 458 447 406 372 399 437 424 423 407 401 418 403 404 424 458 438 442 444 429 393 387 382 393 434 428 419 457 459 481 467 482 478 435 421 443 416 417 437 446 412 390 434 438 469 460 443 436 435 435 429 406 385 396 438 438 433 432 425 444 439 408 430 433 446 502 506 456 428 432 448 477 445 458 454 451 466 470 437 438 467 455 424 428 429 421 459 457 446 434 455 432 402 431 456 450 443 424 428 450 455 444 420 441 452 431 406 472 501 478 447 403 386 425 451 401 422 409 438 414 450 465 490 500 505 481 445 453 421 408 425 444 461 463 451 478 456 416 402 422 467 467 471 456 452 444 429 411 422 395 406 384 364 353 384 427 453 432 421 436 413 380 398 397 416 453 460 490 476 462 445 464 468 406 401 407 427 422 445 451 414 414 458 452 449 424 419 447 420 454 478 470 424 416 415 431 455 410 392 396 384 459 423 409 426 429 423 424 438 453 449 445 453 445 447 437 443 420 408 442 457 467 474 441 421 430 456 468 449 465 428 411 411 384 387 431 437 461 444 420 432 451 451 455 453 424 444 451 435 464 458 462 467 416 419 421 432 403 435 434 432 427 436 448 468 453 461 435 462 474 457 449 459 455 403 418 455 450 443 452 446 446 487 472 467 453 486 487 477 460 476 464 494 469 455 435 396 445 445 457 472 451 454 424 430 432 449 447 447 439 447 403 468 449 413 404 436 416 432 438 421 420 416 431 463 460 426 443 477 461 493 476 480 445 438 472 467 437 462 461 456 474 449 442 449 482 483 481 452 456 459 458 439 411 430 424 440 410 405 452 429 429 443 475 430 444 446 443 422 436 440 463 424 423 408 428 432 441 422 426 433 450 476 519 486 446 436 435 460 440 442 442 435 419 419 436 455 461 482 479 445 426 432 444 429 431 475 509 510 479 450 446 432 415 424 456 450 414 411 417 450 481 474 460 461 453 437 439 433 437 457 445 464 431 376 411 458 472 495 473 458 445 432 437 443 452 438 434 429 443 487 432 452 465 442 431 395 407 427 431 457 459 432 457 479 463 471 449 410 427 459 505 500 503 469 458 457 471 461 440 405 420 449 447 419 420 437 450 450 449 451 417 419 393 400 401 472 444 441 468 456 442 441 466 472 470 446 432 443 459 487 464 472 465 433 427 453 462 450 416 386 401 438 433 463 452 440 425 441 437 449 460 483 447 457 468 440 442 447 426 430 429 424 424 447 437 398 427 411 390 411 408 430 417 432 415 445 473 466 440 430 409 429 401 397 408 430 437 427 465 485 470 467 422 406 425 411 416 414 444 463 423 404 414 435 431 419 427 497 472 431 415 441 445 407 397 455 447 407 410 417 444 459 477 476 423 438 429 432 434 431 426 445 444 448 464 458 426 455 463 425 420 419 456 451 475 468 415 447 427 434 438 427 434 411 411 409 415 426 419 412 445 465 423 401 422 447 439 433 418 445 415 395 428 454 488 431 408 400 441 478 468 454 422 467 459 489 478 418 399 439 445 443 431 432 441 461 475 479 456 442 426 449 461 475 466 453 450 469 461 416 406 378 415 444 451 430 450 432 455 462 475 
vem trace:

stid: 342
spdistance: 1241.21
radio trace:
423 458 450 442 436 450 414 430 426 437 435 423 427 404 430 433 415 410 432 424 450 413 413 435 439 443 470 466 471 449 412 429 419 419 449 459 442 432 433 436 435 476 479 481 463 449 424 442 433 444 429 412 437 435 472 459 470 475 469 436 428 409 422 395 407 419 439 461 462 427 438 440 406 429 448 452 442 466 437 432 410 427 417 402 405 434 439 445 472 433 427 454 467 444 462 417 429 425 411 395 419 445 460 446 411 400 395 401 423 430 435 452 430 429 445 449 435 421 455 424 461 445 447 438 405 423 425 439 444 420 411 446 433 424 429 407 404 418 428 424 420 443 438 434 437 454 462 467 445 409 428 470 435 429 414 408 381 400 436 444 451 450 403 407 443 467 424 448 460 429 434 440 445 461 460 434 442 443 445 449 440 441 434 443 430 441 437 454 445 450 438 415 437 413 396 412 430 440 409 393 394 414 414 423 447 430 439 465 442 426 412 424 421 438 465 471 438 446 446 424 423 468 497 459 419 431 454 454 474 467 443 418 445 450 423 434 437 420 439 453 410 449 433 446 434 460 428 439 432 419 448 458 443 447 427 397 378 422 471 452 401 409 416 455 460 447 432 411 397 399 396 414 444 457 439 444 429 433 475 455 452 459 429 446 453 428 436 445 435 431 444 456 446 444 443 451 432 468 446 414 416 440 447 430 393 412 431 444 418 432 400 410 444 476 469 443 452 409 415 416 416 435 449 450 448 435 432 450 477 470 468 474 460 446 431 407 413 424 460 446 445 392 416 441 444 438 458 485 491 491 440 445 441 457 434 440 433 447 430 425 417 432 471 456 453 442 411 410 410 400 404 429 447 447 444 467 425 428 428 447 446 472 475 429 420 422 418 409 452 443 448 471 453 428 417 408 427 448 412 409 422 422 435 412 431 416 427 413 444 450 437 446 441 443 454 431 465 445 420 440 444 448 468 460 435 441 436 452 432 426 440 420 408 440 452 462 471 488 468 460 431 452 457 430 423 441 409 432 416 437 448 434 463 463 445 437 412 417 415 425 413 408 414 386 411 434 432 454 449 437 446 410 394 393 393 415 438 459 459 440 414 395 387 403 435 421 464 462 498 478 410 400 418 484 469 447 458 455 447 425 439 402 424 413 415 424 437 436 433 415 418 423 452 447 425 387 416 403 406 402 400 416 440 457 491 465 452 468 480 485 455 450 443 443 443 456 420 418 414 429 434 443 410 438 464 473 454 446 457 442 420 448 455 398 405 420 432 424 443 456 450 445 470 461 428 441 461 467 461 460 451 431 453 431 448 450 436 453 468 435 444 429 427 447 460 458 449 402 424 423 418 411 411 415 422 430 441 411 435 471 464 437 424 428 437 443 436 454 447 463 455 416 423 431 426 458 454 429 432 427 408 433 420 435 448 431 405 400 400 446 450 418 424 439 429 444 455 429 416 435 428 418 410 403 415 404 398 415 404 416 446 422 421 436 465 466 471 452 463 453 456 428 426 425 450 475 469 473 454 470 438 407 411 443 446 449 413 419 418 426 453 418 427 413 429 420 430 441 442 408 426 417 436 472 465 442 444 411 394 423 419 404 419 409 420 429 434 445 455 453 438 456 456 441 443 464 415 441 462 473 443 432 468 486 438 416 423 424 447 438 432 426 440 454 454 450 448 455 459 441 453 415 423 439 491 464 454 438 458 440 454 439 454 429 411 418 416 407 424 422 439 446 457 455 428 422 422 400 
vem trace:

