SDId: 34546967
energy: 6.61387e+17
zenith: 0.70395
azimuth: 3.5459
GPSSeconc: 1125546564
stid: 333
spdistance: 655.704
radio trace:
380 374 422 452 435 415 405 394 428 414 417 414 431 413 354 400 418 472 493 471 450 459 462 470 457 454 483 461 426 453 444 437 443 418 451 462 439 443 431 435 416 397 419 431 415 452 460 420 423 417 443 442 429 419 417 456 440 437 414 434 434 418 425 422 443 450 446 467 481 431 440 438 459 482 483 465 442 427 448 453 442 463 460 429 424 433 432 441 458 433 433 402 392 404 428 460 464 465 453 449 450 427 442 450 423 416 464 493 476 470 455 455 458 476 453 435 449 449 426 399 420 416 421 457 456 443 417 417 437 423 399 394 412 425 429 410 409 435 447 460 487 461 446 424 450 454 429 371 395 432 420 433 461 442 447 436 418 389 396 392 403 414 408 424 435 425 445 449 471 457 424 394 437 454 402 420 434 476 441 447 441 438 439 442 452 422 393 418 432 431 406 423 405 377 362 435 415 423 411 420 457 470 441 416 410 414 420 442 434 444 422 428 418 428 452 473 464 461 431 401 395 441 417 435 450 429 451 430 430 434 406 436 434 401 435 440 419 442 450 412 399 409 403 433 412 439 413 430 416 413 427 402 425 447 418 399 421 421 435 437 419 414 427 458 475 449 412 445 434 427 446 425 443 437 462 457 457 453 410 410 455 473 470 459 478 437 462 458 387 402 451 461 465 465 420 423 423 423 432 399 415 432 404 399 402 427 438 408 384 400 440 434 407 415 421 437 449 420 414 438 423 426 436 447 442 445 426 419 428 440 449 447 428 423 476 465 446 419 396 409 414 409 393 411 425 425 405 423 419 414 416 440 462 441 420 414 409 431 444 452 459 432 426 390 415 454 461 407 407 430 458 451 412 449 447 433 409 418 428 432 446 450 430 407 381 399 426 410 428 449 422 400 421 441 425 430 423 434 442 461 421 393 410 417 441 467 454 462 474 468 455 446 464 460 426 431 453 434 438 451 437 455 430 460 435 447 449 462 429 399 431 461 443 420 411 419 419 393 397 391 427 439 425 436 418 425 420 394 404 457 437 427 436 424 432 455 442 398 399 428 444 421 409 408 404 410 431 431 422 435 385 384 393 386 427 435 461 434 439 449 460 449 427 432 415 396 406 408 435 437 435 435 419 422 454 402 437 424 404 421 436 448 460 451 469 445 444 413 431 423 446 462 453 467 501 493 436 421 425 447 408 404 446 449 420 405 427 445 433 432 433 422 417 449 444 438 442 471 470 441 453 437 423 382 396 465 464 478 479 449 424 442 460 443 399 389 436 455 432 446 447 444 434 444 447 432 424 419 435 448 480 476 447 399 395 395 397 446 437 417 409 420 428 438 430 445 487 447 430 434 457 436 424 433 417 416 446 404 390 385 436 428 444 443 430 416 421 436 461 486 490 484 434 443 452 472 453 427 457 466 438 425 403 404 370 411 413 399 370 394 427 412 428 451 437 431 449 402 414 443 459 483 469 448 432 442 405 433 443 460 431 432 466 448 456 426 434 456 439 434 427 416 396 386 412 433 425 437 442 409 358 407 424 420 430 421 425 467 444 461 431 430 412 402 406 392 371 402 442 426 430 430 431 440 439 446 429 422 425 425 456 424 402 416 439 455 413 425 466 480 437 433 432 448 426 460 465 432 438 433 451 464 460 453 470 444 441 443 439 444 435 421 444 437 429 453 476 454 425 422 429 421 423 420 426 416 426 430 374 403 405 420 401 402 430 408 391 400 435 420 447 444 463 432 401 409 407 406 
vem trace:

stid: 332
spdistance: 754.755
radio trace:
550 558 581 572 563 602 545 508 493 527 506 483 516 524 536 559 534 518 557 535 530 533 538 515 523 522 511 523 554 550 543 496 511 518 510 520 524 514 543 564 531 505 501 528 513 534 561 576 566 571 581 557 562 583 566 551 515 538 535 539 533 520 541 517 538 495 504 531 563 569 522 508 515 485 492 529 536 567 546 512 508 481 513 506 497 530 553 538 537 533 507 490 463 501 500 497 533 542 561 544 496 534 535 537 535 505 494 494 490 530 513 509 501 511 566 568 507 489 484 561 578 558 573 542 526 514 514 501 499 493 526 529 524 524 521 534 563 556 567 580 543 503 492 522 536 543 569 572 565 551 570 590 553 546 534 564 563 556 539 540 536 537 535 528 514 518 552 570 551 544 521 505 516 543 519 531 566 524 473 536 559 575 573 546 548 552 524 501 512 542 543 557 602 565 542 591 580 566 532 530 525 529 541 541 549 545 525 516 527 542 523 524 513 524 530 531 513 524 509 522 500 495 509 530 557 527 512 497 522 519 522 506 470 489 514 539 577 527 537 557 530 547 539 501 505 497 518 518 533 561 579 527 498 508 528 564 561 550 548 516 551 520 527 504 527 541 539 539 538 522 519 516 501 504 483 493 481 516 541 553 546 530 547 561 550 548 509 534 530 535 546 539 512 510 539 520 501 507 508 545 542 552 552 547 542 527 521 525 495 530 525 535 546 539 528 524 533 519 470 490 477 518 549 553 514 513 519 477 464 460 487 497 480 508 487 495 510 529 542 516 509 510 499 503 562 546 564 538 498 507 534 524 526 548 535 514 518 564 555 559 562 551 552 533 549 543 556 525 532 509 525 524 525 504 475 470 498 504 517 498 533 550 553 523 496 489 527 537 557 510 537 555 523 510 501 543 548 512 523 514 517 523 518 534 511 528 534 528 505 469 517 500 489 537 547 530 552 554 553 517 536 567 540 530 526 544 556 540 544 513 518 543 552 538 516 498 492 517 532 517 513 540 516 521 510 497 495 518 521 488 508 490 515 504 508 498 530 530 513 506 500 529 562 551 513 533 518 543 515 532 544 527 558 607 576 540 546 515 515 486 462 539 542 547 528 495 548 554 543 538 541 536 558 526 524 547 528 494 481 476 465 497 496 523 523 536 555 533 552 550 550 503 521 525 523 497 514 490 502 514 546 564 559 536 522 503 538 503 524 516 499 533 520 539 531 529 539 550 518 520 537 476 528 515 527 518 536 494 499 508 512 548 518 557 526 519 566 547 526 476 531 541 553 529 525 512 517 519 540 505 505 533 560 594 566 535 549 547 579 572 580 527 557 547 522 508 553 549 509 553 579 556 545 576 562 504 523 521 516 492 554 568 506 472 488 483 525 531 504 512 508 539 547 543 487 486 482 469 482 510 541 527 513 542 562 527 493 532 572 537 535 516 507 512 513 536 554 549 518 512 480 463 472 491 526 530 563 579 568 569 554 537 512 527 570 551 552 559 539 523 530 544 547 524 525 507 523 497 503 508 509 533 549 548 569 546 574 590 576 559 555 544 527 520 537 558 535 528 505 489 527 535 536 512 517 551 538 521 515 543 558 531 532 539 535 547 577 550 571 577 571 567 514 543 522 524 529 511 540 522 534 531 529 516 504 517 527 522 499 546 553 507 532 505 497 491 538 568 602 557 528 528 486 512 525 544 541 542 537 514 506 491 509 521 507 531 510 546 533 522 541 530 563 550 530 523 520 518 
vem trace:

stid: 342
spdistance: 923.172
radio trace:
393 400 405 390 401 404 416 444 462 429 420 438 425 430 470 470 474 448 452 435 401 418 440 403 402 402 411 425 426 396 423 430 402 392 389 412 413 368 379 425 443 449 427 445 455 440 443 414 408 408 401 428 445 413 408 402 429 411 394 398 422 433 440 390 399 442 454 439 421 413 409 407 393 409 419 440 424 420 397 432 443 452 428 421 432 431 452 475 483 455 430 429 421 418 398 411 430 420 465 452 448 435 380 386 427 443 440 405 404 409 416 416 412 421 419 382 400 413 402 438 437 396 419 465 443 449 450 463 449 417 427 428 407 406 428 447 425 421 413 379 379 385 421 419 386 386 370 398 425 425 410 392 386 400 378 382 425 425 439 432 440 436 432 431 443 433 426 402 408 402 384 405 419 437 412 422 453 429 431 430 443 453 429 426 448 438 440 435 441 409 415 468 444 412 405 395 402 403 376 383 417 412 406 407 446 462 438 441 447 437 453 419 437 399 400 423 421 447 442 447 441 429 403 419 406 424 450 441 440 444 460 441 426 425 422 421 420 416 411 411 417 386 418 396 416 421 415 445 460 458 442 418 425 417 426 392 418 425 417 416 425 400 378 399 408 403 403 401 409 426 446 458 446 440 403 431 462 454 452 448 446 408 418 430 432 441 423 435 443 448 455 428 418 424 398 409 417 415 406 416 449 447 468 429 437 444 444 446 431 419 395 395 394 406 401 422 429 432 405 401 406 401 379 415 466 488 444 422 428 455 438 424 395 399 448 438 433 432 439 431 456 451 450 445 444 442 440 453 449 450 439 421 417 410 458 453 412 407 406 427 421 418 419 424 421 403 389 415 428 427 426 429 436 423 405 384 415 441 456 407 409 418 417 396 391 390 405 407 403 400 416 389 399 427 427 425 443 438 435 460 424 439 421 401 441 466 454 460 419 455 461 434 435 440 440 431 420 392 400 387 399 400 413 417 449 431 431 413 408 443 464 430 435 410 419 429 411 380 410 403 396 391 414 437 433 424 424 417 384 424 459 452 435 421 409 410 407 420 408 435 451 435 454 442 434 416 429 439 428 448 432 439 426 435 419 411 427 419 415 463 469 436 426 423 423 416 415 409 419 387 388 395 437 451 406 401 415 444 407 406 421 422 436 451 451 410 410 422 436 440 456 462 454 473 438 415 385 397 423 430 440 435 415 418 413 451 447 458 471 469 412 392 408 411 437 462 444 429 451 439 422 415 440 459 475 457 424 406 396 415 414 382 406 402 410 415 412 403 425 433 440 430 420 396 387 401 427 385 398 405 406 425 453 469 441 437 447 426 434 420 431 414 439 432 427 446 412 432 439 419 418 429 419 415 395 417 452 436 428 433 428 424 398 408 425 451 448 462 446 435 445 446 441 462 459 438 423 423 420 433 439 423 429 392 372 413 403 380 388 411 436 445 437 430 418 395 395 412 436 453 445 426 416 416 419 423 411 407 419 452 426 399 394 423 417 416 447 482 441 421 411 406 417 405 428 439 433 432 427 399 388 415 392 420 415 426 431 420 464 444 424 424 430 430 408 414 376 375 405 406 413 430 451 435 430 410 410 399 429 442 423 419 423 419 396 429 455 465 436 427 381 384 365 404 419 414 424 444 455 485 469 445 420 386 420 438 407 408 415 427 437 437 432 449 464 425 383 416 421 459 450 439 461 449 424 432 423 414 444 435 423 420 446 446 423 418 415 422 408 425 439 423 437 429 441 396 420 427 
vem trace:

