SDId: 34591842
energy: 2.43251e+17
zenith: 0.468889
azimuth: 2.68073
GPSSeconc: 1125948545
stid: 341
spdistance: 758.142
radio trace:
494 534 579 567 522 545 549 536 542 546 540 596 578 588 560 546 525 533 546 545 543 532 484 488 543 553 546 540 526 550 567 568 553 493 504 498 475 469 480 506 556 535 525 522 510 511 516 508 500 503 527 524 495 516 487 497 497 533 533 550 503 501 513 498 483 529 537 572 537 509 549 530 495 479 498 515 532 530 533 504 488 535 519 491 523 515 487 491 537 555 521 461 469 507 514 521 528 505 542 546 506 485 470 507 534 515 499 493 492 470 494 516 514 514 522 517 511 523 536 529 545 548 517 543 541 530 482 466 489 515 535 531 519 512 523 544 562 533 503 532 536 521 520 495 514 530 516 512 501 488 502 525 517 525 478 514 518 491 513 484 505 506 498 504 470 499 506 499 481 532 571 537 515 525 538 556 516 475 509 557 525 522 552 537 545 490 466 452 444 480 517 521 522 487 498 493 520 530 514 503 479 495 505 497 489 535 514 504 480 517 536 519 539 530 516 499 486 465 509 522 479 461 457 510 523 508 493 538 555 522 519 544 576 546 512 462 453 484 502 502 498 531 507 498 425 442 502 529 532 518 495 503 518 507 493 498 534 542 519 505 541 504 505 531 524 526 544 558 546 543 525 516 535 528 528 511 507 532 537 518 496 477 482 489 516 496 515 528 524 500 496 494 499 516 522 536 522 518 490 501 502 531 499 478 495 499 485 545 604 599 599 554 576 576 537 520 498 487 510 523 463 502 471 501 561 535 530 549 555 559 530 519 531 527 528 545 540 516 527 512 533 507 499 532 523 534 551 532 502 515 522 524 505 490 507 511 508 502 497 509 489 494 515 510 505 489 533 501 525 524 530 536 520 514 529 542 499 510 515 501 458 453 423 477 483 502 479 485 494 525 545 542 509 497 491 485 481 494 481 482 522 498 526 525 524 515 492 517 521 547 539 549 557 564 547 482 482 543 524 533 515 463 473 485 507 534 519 537 517 503 542 552 532 496 524 507 507 538 547 561 516 553 531 507 488 528 537 546 513 527 553 511 494 468 492 506 544 571 565 544 507 524 536 574 543 514 524 511 512 524 527 537 542 525 518 505 517 548 526 509 487 506 534 518 505 523 563 520 519 542 572 569 555 525 522 517 505 529 523 538 546 568 543 541 526 506 527 524 515 477 457 492 487 494 496 513 527 550 551 484 479 487 498 494 479 496 544 527 467 464 467 477 493 547 538 517 490 537 521 490 521 573 536 561 562 542 531 520 534 526 514 508 461 453 512 536 570 596 556 503 523 541 546 519 479 501 502 496 485 475 498 495 540 554 536 534 558 588 589 568 536 537 521 489 486 505 498 483 492 499 477 480 494 484 513 512 510 513 508 508 483 487 492 470 485 473 486 523 550 567 557 542 532 542 540 510 518 546 480 505 468 494 516 522 493 522 526 541 562 553 580 550 563 561 559 555 548 540 561 560 520 525 562 568 524 545 562 576 545 501 550 547 513 465 486 489 505 471 478 470 474 466 495 483 480 523 553 566 564 561 557 551 554 507 504 525 528 521 529 540 539 561 592 603 611 544 527 512 543 548 490 496 520 532 571 587 562 540 522 545 544 530 511 510 525 546 565 565 571 532 532 531 540 529 519 536 514 509 503 496 515 524 508 495 544 512 513 478 478 473 493 545 556 542 546 493 511 505 499 535 529 544 538 524 509 484 502 506 519 529 536 561 561 550 507 499 503 496 499 517 515 486 487 474 460 514 552 544 
vem trace:

stid: 341
spdistance: 758.142
radio trace:
494 534 579 567 522 545 549 536 542 546 540 596 578 588 560 546 525 533 546 545 543 532 484 488 543 553 546 540 526 550 567 568 553 493 504 498 475 469 480 506 556 535 525 522 510 511 516 508 500 503 527 524 495 516 487 497 497 533 533 550 503 501 513 498 483 529 537 572 537 509 549 530 495 479 498 515 532 530 533 504 488 535 519 491 523 515 487 491 537 555 521 461 469 507 514 521 528 505 542 546 506 485 470 507 534 515 499 493 492 470 494 516 514 514 522 517 511 523 536 529 545 548 517 543 541 530 482 466 489 515 535 531 519 512 523 544 562 533 503 532 536 521 520 495 514 530 516 512 501 488 502 525 517 525 478 514 518 491 513 484 505 506 498 504 470 499 506 499 481 532 571 537 515 525 538 556 516 475 509 557 525 522 552 537 545 490 466 452 444 480 517 521 522 487 498 493 520 530 514 503 479 495 505 497 489 535 514 504 480 517 536 519 539 530 516 499 486 465 509 522 479 461 457 510 523 508 493 538 555 522 519 544 576 546 512 462 453 484 502 502 498 531 507 498 425 442 502 529 532 518 495 503 518 507 493 498 534 542 519 505 541 504 505 531 524 526 544 558 546 543 525 516 535 528 528 511 507 532 537 518 496 477 482 489 516 496 515 528 524 500 496 494 499 516 522 536 522 518 490 501 502 531 499 478 495 499 485 545 604 599 599 554 576 576 537 520 498 487 510 523 463 502 471 501 561 535 530 549 555 559 530 519 531 527 528 545 540 516 527 512 533 507 499 532 523 534 551 532 502 515 522 524 505 490 507 511 508 502 497 509 489 494 515 510 505 489 533 501 525 524 530 536 520 514 529 542 499 510 515 501 458 453 423 477 483 502 479 485 494 525 545 542 509 497 491 485 481 494 481 482 522 498 526 525 524 515 492 517 521 547 539 549 557 564 547 482 482 543 524 533 515 463 473 485 507 534 519 537 517 503 542 552 532 496 524 507 507 538 547 561 516 553 531 507 488 528 537 546 513 527 553 511 494 468 492 506 544 571 565 544 507 524 536 574 543 514 524 511 512 524 527 537 542 525 518 505 517 548 526 509 487 506 534 518 505 523 563 520 519 542 572 569 555 525 522 517 505 529 523 538 546 568 543 541 526 506 527 524 515 477 457 492 487 494 496 513 527 550 551 484 479 487 498 494 479 496 544 527 467 464 467 477 493 547 538 517 490 537 521 490 521 573 536 561 562 542 531 520 534 526 514 508 461 453 512 536 570 596 556 503 523 541 546 519 479 501 502 496 485 475 498 495 540 554 536 534 558 588 589 568 536 537 521 489 486 505 498 483 492 499 477 480 494 484 513 512 510 513 508 508 483 487 492 470 485 473 486 523 550 567 557 542 532 542 540 510 518 546 480 505 468 494 516 522 493 522 526 541 562 553 580 550 563 561 559 555 548 540 561 560 520 525 562 568 524 545 562 576 545 501 550 547 513 465 486 489 505 471 478 470 474 466 495 483 480 523 553 566 564 561 557 551 554 507 504 525 528 521 529 540 539 561 592 603 611 544 527 512 543 548 490 496 520 532 571 587 562 540 522 545 544 530 511 510 525 546 565 565 571 532 532 531 540 529 519 536 514 509 503 496 515 524 508 495 544 512 513 478 478 473 493 545 556 542 546 493 511 505 499 535 529 544 538 524 509 484 502 506 519 529 536 561 561 550 507 499 503 496 499 517 515 486 487 474 460 514 552 544 
vem trace:

stid: 332
spdistance: 836.037
radio trace:
584 586 553 542 560 565 574 558 558 521 536 537 553 541 548 549 532 518 520 509 553 586 591 598 585 573 589 588 533 518 516 509 542 558 561 539 557 577 578 545 527 523 489 492 577 524 521 513 513 509 506 515 510 489 484 511 520 536 524 525 537 538 542 533 533 534 525 543 542 530 521 525 536 548 544 557 559 565 521 531 553 531 516 514 538 541 507 524 524 519 519 500 540 542 537 546 561 534 517 516 503 496 516 498 522 549 509 544 550 555 534 555 559 548 535 526 570 568 558 571 567 569 577 591 543 548 521 530 524 544 548 531 544 552 547 584 610 584 549 543 523 568 561 523 551 566 557 495 508 525 540 535 544 574 571 566 571 563 570 564 511 566 516 498 512 510 502 504 532 545 567 573 562 543 514 517 542 558 534 564 542 520 533 547 571 527 489 504 513 532 542 548 560 543 539 557 549 512 517 530 551 564 562 524 511 510 518 521 519 514 517 514 526 507 522 544 521 517 531 545 549 547 507 536 542 529 527 542 561 543 519 554 515 514 513 552 596 574 519 538 564 574 539 572 531 539 558 525 536 568 581 562 552 550 546 518 499 538 509 498 521 508 519 542 539 535 514 525 529 546 534 572 560 555 546 507 555 538 530 540 503 505 491 494 499 498 524 500 515 532 554 547 540 539 534 553 541 518 540 526 561 555 545 526 542 510 499 530 518 488 513 533 561 564 559 536 509 512 543 581 622 577 550 530 536 534 505 525 497 501 526 566 536 544 506 508 534 533 527 546 560 532 559 536 495 533 555 548 538 512 502 533 527 527 510 537 562 562 559 522 519 510 544 541 497 516 517 533 535 540 560 541 540 546 526 516 503 560 554 551 570 522 558 543 509 516 527 543 529 545 570 543 534 540 563 550 530 523 518 521 536 518 546 580 572 560 537 523 540 497 516 576 525 491 476 501 540 551 555 530 514 555 539 547 550 546 558 572 542 557 566 525 541 568 573 522 562 543 543 540 560 514 537 574 562 584 570 536 533 505 505 533 544 568 507 506 509 548 555 548 573 562 521 528 530 514 522 534 536 508 512 533 548 519 531 562 568 600 561 553 578 570 540 490 500 532 536 516 505 547 548 548 568 549 547 567 574 576 537 510 562 570 597 567 543 521 533 544 520 531 547 499 535 535 537 511 532 521 532 584 600 554 512 507 469 477 514 514 528 529 509 539 523 550 551 527 505 533 523 565 581 568 550 521 560 540 541 529 524 545 557 513 556 562 556 559 557 551 513 506 515 520 545 539 540 527 519 516 516 525 530 561 588 577 552 554 533 501 519 504 502 519 522 545 556 565 556 552 548 559 552 539 568 539 537 539 539 541 554 562 543 521 569 548 560 542 531 553 555 546 555 559 584 557 542 536 525 519 512 541 546 504 514 495 508 560 555 549 539 517 493 531 572 555 542 557 572 546 559 568 548 530 514 479 494 468 493 522 521 547 543 535 564 554 597 594 571 560 572 561 560 548 520 509 488 529 529 496 521 528 553 573 569 552 526 483 467 441 465 482 514 540 507 489 495 507 520 510 534 576 544 542 547 573 572 582 594 553 497 490 482 481 496 526 546 523 515 528 528 538 561 533 514 540 534 535 527 523 545 538 561 543 513 535 534 555 532 511 527 545 572 570 561 532 508 520 539 562 540 554 546 487 507 504 530 532 528 537 583 548 521 558 577 561 570 541 491 517 525 506 501 523 526 551 536 505 517 536 
vem trace:

