SDId: 34824841
energy: 7.78104e+17
zenith: 0.945558
azimuth: 0.043197
GPSSeconc: 1127240133
stid: 333
spdistance: 525.303
radio trace:
426 453 457 461 473 495 491 486 490 490 515 485 498 478 471 503 513 513 522 513 528 518 518 492 468 476 485 476 507 514 518 490 506 485 479 455 444 469 487 465 460 480 494 511 516 493 463 508 534 514 514 488 478 468 459 426 440 453 474 489 488 502 461 504 498 489 494 448 447 483 444 465 493 477 497 482 509 483 482 495 484 453 470 454 482 489 484 494 501 462 500 486 479 441 468 440 425 434 443 470 449 473 472 504 488 488 459 474 492 486 482 511 480 455 463 490 495 496 500 466 472 514 540 483 476 492 500 479 496 467 496 501 512 472 440 471 484 507 553 510 466 463 469 474 478 451 480 502 520 519 480 458 464 498 516 475 453 466 482 487 478 498 519 510 503 472 477 504 497 496 485 498 461 485 502 488 473 453 463 473 438 433 462 480 497 482 479 435 445 498 482 444 451 488 493 479 494 503 523 472 480 457 465 478 466 482 498 515 479 443 442 441 432 443 462 460 449 468 485 500 490 489 487 501 518 460 482 482 420 411 464 488 482 496 510 482 471 485 447 449 451 463 496 462 462 481 452 476 472 459 496 493 482 502 508 516 514 561 541 530 510 473 468 505 495 495 493 497 475 471 467 475 501 467 470 483 468 500 502 496 478 455 475 506 494 457 443 462 476 467 456 454 489 488 481 478 473 478 426 433 447 518 493 439 414 451 465 470 441 433 466 500 475 465 442 489 480 452 440 452 411 436 436 475 505 509 494 481 489 472 469 473 468 455 471 459 487 480 490 494 477 473 496 487 459 451 475 460 475 513 508 477 445 487 475 463 460 470 488 444 466 488 489 467 467 478 461 431 451 491 474 474 476 500 492 458 464 482 477 531 464 432 399 441 457 448 466 459 463 455 496 479 464 487 487 457 436 461 439 407 432 461 478 471 516 512 500 496 536 492 476 489 495 506 493 479 497 506 470 466 479 509 467 450 443 473 488 473 464 425 442 441 450 465 473 472 455 468 465 415 461 535 492 481 467 446 453 447 454 449 470 478 487 488 477 481 464 493 454 455 477 484 491 489 471 500 500 509 479 479 490 492 484 453 475 495 458 488 466 490 535 509 473 466 487 479 497 451 452 453 461 476 511 532 509 467 447 429 434 431 428 444 475 477 458 486 482 506 482 451 430 477 487 462 478 491 491 475 476 470 483 468 502 522 528 521 496 498 459 482 460 467 465 448 455 494 487 501 499 492 522 527 487 462 455 449 458 455 455 468 493 475 466 487 480 476 475 487 500 468 488 478 493 457 457 449 468 434 441 460 466 450 451 480 463 479 478 441 413 405 474 493 480 506 473 456 478 489 493 489 435 478 487 485 485 493 475 452 474 449 441 464 472 460 508 471 470 456 431 432 421 450 459 452 475 470 459 451 463 444 451 437 462 485 471 490 491 503 477 468 487 529 505 483 466 449 468 507 492 507 547 522 513 492 519 504 477 485 472 467 451 456 503 510 470 472 481 486 488 506 464 520 512 488 455 460 456 457 477 479 468 447 459 472 484 483 460 480 506 507 487 516 465 493 502 519 554 557 490 458 404 428 449 439 466 483 481 491 472 475 480 503 479 471 437 480 471 468 443 470 477 481 489 478 485 490 514 542 524 499 480 491 505 505 473 468 454 471 469 469 488 487 511 489 497 495 497 491 460 469 432 434 460 471 502 507 481 489 477 511 457 457 476 467 455 457 463 448 470 475 473 470 466 469 508 511 454 447 
vem trace:

stid: 332
spdistance: 648.297
radio trace:
554 525 522 504 529 553 569 553 566 570 526 521 541 548 546 517 530 558 535 531 562 567 540 520 527 533 533 522 540 538 542 527 517 533 541 518 532 542 550 567 560 531 499 498 553 584 562 524 540 534 538 519 545 551 576 563 553 575 569 583 564 555 566 514 480 527 570 560 567 542 535 542 544 533 537 530 554 555 564 538 554 573 556 526 516 538 547 559 546 573 576 555 572 554 516 545 534 568 576 558 558 552 535 527 536 540 538 506 511 526 506 497 569 572 568 538 562 564 560 529 526 567 585 570 546 543 552 560 576 585 554 553 552 532 548 567 582 558 573 515 539 528 560 560 550 540 537 571 579 569 556 538 515 523 531 554 544 532 536 515 545 574 563 526 526 534 546 553 569 603 594 523 548 570 560 603 603 558 558 542 546 563 543 555 559 569 558 574 593 562 492 501 533 571 578 584 574 530 500 520 547 540 533 520 538 553 553 533 548 522 526 546 538 550 552 543 539 568 540 543 527 522 554 552 545 553 567 545 536 543 576 584 607 587 550 557 558 545 552 541 503 530 540 529 496 483 470 495 493 492 480 541 563 568 570 550 531 542 557 539 548 577 583 575 529 492 531 529 543 575 600 592 550 546 535 534 562 576 572 540 526 538 530 503 540 553 523 557 561 520 532 539 564 607 595 589 553 534 551 563 582 513 509 533 569 569 533 545 523 521 537 542 532 524 511 531 517 534 540 528 532 536 531 510 561 581 579 568 529 517 523 553 561 575 541 512 524 513 524 539 566 536 552 546 553 556 570 573 560 548 540 533 571 559 560 540 505 513 541 550 524 509 532 537 565 541 522 518 525 527 501 508 520 551 555 552 546 509 533 545 583 590 588 565 587 583 580 605 586 561 550 559 516 505 520 546 545 565 553 561 548 559 547 553 556 574 548 548 549 530 518 539 553 564 537 582 556 510 495 490 494 521 515 527 536 536 543 534 543 527 556 591 563 542 542 559 565 591 561 552 540 532 547 553 567 562 553 540 552 543 568 588 586 594 547 525 589 563 538 545 555 534 507 509 513 517 539 534 549 541 569 553 594 575 552 549 541 523 530 539 549 548 537 539 571 574 545 554 566 571 558 516 538 505 524 525 538 532 518 554 577 547 554 558 555 547 537 536 553 548 579 567 567 557 520 503 557 581 587 559 566 558 545 537 533 545 530 504 518 529 522 520 535 565 574 534 519 505 530 588 584 576 554 572 538 575 539 512 485 522 559 544 515 494 529 565 566 561 562 558 528 526 511 539 531 537 556 559 546 560 559 571 555 561 540 540 522 513 524 517 523 534 539 534 531 541 541 548 568 537 514 521 509 540 559 534 560 580 527 541 545 566 554 550 532 533 515 497 519 524 544 580 552 559 566 578 562 553 569 563 575 580 552 519 514 531 495 482 521 510 513 527 517 550 531 530 528 531 549 532 545 580 594 567 547 541 551 562 546 542 540 533 535 574 517 523 581 563 563 582 576 539 565 588 557 575 577 551 570 589 525 494 519 536 580 546 508 522 507 557 543 538 541 561 550 576 570 552 515 511 530 514 516 563 538 523 564 546 524 539 548 553 565 568 593 557 552 558 552 550 541 530 517 521 567 536 533 510 517 510 561 579 573 589 589 571 551 510 500 511 531 520 556 572 549 520 525 539 544 551 514 541 537 514 518 492 538 532 509 522 505 528 559 543 529 537 526 561 539 544 572 547 505 498 521 551 574 570 
vem trace:

stid: 342
spdistance: 930.61
radio trace:
460 476 496 497 497 489 497 457 406 445 473 504 544 494 492 478 466 471 483 476 459 456 449 440 455 450 421 431 449 475 462 472 447 426 429 450 477 476 480 464 480 469 445 443 460 496 526 516 515 488 477 484 497 485 473 479 469 494 479 495 479 468 463 475 476 491 517 535 518 495 469 470 466 472 471 510 500 457 492 484 475 530 517 532 507 468 509 527 527 476 460 473 487 464 474 483 472 458 445 441 485 506 503 476 471 493 494 497 508 525 528 486 457 464 420 448 462 473 506 522 474 496 457 474 489 488 472 457 443 478 475 486 520 519 512 506 495 496 458 476 488 494 487 490 507 496 490 470 459 467 480 463 473 500 502 508 514 492 488 482 478 515 492 466 460 469 509 485 464 481 457 494 485 495 538 498 514 482 475 442 442 455 426 422 471 507 538 517 500 469 466 483 474 498 485 456 492 497 482 486 520 507 488 502 501 500 494 494 478 482 485 504 509 515 531 528 516 459 448 467 461 469 465 481 471 439 464 499 505 470 483 499 509 489 485 486 475 478 476 490 506 524 496 486 534 539 545 539 495 482 468 475 482 493 508 497 492 506 488 472 443 477 495 473 457 472 482 481 473 476 512 501 472 454 499 482 465 475 442 478 501 518 506 519 482 460 446 461 438 460 471 443 424 456 442 450 473 458 435 470 473 467 502 473 462 457 483 466 479 468 454 475 474 476 465 464 492 498 498 477 480 472 505 485 461 461 447 482 475 463 449 491 483 481 498 474 490 493 526 522 518 490 504 477 481 499 496 481 497 516 499 492 491 448 459 458 487 461 480 479 452 473 490 485 501 497 462 470 492 519 485 464 417 454 476 447 473 448 453 472 487 518 489 485 463 471 473 475 477 478 451 470 505 495 463 477 505 473 468 482 489 457 481 484 415 420 437 463 466 481 470 463 432 427 431 465 502 473 457 448 457 438 475 481 471 441 457 448 501 496 510 508 497 491 494 500 489 516 485 502 513 489 457 441 443 488 483 517 492 451 455 475 524 517 501 487 493 479 481 492 448 478 495 501 475 454 460 447 482 512 476 460 472 485 488 482 503 506 528 504 456 431 473 438 463 495 493 496 483 508 514 482 469 477 516 517 486 493 502 502 476 493 477 467 480 437 428 480 489 496 511 505 470 437 463 467 465 456 438 467 495 516 525 483 463 466 488 498 484 486 475 497 521 517 522 519 509 502 480 471 462 456 470 486 479 473 463 445 462 497 484 463 470 484 508 507 493 514 504 479 479 487 453 453 451 443 475 464 457 483 507 501 498 488 456 471 474 478 464 474 477 471 440 447 461 484 445 458 503 471 460 476 465 476 482 453 489 476 486 450 456 481 480 491 519 498 472 463 457 449 486 525 527 495 452 460 441 455 462 482 463 457 465 496 505 509 510 515 496 483 465 464 468 459 421 432 454 472 471 475 469 472 472 466 482 475 492 500 461 484 502 508 463 492 490 485 511 509 476 468 467 469 509 499 487 462 436 458 493 447 464 493 504 487 470 475 479 463 465 478 477 509 497 470 466 463 461 463 479 510 503 465 435 425 417 452 454 458 487 506 524 530 502 511 512 519 495 504 489 487 507 479 471 466 445 455 439 491 456 455 474 465 451 482 491 490 477 472 488 505 540 506 488 495 489 496 491 485 497 497 478 457 503 494 490 485 490 471 483 469 472 446 476 504 487 486 451 447 461 475 462 476 503 490 502 491 480 491 
vem trace:

