SDId: 34726143
energy: 3.20033e+17
zenith: 0.760395
azimuth: 6.23831
GPSSeconc: 1126633401
stid: 341
spdistance: 559.318
radio trace:
535 546 574 528 545 569 507 507 510 519 544 528 501 499 511 530 543 534 524 509 544 566 545 563 564 510 477 473 482 499 505 531 544 598 536 546 530 534 512 540 618 533 510 516 542 532 494 466 498 539 551 526 534 526 506 506 507 530 506 531 518 508 501 514 558 596 548 531 500 476 451 473 494 509 516 537 561 542 543 556 557 527 535 556 527 531 534 541 520 499 502 505 555 555 538 505 507 510 512 547 498 472 503 506 505 548 549 521 540 525 514 538 542 554 551 545 534 513 503 506 546 550 580 572 553 522 503 517 571 560 567 538 514 480 491 523 559 531 519 526 567 542 531 542 527 537 565 597 586 539 497 499 490 506 509 521 536 541 519 562 556 502 515 530 547 521 521 514 456 481 496 518 489 465 442 443 467 482 472 509 536 515 517 510 556 527 539 548 559 533 565 549 551 554 557 567 499 481 500 526 512 494 543 531 517 515 551 532 494 508 511 517 513 560 554 547 540 549 546 573 536 503 511 546 539 506 484 515 555 515 553 556 545 540 547 545 544 553 568 523 525 535 538 544 548 562 566 530 535 513 556 539 555 588 575 603 560 509 467 500 472 496 564 527 537 535 540 569 600 599 556 513 500 524 529 516 515 538 559 541 557 556 588 588 544 513 510 535 557 587 555 551 563 486 513 542 530 531 532 521 537 519 461 456 438 467 487 496 530 514 524 535 565 544 537 486 514 510 521 493 501 522 498 491 501 547 523 538 539 550 522 549 560 567 530 526 541 529 491 547 540 537 509 488 539 545 557 546 473 509 543 584 559 519 483 486 508 592 565 515 532 495 486 546 565 548 528 555 523 591 594 603 585 572 557 538 486 460 477 488 487 538 567 587 546 541 525 520 549 563 566 528 513 525 558 547 569 567 550 539 530 532 537 539 526 511 506 485 470 494 493 507 500 498 558 566 580 555 556 555 554 563 494 481 517 508 507 496 500 531 529 547 516 518 573 528 542 540 512 499 498 519 517 521 508 520 552 577 547 554 568 547 519 528 563 557 521 534 487 482 479 438 483 503 519 531 580 574 585 544 504 497 502 540 559 575 539 518 528 510 442 453 475 493 512 564 514 490 511 507 515 576 523 502 494 497 500 504 502 538 521 517 525 554 544 524 528 503 506 498 482 522 535 555 520 514 511 497 533 543 525 514 543 519 501 519 564 515 509 503 534 558 525 520 550 586 573 574 532 504 528 505 487 501 510 491 460 485 518 525 562 535 542 528 517 528 498 496 492 523 546 546 528 512 527 527 508 495 535 540 569 568 569 562 560 547 526 495 530 574 538 544 538 543 570 559 545 536 497 467 527 568 594 581 550 512 490 539 534 559 537 541 499 493 528 530 547 523 495 488 486 489 487 480 531 546 530 553 565 577 572 546 574 566 544 530 503 477 489 467 476 511 506 500 525 510 505 501 524 536 507 504 542 504 510 521 503 536 491 473 461 470 486 490 506 484 498 480 507 512 519 526 549 570 543 523 490 513 527 557 513 481 480 481 490 522 562 549 560 546 511 505 520 481 512 510 495 498 551 529 515 499 535 506 484 506 512 530 586 568 536 514 489 470 515 529 533 502 522 513 498 479 496 534 503 531 547 516 479 469 476 497 489 429 456 502 503 540 539 520 522 533 509 530 564 586 577 521 525 572 559 585 575 543 532 510 529 540 516 521 525 532 564 552 553 585 545 508 503 517 467 502 513 511 545 533 553 560 
vem trace:

stid: 341
spdistance: 559.318
radio trace:
535 546 574 528 545 569 507 507 510 519 544 528 501 499 511 530 543 534 524 509 544 566 545 563 564 510 477 473 482 499 505 531 544 598 536 546 530 534 512 540 618 533 510 516 542 532 494 466 498 539 551 526 534 526 506 506 507 530 506 531 518 508 501 514 558 596 548 531 500 476 451 473 494 509 516 537 561 542 543 556 557 527 535 556 527 531 534 541 520 499 502 505 555 555 538 505 507 510 512 547 498 472 503 506 505 548 549 521 540 525 514 538 542 554 551 545 534 513 503 506 546 550 580 572 553 522 503 517 571 560 567 538 514 480 491 523 559 531 519 526 567 542 531 542 527 537 565 597 586 539 497 499 490 506 509 521 536 541 519 562 556 502 515 530 547 521 521 514 456 481 496 518 489 465 442 443 467 482 472 509 536 515 517 510 556 527 539 548 559 533 565 549 551 554 557 567 499 481 500 526 512 494 543 531 517 515 551 532 494 508 511 517 513 560 554 547 540 549 546 573 536 503 511 546 539 506 484 515 555 515 553 556 545 540 547 545 544 553 568 523 525 535 538 544 548 562 566 530 535 513 556 539 555 588 575 603 560 509 467 500 472 496 564 527 537 535 540 569 600 599 556 513 500 524 529 516 515 538 559 541 557 556 588 588 544 513 510 535 557 587 555 551 563 486 513 542 530 531 532 521 537 519 461 456 438 467 487 496 530 514 524 535 565 544 537 486 514 510 521 493 501 522 498 491 501 547 523 538 539 550 522 549 560 567 530 526 541 529 491 547 540 537 509 488 539 545 557 546 473 509 543 584 559 519 483 486 508 592 565 515 532 495 486 546 565 548 528 555 523 591 594 603 585 572 557 538 486 460 477 488 487 538 567 587 546 541 525 520 549 563 566 528 513 525 558 547 569 567 550 539 530 532 537 539 526 511 506 485 470 494 493 507 500 498 558 566 580 555 556 555 554 563 494 481 517 508 507 496 500 531 529 547 516 518 573 528 542 540 512 499 498 519 517 521 508 520 552 577 547 554 568 547 519 528 563 557 521 534 487 482 479 438 483 503 519 531 580 574 585 544 504 497 502 540 559 575 539 518 528 510 442 453 475 493 512 564 514 490 511 507 515 576 523 502 494 497 500 504 502 538 521 517 525 554 544 524 528 503 506 498 482 522 535 555 520 514 511 497 533 543 525 514 543 519 501 519 564 515 509 503 534 558 525 520 550 586 573 574 532 504 528 505 487 501 510 491 460 485 518 525 562 535 542 528 517 528 498 496 492 523 546 546 528 512 527 527 508 495 535 540 569 568 569 562 560 547 526 495 530 574 538 544 538 543 570 559 545 536 497 467 527 568 594 581 550 512 490 539 534 559 537 541 499 493 528 530 547 523 495 488 486 489 487 480 531 546 530 553 565 577 572 546 574 566 544 530 503 477 489 467 476 511 506 500 525 510 505 501 524 536 507 504 542 504 510 521 503 536 491 473 461 470 486 490 506 484 498 480 507 512 519 526 549 570 543 523 490 513 527 557 513 481 480 481 490 522 562 549 560 546 511 505 520 481 512 510 495 498 551 529 515 499 535 506 484 506 512 530 586 568 536 514 489 470 515 529 533 502 522 513 498 479 496 534 503 531 547 516 479 469 476 497 489 429 456 502 503 540 539 520 522 533 509 530 564 586 577 521 525 572 559 585 575 543 532 510 529 540 516 521 525 532 564 552 553 585 545 508 503 517 467 502 513 511 545 533 553 560 
vem trace:

