SDId: 34856259
energy: 7.92579e+17
zenith: 0.180591
azimuth: 1.12584
GPSSeconc: 1127441169
stid: 341
spdistance: 1420.23
radio trace:
515 520 510 500 494 519 489 459 439 452 469 490 461 512 509 505 525 488 517 556 542 511 525 546 533 541 544 530 549 579 554 534 528 502 513 506 512 525 521 494 485 503 492 496 527 539 539 512 518 498 524 503 502 518 539 535 544 518 515 499 494 471 495 525 476 473 486 512 515 512 547 533 530 549 526 533 528 538 519 525 538 562 562 508 515 509 528 532 496 495 494 506 555 563 580 566 524 542 534 529 506 517 489 505 526 525 532 543 542 532 494 478 457 489 479 474 486 462 480 480 521 559 567 580 578 570 543 528 545 553 525 523 513 525 487 479 498 521 513 523 532 513 507 549 559 530 513 546 558 561 577 574 569 563 514 501 478 491 528 557 560 522 515 537 492 472 484 529 527 551 541 554 554 528 493 533 549 499 464 480 460 483 527 527 498 511 550 551 571 590 574 560 524 513 536 522 516 526 544 533 508 519 532 536 528 515 449 443 494 516 489 502 528 533 493 494 551 576 532 523 533 540 517 511 524 541 545 539 535 520 476 512 533 517 482 486 530 553 529 469 491 482 505 518 505 513 530 544 523 519 527 548 526 543 545 518 496 481 474 502 479 476 504 494 494 489 523 508 486 485 459 506 502 475 530 543 527 512 531 564 554 550 576 527 508 534 500 543 492 501 501 511 509 536 538 522 540 533 553 565 532 526 542 519 517 539 530 502 540 542 506 506 507 510 508 563 534 566 531 530 517 517 504 520 507 522 510 506 557 560 527 502 507 478 511 535 526 515 509 491 476 477 469 492 477 489 480 482 494 472 459 487 533 533 495 503 515 499 512 515 556 544 534 479 483 481 547 545 571 569 521 527 553 529 546 599 546 519 528 520 536 509 488 484 533 555 607 557 539 523 502 482 485 480 488 462 489 517 533 512 507 517 490 521 528 524 495 496 562 521 522 537 518 480 474 503 512 519 534 542 536 533 497 515 504 493 523 542 525 498 494 498 522 537 498 481 482 461 480 474 532 524 489 519 529 517 513 519 526 520 512 517 509 540 505 514 506 499 466 476 526 514 483 526 526 536 542 553 559 528 513 523 530 499 493 498 518 510 525 514 472 498 505 512 531 524 478 499 526 526 509 501 483 468 484 463 485 505 508 441 452 486 453 459 464 466 440 473 513 553 539 521 503 489 512 540 553 501 487 536 509 520 504 506 465 527 525 504 513 506 490 492 490 500 484 537 543 530 544 535 559 560 564 542 552 566 527 516 543 579 565 571 554 533 489 532 551 529 530 503 536 540 576 618 585 561 521 503 515 555 547 523 499 497 506 532 528 517 527 518 510 520 553 550 509 478 526 553 536 524 535 558 546 538 514 511 504 504 521 518 479 484 507 517 503 519 525 526 499 497 490 542 537 487 498 544 529 515 482 517 527 544 546 519 508 496 504 522 542 542 494 503 488 468 461 511 541 552 542 534 516 503 519 517 513 506 524 515 533 548 562 536 536 524 530 510 532 555 548 540 537 551 557 503 496 465 501 482 486 466 500 518 530 538 531 500 565 547 501 506 488 519 498 491 493 520 532 529 523 508 550 551 535 514 531 531 530 531 490 512 508 498 506 516 529 509 546 553 532 586 568 558 514 498 529 583 525 480 528 517 536 444 416 443 499 473 471 495 505 523 543 510 481 472 512 524 521 498 475 481 513 565 529 513 535 496 475 508 494 522 507 512 493 562 533 563 539 524 508 478 503 507 566 599 555 552 511 523 
vem trace:

stid: 341
spdistance: 1420.23
radio trace:
515 520 510 500 494 519 489 459 439 452 469 490 461 512 509 505 525 488 517 556 542 511 525 546 533 541 544 530 549 579 554 534 528 502 513 506 512 525 521 494 485 503 492 496 527 539 539 512 518 498 524 503 502 518 539 535 544 518 515 499 494 471 495 525 476 473 486 512 515 512 547 533 530 549 526 533 528 538 519 525 538 562 562 508 515 509 528 532 496 495 494 506 555 563 580 566 524 542 534 529 506 517 489 505 526 525 532 543 542 532 494 478 457 489 479 474 486 462 480 480 521 559 567 580 578 570 543 528 545 553 525 523 513 525 487 479 498 521 513 523 532 513 507 549 559 530 513 546 558 561 577 574 569 563 514 501 478 491 528 557 560 522 515 537 492 472 484 529 527 551 541 554 554 528 493 533 549 499 464 480 460 483 527 527 498 511 550 551 571 590 574 560 524 513 536 522 516 526 544 533 508 519 532 536 528 515 449 443 494 516 489 502 528 533 493 494 551 576 532 523 533 540 517 511 524 541 545 539 535 520 476 512 533 517 482 486 530 553 529 469 491 482 505 518 505 513 530 544 523 519 527 548 526 543 545 518 496 481 474 502 479 476 504 494 494 489 523 508 486 485 459 506 502 475 530 543 527 512 531 564 554 550 576 527 508 534 500 543 492 501 501 511 509 536 538 522 540 533 553 565 532 526 542 519 517 539 530 502 540 542 506 506 507 510 508 563 534 566 531 530 517 517 504 520 507 522 510 506 557 560 527 502 507 478 511 535 526 515 509 491 476 477 469 492 477 489 480 482 494 472 459 487 533 533 495 503 515 499 512 515 556 544 534 479 483 481 547 545 571 569 521 527 553 529 546 599 546 519 528 520 536 509 488 484 533 555 607 557 539 523 502 482 485 480 488 462 489 517 533 512 507 517 490 521 528 524 495 496 562 521 522 537 518 480 474 503 512 519 534 542 536 533 497 515 504 493 523 542 525 498 494 498 522 537 498 481 482 461 480 474 532 524 489 519 529 517 513 519 526 520 512 517 509 540 505 514 506 499 466 476 526 514 483 526 526 536 542 553 559 528 513 523 530 499 493 498 518 510 525 514 472 498 505 512 531 524 478 499 526 526 509 501 483 468 484 463 485 505 508 441 452 486 453 459 464 466 440 473 513 553 539 521 503 489 512 540 553 501 487 536 509 520 504 506 465 527 525 504 513 506 490 492 490 500 484 537 543 530 544 535 559 560 564 542 552 566 527 516 543 579 565 571 554 533 489 532 551 529 530 503 536 540 576 618 585 561 521 503 515 555 547 523 499 497 506 532 528 517 527 518 510 520 553 550 509 478 526 553 536 524 535 558 546 538 514 511 504 504 521 518 479 484 507 517 503 519 525 526 499 497 490 542 537 487 498 544 529 515 482 517 527 544 546 519 508 496 504 522 542 542 494 503 488 468 461 511 541 552 542 534 516 503 519 517 513 506 524 515 533 548 562 536 536 524 530 510 532 555 548 540 537 551 557 503 496 465 501 482 486 466 500 518 530 538 531 500 565 547 501 506 488 519 498 491 493 520 532 529 523 508 550 551 535 514 531 531 530 531 490 512 508 498 506 516 529 509 546 553 532 586 568 558 514 498 529 583 525 480 528 517 536 444 416 443 499 473 471 495 505 523 543 510 481 472 512 524 521 498 475 481 513 565 529 513 535 496 475 508 494 522 507 512 493 562 533 563 539 524 508 478 503 507 566 599 555 552 511 523 
vem trace:

