SDId: 34755196
energy: 1.20888e+19
zenith: 0.801442
azimuth: 1.47515
GPSSeconc: 1126800387
stid: 341
spdistance: 1641.78
radio trace:
515 502 493 514 494 534 549 526 523 534 558 559 562 562 568 530 547 572 609 564 575 540 518 516 536 533 520 539 546 485 515 489 508 507 503 473 505 550 536 546 576 528 489 503 550 540 526 542 545 545 561 582 580 559 536 514 539 548 579 540 546 571 569 553 532 530 517 536 544 565 564 547 555 532 507 510 499 481 529 517 526 548 529 520 599 584 553 534 528 589 597 550 541 559 577 543 565 558 537 527 563 531 551 577 553 523 541 513 499 528 531 495 522 526 549 551 578 552 546 561 542 568 523 524 542 546 554 572 539 537 533 528 535 505 503 522 513 507 513 490 495 537 544 550 513 514 497 474 476 518 524 529 530 518 522 510 534 552 555 531 511 532 567 587 572 517 485 500 505 505 503 502 492 534 544 520 498 509 544 524 563 562 562 555 491 477 474 484 512 536 535 537 531 523 539 555 568 581 575 562 512 509 549 533 493 505 513 516 560 569 555 578 568 543 545 510 510 516 535 564 587 562 563 552 542 540 534 551 518 506 505 496 517 512 570 557 547 509 533 515 558 549 534 538 552 584 593 549 521 493 493 476 479 482 499 520 517 519 551 553 524 532 540 560 515 494 506 495 503 524 515 509 515 533 528 506 526 533 546 563 547 555 516 545 511 539 563 536 505 502 496 483 517 538 580 564 598 576 543 532 569 558 558 558 509 517 550 552 555 580 576 559 559 591 574 575 585 606 596 578 516 488 535 553 520 526 515 520 521 552 556 556 544 525 540 570 567 559 533 501 482 477 518 538 566 553 593 639 582 543 542 525 526 523 535 551 552 574 548 541 525 552 516 527 539 547 544 536 512 574 564 601 570 558 522 528 553 544 535 492 508 501 532 554 531 522 514 546 573 537 528 523 545 563 558 588 573 505 495 474 458 494 512 529 544 521 511 540 559 523 565 596 555 569 551 529 543 559 536 582 558 578 569 582 546 555 563 520 526 567 540 481 499 542 565 579 600 568 535 491 506 503 515 521 518 490 513 528 490 501 531 498 466 451 479 505 477 493 527 546 536 531 552 531 523 519 515 498 493 483 511 540 499 532 502 514 503 525 503 544 543 563 559 554 553 565 547 549 519 535 535 549 537 511 533 542 538 543 524 570 576 518 517 481 475 499 476 502 557 549 500 513 517 496 507 517 522 540 530 511 511 552 529 542 519 551 554 508 503 497 515 531 524 539 558 543 546 561 550 545 534 566 527 537 536 559 575 555 493 529 533 521 506 507 562 567 511 523 478 496 498 500 493 486 494 532 556 543 558 551 563 562 547 559 537 542 535 552 536 546 511 478 552 623 579 584 567 535 532 541 503 530 536 549 605 603 554 553 539 567 574 599 584 543 513 538 562 564 545 531 513 500 478 521 556 576 522 512 476 511 520 507 489 496 520 554 552 501 484 482 477 510 508 526 587 576 551 523 529 532 553 518 545 484 515 501 500 528 583 551 587 538 513 573 634 576 535 552 546 567 563 540 520 523 528 538 536 523 544 521 531 507 498 495 514 532 537 520 514 534 533 543 548 528 518 533 552 592 568 540 530 506 509 498 492 544 508 527 535 538 519 540 577 575 572 555 517 536 532 500 529 519 518 572 538 541 559 545 496 502 523 502 521 524 515 533 512 503 506 547 580 552 532 517 513 517 480 502 551 530 539 506 504 521 502 543 520 547 542 533 530 500 560 526 525 538 514 544 590 602 574 560 574 569 529 502 500 509 
vem trace:

stid: 341
spdistance: 1641.78
radio trace:
515 502 493 514 494 534 549 526 523 534 558 559 562 562 568 530 547 572 609 564 575 540 518 516 536 533 520 539 546 485 515 489 508 507 503 473 505 550 536 546 576 528 489 503 550 540 526 542 545 545 561 582 580 559 536 514 539 548 579 540 546 571 569 553 532 530 517 536 544 565 564 547 555 532 507 510 499 481 529 517 526 548 529 520 599 584 553 534 528 589 597 550 541 559 577 543 565 558 537 527 563 531 551 577 553 523 541 513 499 528 531 495 522 526 549 551 578 552 546 561 542 568 523 524 542 546 554 572 539 537 533 528 535 505 503 522 513 507 513 490 495 537 544 550 513 514 497 474 476 518 524 529 530 518 522 510 534 552 555 531 511 532 567 587 572 517 485 500 505 505 503 502 492 534 544 520 498 509 544 524 563 562 562 555 491 477 474 484 512 536 535 537 531 523 539 555 568 581 575 562 512 509 549 533 493 505 513 516 560 569 555 578 568 543 545 510 510 516 535 564 587 562 563 552 542 540 534 551 518 506 505 496 517 512 570 557 547 509 533 515 558 549 534 538 552 584 593 549 521 493 493 476 479 482 499 520 517 519 551 553 524 532 540 560 515 494 506 495 503 524 515 509 515 533 528 506 526 533 546 563 547 555 516 545 511 539 563 536 505 502 496 483 517 538 580 564 598 576 543 532 569 558 558 558 509 517 550 552 555 580 576 559 559 591 574 575 585 606 596 578 516 488 535 553 520 526 515 520 521 552 556 556 544 525 540 570 567 559 533 501 482 477 518 538 566 553 593 639 582 543 542 525 526 523 535 551 552 574 548 541 525 552 516 527 539 547 544 536 512 574 564 601 570 558 522 528 553 544 535 492 508 501 532 554 531 522 514 546 573 537 528 523 545 563 558 588 573 505 495 474 458 494 512 529 544 521 511 540 559 523 565 596 555 569 551 529 543 559 536 582 558 578 569 582 546 555 563 520 526 567 540 481 499 542 565 579 600 568 535 491 506 503 515 521 518 490 513 528 490 501 531 498 466 451 479 505 477 493 527 546 536 531 552 531 523 519 515 498 493 483 511 540 499 532 502 514 503 525 503 544 543 563 559 554 553 565 547 549 519 535 535 549 537 511 533 542 538 543 524 570 576 518 517 481 475 499 476 502 557 549 500 513 517 496 507 517 522 540 530 511 511 552 529 542 519 551 554 508 503 497 515 531 524 539 558 543 546 561 550 545 534 566 527 537 536 559 575 555 493 529 533 521 506 507 562 567 511 523 478 496 498 500 493 486 494 532 556 543 558 551 563 562 547 559 537 542 535 552 536 546 511 478 552 623 579 584 567 535 532 541 503 530 536 549 605 603 554 553 539 567 574 599 584 543 513 538 562 564 545 531 513 500 478 521 556 576 522 512 476 511 520 507 489 496 520 554 552 501 484 482 477 510 508 526 587 576 551 523 529 532 553 518 545 484 515 501 500 528 583 551 587 538 513 573 634 576 535 552 546 567 563 540 520 523 528 538 536 523 544 521 531 507 498 495 514 532 537 520 514 534 533 543 548 528 518 533 552 592 568 540 530 506 509 498 492 544 508 527 535 538 519 540 577 575 572 555 517 536 532 500 529 519 518 572 538 541 559 545 496 502 523 502 521 524 515 533 512 503 506 547 580 552 532 517 513 517 480 502 551 530 539 506 504 521 502 543 520 547 542 533 530 500 560 526 525 538 514 544 590 602 574 560 574 569 529 502 500 509 
vem trace:

