SDId: 34565452
energy: 2.65863e+17
zenith: 0.600817
azimuth: 4.02079
GPSSeconc: 1125717078
stid: 341
spdistance: 461.317
radio trace:
532 529 489 493 490 511 547 525 480 481 436 431 437 462 474 468 483 478 482 428 435 480 509 479 505 525 484 472 466 489 476 502 521 510 488 489 492 500 507 503 490 483 456 480 484 478 457 492 506 500 520 507 514 490 462 504 514 478 483 516 516 530 488 484 494 501 484 502 512 475 479 490 477 500 494 456 466 437 412 457 462 512 535 511 494 507 496 491 492 493 503 506 531 532 490 505 474 488 447 441 437 458 473 470 485 498 503 503 479 483 496 518 522 499 489 468 460 485 497 499 511 504 498 479 508 516 520 519 486 502 493 517 492 484 514 536 529 514 489 455 502 485 495 484 458 528 497 507 515 518 497 481 481 496 483 466 455 513 483 498 511 519 504 513 492 505 510 484 492 519 501 438 460 453 466 488 487 479 479 433 439 449 463 474 489 473 500 504 516 547 554 533 502 486 511 502 533 508 481 483 482 509 486 450 496 511 512 491 480 506 519 467 449 476 473 502 505 534 529 539 496 480 466 486 506 520 509 497 503 533 522 496 462 431 449 499 550 514 508 481 489 488 496 501 457 495 514 518 501 510 473 475 485 483 491 493 512 507 483 497 539 519 478 451 468 468 431 453 449 467 475 464 439 492 516 517 473 499 545 528 488 488 474 471 520 516 519 459 455 453 471 506 471 466 440 480 469 527 509 524 480 476 484 479 478 514 532 531 505 489 495 476 468 490 498 509 499 504 496 476 491 514 498 483 540 514 521 506 483 480 506 517 532 543 538 496 487 522 497 515 542 478 460 493 469 503 493 491 507 523 493 469 499 478 495 472 518 536 495 488 463 464 469 499 514 553 539 544 538 541 520 484 493 518 519 487 462 471 467 476 475 486 445 472 476 503 487 495 487 476 442 445 448 452 437 452 484 494 557 526 500 486 480 484 518 536 545 500 502 513 518 514 525 520 518 490 494 540 486 478 516 521 519 500 497 507 507 491 507 508 504 521 537 504 507 499 532 516 506 528 546 540 547 519 539 543 504 468 458 475 462 454 448 501 496 477 467 492 505 508 505 490 498 479 490 490 461 496 499 450 517 533 523 511 509 484 478 505 562 531 494 521 533 516 512 521 527 526 509 504 465 518 545 528 531 535 491 491 497 501 516 501 499 516 496 452 440 456 461 485 504 492 522 501 476 485 492 507 524 514 517 546 515 468 475 456 466 459 503 474 459 475 464 445 463 490 515 502 487 471 426 477 502 549 548 527 501 473 520 566 564 508 475 485 501 482 464 487 497 516 484 519 501 466 480 475 484 523 519 527 503 476 488 511 515 523 534 524 516 469 436 479 504 525 497 498 538 494 527 520 487 504 524 475 466 488 489 487 522 575 554 509 481 465 449 442 435 472 492 454 456 513 493 523 545 545 528 503 498 500 471 476 454 456 467 463 485 509 512 474 464 482 428 440 481 450 460 486 516 512 498 486 484 479 507 514 485 516 489 494 509 460 452 479 503 523 507 489 504 473 484 462 488 488 505 493 430 476 494 512 509 492 497 495 457 459 468 516 518 526 514 472 503 489 480 467 514 563 548 518 529 511 508 492 477 473 529 513 487 509 502 505 474 479 494 514 511 514 570 545 542 555 531 541 519 518 505 509 482 527 502 529 536 516 498 494 509 498 489 533 523 525 536 520 523 508 484 494 487 526 525 520 508 510 531 533 503 525 539 478 451 447 485 479 485 473 486 520 493 502 482 462 475 498 511 516 481 477 
vem trace:

stid: 341
spdistance: 461.317
radio trace:
532 529 489 493 490 511 547 525 480 481 436 431 437 462 474 468 483 478 482 428 435 480 509 479 505 525 484 472 466 489 476 502 521 510 488 489 492 500 507 503 490 483 456 480 484 478 457 492 506 500 520 507 514 490 462 504 514 478 483 516 516 530 488 484 494 501 484 502 512 475 479 490 477 500 494 456 466 437 412 457 462 512 535 511 494 507 496 491 492 493 503 506 531 532 490 505 474 488 447 441 437 458 473 470 485 498 503 503 479 483 496 518 522 499 489 468 460 485 497 499 511 504 498 479 508 516 520 519 486 502 493 517 492 484 514 536 529 514 489 455 502 485 495 484 458 528 497 507 515 518 497 481 481 496 483 466 455 513 483 498 511 519 504 513 492 505 510 484 492 519 501 438 460 453 466 488 487 479 479 433 439 449 463 474 489 473 500 504 516 547 554 533 502 486 511 502 533 508 481 483 482 509 486 450 496 511 512 491 480 506 519 467 449 476 473 502 505 534 529 539 496 480 466 486 506 520 509 497 503 533 522 496 462 431 449 499 550 514 508 481 489 488 496 501 457 495 514 518 501 510 473 475 485 483 491 493 512 507 483 497 539 519 478 451 468 468 431 453 449 467 475 464 439 492 516 517 473 499 545 528 488 488 474 471 520 516 519 459 455 453 471 506 471 466 440 480 469 527 509 524 480 476 484 479 478 514 532 531 505 489 495 476 468 490 498 509 499 504 496 476 491 514 498 483 540 514 521 506 483 480 506 517 532 543 538 496 487 522 497 515 542 478 460 493 469 503 493 491 507 523 493 469 499 478 495 472 518 536 495 488 463 464 469 499 514 553 539 544 538 541 520 484 493 518 519 487 462 471 467 476 475 486 445 472 476 503 487 495 487 476 442 445 448 452 437 452 484 494 557 526 500 486 480 484 518 536 545 500 502 513 518 514 525 520 518 490 494 540 486 478 516 521 519 500 497 507 507 491 507 508 504 521 537 504 507 499 532 516 506 528 546 540 547 519 539 543 504 468 458 475 462 454 448 501 496 477 467 492 505 508 505 490 498 479 490 490 461 496 499 450 517 533 523 511 509 484 478 505 562 531 494 521 533 516 512 521 527 526 509 504 465 518 545 528 531 535 491 491 497 501 516 501 499 516 496 452 440 456 461 485 504 492 522 501 476 485 492 507 524 514 517 546 515 468 475 456 466 459 503 474 459 475 464 445 463 490 515 502 487 471 426 477 502 549 548 527 501 473 520 566 564 508 475 485 501 482 464 487 497 516 484 519 501 466 480 475 484 523 519 527 503 476 488 511 515 523 534 524 516 469 436 479 504 525 497 498 538 494 527 520 487 504 524 475 466 488 489 487 522 575 554 509 481 465 449 442 435 472 492 454 456 513 493 523 545 545 528 503 498 500 471 476 454 456 467 463 485 509 512 474 464 482 428 440 481 450 460 486 516 512 498 486 484 479 507 514 485 516 489 494 509 460 452 479 503 523 507 489 504 473 484 462 488 488 505 493 430 476 494 512 509 492 497 495 457 459 468 516 518 526 514 472 503 489 480 467 514 563 548 518 529 511 508 492 477 473 529 513 487 509 502 505 474 479 494 514 511 514 570 545 542 555 531 541 519 518 505 509 482 527 502 529 536 516 498 494 509 498 489 533 523 525 536 520 523 508 484 494 487 526 525 520 508 510 531 533 503 525 539 478 451 447 485 479 485 473 486 520 493 502 482 462 475 498 511 516 481 477 
vem trace:

stid: 332
spdistance: 1133.22
radio trace:
531 546 525 521 530 544 559 522 524 503 525 522 506 508 511 534 541 510 531 504 519 499 508 517 519 542 545 523 512 519 530 543 566 538 513 528 501 473 485 533 537 517 516 532 512 495 519 525 483 482 529 550 554 540 529 531 547 559 549 573 524 517 539 542 548 508 540 562 545 516 499 504 540 510 502 504 477 517 515 550 557 544 547 535 542 511 519 515 526 527 523 563 554 571 541 507 513 530 532 511 497 511 515 496 478 482 480 502 513 500 543 523 528 525 522 535 512 525 522 539 533 503 527 496 480 541 550 554 545 545 542 527 540 513 511 535 544 561 564 553 529 512 503 509 505 491 488 499 517 528 524 499 512 524 534 554 564 561 522 510 485 484 536 547 540 528 512 528 508 499 525 538 559 547 533 534 527 499 520 522 552 522 517 555 543 541 524 509 537 537 529 509 529 498 527 521 533 525 556 547 531 533 533 547 558 522 508 472 516 553 522 518 551 542 528 513 519 553 548 537 561 533 501 508 504 519 551 526 498 515 528 541 520 459 484 477 505 508 505 536 519 522 538 536 547 557 536 557 516 526 524 490 554 557 514 541 521 516 513 533 563 532 544 540 549 590 523 490 498 530 534 550 556 540 496 473 490 538 518 529 516 548 555 532 528 539 520 522 536 535 547 552 552 523 536 537 554 534 534 507 505 535 556 540 542 510 539 566 539 540 540 515 529 519 505 525 522 529 544 537 508 531 513 508 516 510 548 547 512 491 537 516 510 493 552 562 534 535 527 521 504 500 507 570 551 497 488 493 525 509 515 507 552 521 543 562 532 529 555 562 518 501 516 556 577 518 520 523 511 565 577 585 542 534 507 520 485 475 475 497 538 543 514 503 495 488 463 488 570 518 509 528 504 514 564 539 527 572 575 548 546 534 532 545 592 551 534 526 551 507 524 559 537 491 489 506 495 496 546 522 483 501 508 509 518 547 508 527 516 499 510 530 568 603 566 560 562 564 539 568 558 532 563 525 555 549 548 540 492 508 520 501 469 470 480 483 499 520 496 499 521 504 510 513 503 512 505 517 509 531 550 532 536 491 508 547 555 521 519 490 496 502 489 505 512 516 550 527 518 496 481 495 537 530 545 549 507 526 540 548 531 517 545 536 570 542 543 533 535 559 540 506 485 499 502 525 552 524 537 516 529 521 522 492 500 556 543 564 536 542 541 545 542 561 554 522 503 503 512 555 543 555 538 539 521 537 515 520 545 546 546 554 550 489 454 477 525 512 531 527 521 495 485 535 504 507 524 510 485 512 526 543 564 545 500 508 487 466 499 542 544 552 540 561 560 552 544 520 485 526 539 540 549 550 548 544 545 543 533 546 559 544 528 504 487 531 570 549 518 498 455 440 463 512 524 506 515 516 534 543 570 541 518 548 546 521 466 493 519 530 531 517 532 507 511 545 542 538 510 545 574 569 500 504 554 539 546 566 566 567 551 516 522 560 568 567 560 552 547 540 546 545 535 532 523 503 516 496 514 507 497 504 513 522 551 553 527 510 529 496 522 509 497 535 529 464 486 517 559 570 555 562 539 572 521 534 535 539 549 525 522 535 519 522 559 562 532 526 545 579 534 551 527 554 533 511 508 527 540 552 527 529 522 491 486 468 458 455 478 495 497 499 490 498 500 498 515 542 526 497 485 514 504 490 515 515 578 561 546 542 526 530 521 478 512 531 528 518 520 546 589 586 544 518 533 540 525 496 
vem trace:

