SDId: 34711238
energy: 4.90319e+17
zenith: 0.588962
azimuth: 5.23719
GPSSeconc: 1126551034
stid: 343
spdistance: 527.355
radio trace:
454 441 440 454 470 448 453 449 484 487 473 456 469 472 483 479 438 452 456 461 474 458 467 473 462 478 482 467 472 466 444 451 441 464 471 458 470 505 485 449 429 456 430 455 451 442 471 462 471 465 466 479 465 477 445 478 475 465 491 463 473 469 464 455 468 447 458 452 455 480 478 473 460 461 462 465 457 448 447 464 475 484 444 435 454 481 459 453 433 443 460 455 437 416 415 460 462 494 472 457 451 460 434 423 428 444 437 452 471 447 408 434 474 458 448 474 462 458 470 455 480 480 476 459 457 428 438 448 463 455 459 468 481 460 459 474 467 470 456 456 456 427 429 425 449 453 431 419 434 446 455 459 453 444 443 456 440 431 437 446 471 456 468 451 469 455 434 444 414 459 458 467 441 443 474 482 488 467 474 454 434 424 439 456 440 414 415 416 461 486 497 474 447 453 462 457 471 474 469 496 480 474 439 463 478 447 445 452 443 455 456 466 468 430 401 404 433 440 438 416 451 456 442 450 470 459 474 466 417 425 454 449 471 500 486 450 444 416 417 431 442 471 461 491 496 469 433 438 426 442 449 433 463 451 444 451 478 452 459 476 464 429 457 469 466 454 444 456 470 474 428 434 457 447 478 461 459 477 480 476 465 438 454 477 486 497 499 495 461 438 456 440 476 478 470 474 465 421 402 447 461 446 447 447 458 477 475 464 481 495 470 442 445 467 459 442 461 483 464 441 443 474 499 508 475 485 481 484 474 457 442 441 463 466 453 488 478 460 453 445 449 458 450 464 469 456 465 471 464 466 458 450 464 477 475 492 467 494 490 501 452 435 460 467 466 452 433 473 464 476 462 459 455 470 441 441 445 464 424 446 473 447 442 464 479 449 467 459 441 435 426 451 452 456 447 433 461 459 461 441 436 463 455 473 490 466 459 479 446 424 428 440 450 451 453 448 464 453 480 488 505 509 468 472 471 472 502 515 484 409 428 437 414 441 447 456 453 461 459 440 480 473 460 443 455 450 485 506 496 483 473 450 455 444 478 477 468 473 458 476 472 451 495 503 466 482 465 423 436 434 461 511 456 453 455 456 463 443 457 471 482 445 446 441 447 464 474 464 484 468 472 471 458 492 499 473 453 484 470 457 448 444 453 465 451 467 476 476 485 484 458 462 455 449 442 453 459 448 440 476 466 458 444 432 416 440 454 438 424 460 469 455 444 439 435 462 487 470 430 445 476 473 488 483 475 467 451 454 465 451 441 470 471 480 451 450 465 495 473 482 498 457 468 473 458 446 456 434 445 459 461 459 448 444 468 497 487 492 447 441 451 443 432 442 418 429 412 424 466 478 489 474 466 471 469 452 428 440 468 455 474 502 484 489 486 468 473 460 487 472 466 489 500 464 480 487 477 474 485 451 447 434 408 423 438 431 433 428 448 472 472 472 469 464 468 436 419 453 481 470 469 455 464 469 429 442 458 477 489 473 469 462 455 436 450 476 466 469 471 488 488 461 497 493 477 476 473 491 448 411 448 440 422 479 472 467 465 476 478 466 471 476 460 449 446 435 444 418 435 445 452 460 463 445 456 436 444 452 475 467 458 444 432 463 499 486 493 486 472 455 471 449 429 443 456 447 478 454 455 447 435 435 445 459 466 451 435 437 439 468 452 417 430 424 429 459 470 441 445 430 443 444 481 476 475 457 454 462 484 472 463 451 473 475 481 483 472 467 446 438 433 450 442 477 471 470 451 471 
vem trace:

stid: 419
spdistance: 1018.59
radio trace:
507 494 546 508 489 476 494 532 535 509 513 526 533 454 453 508 525 503 519 541 514 506 469 483 537 512 470 446 446 447 473 467 487 487 489 505 490 525 549 564 526 526 530 479 467 458 459 473 485 508 534 488 466 499 487 491 448 508 501 525 531 552 539 516 509 505 524 492 449 442 478 488 513 529 532 528 523 509 452 512 516 518 500 523 553 503 553 559 522 484 495 509 513 529 487 464 519 496 480 497 486 522 516 498 505 526 531 483 450 421 474 504 476 469 513 512 528 503 473 485 499 482 511 529 499 500 498 513 526 538 531 483 491 470 499 455 467 466 473 470 499 495 478 440 485 556 542 509 520 520 578 575 527 491 501 560 530 536 530 466 482 472 470 493 490 498 524 502 483 474 487 465 471 498 447 476 495 504 498 497 505 483 492 504 467 460 467 497 492 471 465 466 485 511 514 503 494 497 498 487 468 494 524 525 542 531 522 526 488 471 511 518 452 463 492 509 546 543 518 542 533 526 491 490 485 458 469 488 487 494 499 486 501 512 507 527 498 494 516 540 517 507 524 496 478 492 503 519 517 520 506 495 500 524 551 528 477 444 463 469 478 496 470 436 454 525 510 519 501 485 458 459 459 466 482 518 511 506 465 498 539 509 507 502 490 468 495 484 530 525 514 545 546 519 468 503 501 535 516 492 497 507 503 544 545 524 499 468 523 492 487 467 470 465 468 477 486 444 492 520 519 526 498 454 463 510 494 524 520 464 474 497 503 517 520 512 483 495 516 535 493 468 494 509 510 491 480 446 458 451 450 460 459 438 458 483 534 518 524 541 542 516 498 480 470 467 478 482 448 440 462 484 491 436 446 477 520 515 480 486 535 504 516 519 513 519 487 478 459 442 495 503 463 485 473 472 542 515 452 457 499 502 541 499 541 484 477 535 519 534 539 507 532 553 538 549 521 495 486 541 559 569 545 529 555 590 532 563 506 464 455 471 486 461 501 496 515 518 489 458 471 475 483 519 506 498 442 479 493 474 501 465 519 478 473 468 508 538 531 532 497 493 481 490 451 454 503 516 513 513 495 467 434 489 513 502 524 559 506 480 505 521 505 465 470 414 449 447 467 457 476 478 471 486 495 500 533 530 503 498 472 499 517 526 507 516 432 456 455 527 554 526 518 476 504 517 502 519 531 531 527 544 481 490 508 511 490 433 473 512 533 505 520 525 534 531 520 478 513 529 514 495 490 468 481 512 494 501 503 479 495 471 410 442 458 503 483 479 457 510 474 509 544 505 553 475 439 453 478 491 447 410 417 450 497 495 438 415 445 499 531 516 496 506 487 502 506 539 503 506 480 496 503 520 454 480 501 528 522 496 449 484 496 493 515 500 513 521 542 537 492 477 506 513 520 520 524 557 537 520 444 432 473 489 478 530 534 486 469 476 467 488 532 510 482 495 489 491 465 456 492 522 517 516 490 508 472 448 481 460 485 438 493 508 502 486 497 522 499 539 500 538 546 554 515 497 459 506 484 468 496 502 493 521 506 532 519 496 467 509 472 475 471 507 533 523 533 523 485 482 499 515 488 486 490 507 497 512 474 494 477 484 486 471 499 507 458 471 481 525 517 492 508 500 502 525 496 504 531 504 471 457 420 479 487 471 479 503 532 534 493 456 444 450 440 480 503 511 527 513 482 521 481 486 458 489 501 448 430 503 500 497 514 505 489 494 479 454 440 452 511 550 531 500 465 455 486 511 
vem trace:

