SDId: 34902777
energy: 2.55157e+17
zenith: 0.539421
azimuth: 5.12683
GPSSeconc: 1127730686
stid: 333
spdistance: 830.018
radio trace:
435 429 389 404 410 417 433 448 461 459 465 468 470 464 464 455 427 452 459 433 405 390 404 422 465 415 451 447 452 466 472 469 451 407 437 439 424 410 397 413 438 456 452 416 457 443 431 442 436 439 457 443 401 405 428 422 421 423 499 508 456 445 447 455 450 494 482 460 456 451 417 455 456 445 432 445 425 452 458 435 442 411 434 429 434 442 441 435 430 451 428 438 462 449 408 413 417 410 457 492 459 460 403 411 423 440 460 420 400 420 435 440 409 411 424 429 453 465 461 444 406 405 430 420 452 462 434 436 458 468 457 440 451 492 477 473 492 470 411 432 430 396 413 439 458 448 414 410 462 458 471 469 466 479 467 422 457 451 449 423 399 402 435 442 432 427 445 431 432 468 456 450 445 411 419 412 454 426 439 447 425 435 423 436 426 438 427 420 456 450 471 494 421 421 411 404 390 401 412 434 413 400 451 453 433 431 442 479 482 487 474 462 472 469 448 437 437 411 428 424 432 427 414 428 429 421 401 434 422 420 401 428 386 374 370 385 408 409 412 418 451 449 454 424 459 458 489 441 439 415 439 448 424 432 449 435 441 443 451 440 487 470 427 432 445 413 404 405 427 426 427 456 450 446 456 457 459 510 487 470 477 478 460 448 442 463 447 443 463 461 456 463 461 426 414 435 411 431 425 404 401 370 413 453 471 431 391 397 417 442 469 459 426 428 444 422 450 458 465 490 494 476 484 489 450 435 417 438 450 412 434 444 456 453 471 478 441 424 436 398 418 390 381 371 430 460 458 471 448 418 423 446 436 424 451 449 426 443 465 445 444 424 409 454 471 448 450 466 477 464 479 468 463 435 404 391 420 428 420 432 439 422 367 383 415 424 457 452 421 420 395 412 450 480 496 477 438 423 477 465 451 466 444 465 433 446 454 447 448 456 479 501 433 410 427 427 433 430 437 421 426 440 483 499 514 474 444 428 442 438 465 464 451 462 456 434 423 419 426 402 433 439 454 462 449 444 463 457 475 476 482 441 436 462 505 502 459 429 454 492 475 472 437 453 458 450 442 471 439 439 452 462 464 473 478 472 469 470 459 480 484 493 457 457 475 471 438 420 441 448 486 470 464 459 500 507 493 498 505 479 482 482 430 426 436 424 417 423 430 423 432 456 435 428 466 468 453 451 479 456 449 467 466 461 443 402 461 478 442 446 476 443 438 425 408 397 416 415 412 428 427 451 434 447 444 422 394 399 401 428 445 424 430 445 418 415 444 446 498 484 451 457 410 404 346 428 442 439 412 408 372 406 441 456 421 436 465 432 448 437 383 401 433 414 438 456 475 480 457 446 461 457 431 440 465 447 427 415 459 433 429 399 437 444 477 485 459 454 411 405 399 430 435 429 420 423 450 415 423 459 444 447 407 432 400 403 408 429 436 444 418 427 427 433 454 448 433 471 482 462 467 421 420 404 400 434 447 426 433 448 458 452 434 421 460 460 469 465 473 468 471 492 478 434 462 494 442 465 462 459 443 401 431 448 438 447 427 417 378 396 447 468 445 445 441 425 428 421 404 432 450 462 452 418 421 419 408 415 424 449 468 449 456 460 432 423 399 411 428 414 425 425 466 456 405 448 433 453 462 424 407 451 435 489 484 410 416 433 436 471 461 442 404 449 448 435 437 469 458 439 393 410 433 420 461 403 414 460 488 509 462 459 475 441 428 437 438 437 440 445 423 453 429 427 423 442 413 376 
vem trace:

stid: 332
spdistance: 839.714
radio trace:
524 539 524 520 525 492 493 487 493 539 512 508 522 510 480 488 532 515 517 511 502 515 536 521 533 514 503 486 525 541 587 574 542 503 482 507 551 568 577 545 536 541 541 541 511 474 490 522 518 523 503 542 556 554 529 522 512 533 534 514 506 509 536 547 526 547 553 542 543 537 567 577 567 555 544 545 535 509 500 538 525 528 546 550 564 593 563 525 509 494 480 488 506 519 498 494 482 497 530 531 523 524 503 515 560 617 606 551 570 555 556 527 563 544 540 524 546 540 531 550 534 530 534 505 496 531 548 533 527 516 499 545 533 551 533 534 544 524 513 526 554 555 551 515 555 548 519 503 527 536 551 531 516 519 540 546 562 557 495 506 532 540 531 554 493 510 558 551 524 524 536 535 551 542 516 517 536 489 514 530 544 551 571 549 537 538 576 570 550 542 553 564 531 517 554 553 561 557 543 549 534 554 561 545 545 540 529 524 502 513 530 514 518 545 550 522 529 570 557 539 548 522 520 537 541 571 557 543 534 509 495 526 546 543 559 559 539 516 523 554 545 501 488 530 538 536 548 521 549 545 529 545 542 526 548 554 542 560 532 512 490 504 521 507 504 537 543 549 571 563 540 575 553 550 550 564 588 569 561 540 532 538 525 500 511 502 501 543 553 523 537 534 501 507 468 476 522 488 536 575 539 525 540 554 536 500 511 497 522 506 513 522 498 505 534 516 508 542 520 544 569 569 549 535 523 499 509 491 499 532 563 576 530 548 541 524 528 553 554 548 518 534 543 551 533 513 497 492 493 494 552 543 528 527 505 545 547 508 543 551 533 510 509 523 507 512 549 512 521 516 518 533 555 553 533 564 534 530 546 561 535 584 581 530 551 547 545 574 502 506 546 546 527 507 545 514 502 471 492 510 528 488 511 553 537 534 511 529 519 515 507 498 518 544 551 558 551 551 529 552 585 589 572 519 494 507 510 521 516 500 524 513 512 500 526 502 503 552 581 548 576 563 548 503 476 479 499 528 545 553 535 543 541 546 576 551 596 546 534 539 545 548 601 570 526 540 554 552 555 504 515 511 539 527 554 533 571 557 536 538 552 529 530 561 537 522 526 538 559 529 492 495 508 505 490 495 516 515 559 579 543 542 552 511 492 496 529 549 560 528 527 537 540 555 553 567 560 541 478 498 554 570 544 540 531 552 545 540 544 513 515 538 543 543 534 562 537 527 497 485 539 523 555 562 544 580 551 528 533 517 528 534 539 507 512 505 494 511 554 548 535 540 555 545 505 464 546 545 554 573 534 517 536 525 513 535 543 549 547 561 553 555 510 505 525 523 575 575 558 568 559 574 563 545 562 550 553 555 559 560 509 511 489 519 536 532 554 541 528 545 511 491 519 521 543 553 508 529 550 523 487 502 511 528 552 534 533 542 495 481 520 500 516 485 512 552 554 544 545 525 553 557 554 592 563 582 545 530 533 499 517 542 542 514 524 547 554 554 556 562 547 525 524 510 544 546 539 529 545 569 569 557 558 572 536 535 506 495 505 514 568 561 532 544 521 522 527 497 504 532 519 523 551 520 543 534 579 553 542 583 575 545 535 537 510 474 488 497 517 526 527 516 540 531 520 530 517 489 469 486 530 575 566 599 566 534 540 562 537 529 527 516 521 523 512 534 553 542 531 525 537 567 557 585 557 544 498 500 507 528 544 522 522 518 539 521 510 513 539 552 531 536 530 562 560 542 548 527 
vem trace:

