SDId: 34697160
energy: 7.30686e+17
zenith: 0.524925
azimuth: 3.2529
GPSSeconc: 1126484241
stid: 332
spdistance: 347.186
radio trace:
560 539 544 560 538 508 481 503 530 537 534 570 553 533 532 527 507 510 497 484 521 525 481 495 519 540 543 504 521 552 560 551 501 503 525 555 534 515 514 508 523 531 520 538 551 549 550 560 554 554 517 528 529 535 545 542 542 533 519 558 551 564 517 499 516 528 495 490 529 509 529 526 526 521 526 520 499 541 548 513 506 494 498 535 537 556 545 538 528 540 557 531 532 505 521 522 559 550 569 560 532 522 530 515 525 551 597 546 519 539 527 515 516 554 567 582 564 572 526 504 508 563 539 535 544 533 531 528 520 511 523 511 513 546 535 532 529 534 514 484 509 537 504 534 527 527 497 545 516 516 549 538 534 532 507 523 519 505 533 552 544 528 495 506 510 500 531 549 517 536 534 522 510 509 502 493 507 522 505 470 481 500 517 523 540 542 537 503 546 547 547 515 493 513 509 509 538 541 516 515 513 527 517 529 504 511 501 487 565 550 539 511 510 510 497 481 493 473 492 524 530 535 539 513 532 543 580 554 522 531 516 498 504 488 470 522 558 531 531 543 548 577 564 566 547 525 478 505 546 548 527 531 555 506 477 485 481 489 504 518 512 492 509 541 560 531 543 544 528 537 510 530 526 542 534 541 541 572 531 514 515 468 491 518 511 497 518 522 544 549 534 518 510 516 510 531 549 543 542 548 538 524 540 528 534 529 530 544 532 495 504 509 535 519 492 498 465 496 499 491 515 535 520 497 498 522 559 547 557 528 523 586 593 583 550 533 552 548 558 583 511 498 490 497 530 507 526 515 546 554 560 550 538 508 512 538 506 525 560 560 529 533 521 529 540 507 534 558 566 544 565 558 545 532 557 549 550 528 484 517 492 538 527 534 519 541 562 548 547 534 524 516 504 510 527 511 519 505 500 472 495 552 560 539 534 543 526 492 522 517 501 508 560 559 518 519 496 511 526 541 532 511 546 525 516 537 503 491 517 554 555 540 526 525 540 581 577 558 558 519 505 486 485 515 533 513 547 544 533 538 538 534 550 550 556 553 521 512 547 539 525 509 509 546 545 535 525 549 497 526 570 543 570 541 533 533 531 549 563 546 522 476 479 513 474 485 502 496 501 513 509 497 492 504 535 522 521 515 520 514 521 519 534 529 539 519 553 509 497 495 531 537 546 543 521 552 519 496 498 500 509 519 520 511 532 532 529 538 571 573 537 518 530 544 549 570 543 540 505 540 545 524 537 550 524 534 552 530 556 592 557 550 528 521 511 491 533 543 522 537 538 549 552 547 532 542 536 536 515 522 520 527 528 535 538 564 564 528 544 531 524 524 505 517 532 532 533 548 537 535 527 503 519 521 524 512 533 556 541 506 485 506 531 550 529 530 550 534 521 508 501 517 512 526 511 540 528 528 536 519 540 526 530 505 504 487 508 549 529 555 536 512 506 505 499 513 527 533 510 519 524 501 477 506 444 522 522 528 542 521 534 536 544 527 505 522 529 539 521 540 529 535 524 523 513 523 492 497 559 531 559 554 532 520 483 483 499 545 538 544 526 510 519 516 547 560 554 559 557 546 558 534 484 490 523 537 543 530 523 521 536 540 520 519 539 545 568 550 561 546 542 567 585 563 526 521 543 535 548 523 518 518 524 521 517 526 538 551 545 516 476 470 514 540 523 559 556 555 555 569 561 528 533 562 534 538 523 530 532 515 510 446 467 491 527 512 508 524 524 516 527 499 484 530 517 515 527 512 
vem trace:

stid: 333
spdistance: 1274.48
radio trace:
474 406 418 424 404 430 474 469 457 454 441 404 397 405 380 380 412 444 418 414 419 429 444 400 393 406 411 415 421 414 442 446 410 401 394 411 454 438 429 458 478 450 405 392 419 436 434 451 421 450 435 429 423 420 410 390 420 403 390 390 443 447 421 387 393 416 414 462 474 448 435 460 455 447 435 425 446 447 442 435 431 418 438 416 403 408 414 405 419 432 432 405 440 477 424 392 426 392 380 364 385 367 401 365 407 403 406 408 431 410 422 433 438 441 389 404 412 411 442 439 417 427 410 418 402 404 382 398 412 408 415 386 409 429 411 424 442 427 430 426 417 417 445 455 443 444 419 437 443 380 401 410 434 409 413 423 428 434 481 452 432 422 412 422 419 411 436 390 406 425 402 426 447 432 426 385 395 415 414 416 461 444 435 398 417 422 415 399 378 381 424 455 451 442 420 392 413 436 431 402 437 416 436 464 459 453 454 421 427 447 430 401 445 458 455 459 459 455 419 415 432 422 408 411 400 400 414 402 416 413 448 449 432 422 442 417 424 419 441 417 406 437 448 454 421 446 443 417 411 454 460 472 435 410 416 392 420 398 424 415 402 431 390 416 389 391 398 436 473 475 403 401 432 461 489 491 472 423 431 420 397 404 420 424 406 398 366 385 450 464 439 461 465 470 492 467 472 449 439 452 428 405 398 423 426 414 433 415 437 422 383 350 390 413 431 450 429 428 419 414 453 461 423 421 403 419 414 438 426 406 392 392 392 418 404 393 394 398 412 417 402 410 429 430 407 425 399 382 392 422 439 428 400 434 458 448 446 414 416 403 390 373 373 416 428 443 443 414 397 413 417 414 423 442 451 435 413 422 397 432 449 459 411 427 423 414 432 411 429 470 482 465 458 429 402 378 390 388 412 423 443 463 458 449 409 395 422 428 423 418 459 479 442 431 438 420 440 425 371 400 431 415 384 403 452 443 434 427 417 416 429 428 453 459 448 432 400 402 424 431 415 441 461 443 424 446 443 463 462 430 435 429 425 427 404 392 399 377 404 390 415 437 430 414 407 437 464 457 437 412 423 449 433 438 454 456 457 448 435 452 435 410 407 381 390 408 404 417 447 473 424 424 431 420 420 409 364 375 409 409 399 421 393 392 421 416 432 432 413 426 416 438 452 439 430 433 451 473 442 437 461 456 435 423 409 424 411 408 387 421 432 410 438 457 448 417 440 448 452 428 433 431 443 429 402 393 376 381 364 387 389 355 378 409 428 442 466 432 417 439 437 453 439 420 419 470 461 436 405 398 393 436 450 412 407 411 428 427 422 433 428 447 421 414 450 445 436 444 455 432 437 427 416 408 427 440 420 433 432 418 436 435 429 420 449 405 370 393 382 424 440 447 430 451 424 428 416 401 396 399 414 440 407 402 434 424 455 421 375 383 394 386 368 422 431 431 439 445 441 457 388 361 378 404 423 436 409 441 452 466 432 440 425 427 437 468 455 405 393 421 441 429 403 404 400 391 389 433 432 432 413 390 403 411 431 438 438 432 438 423 416 418 412 415 453 422 443 416 403 442 451 442 427 466 421 458 420 461 445 415 418 421 410 431 415 396 422 451 432 431 428 424 416 414 411 431 427 400 421 423 462 456 425 418 413 439 453 441 446 447 448 468 459 424 368 372 380 418 460 440 432 455 441 414 395 440 436 449 469 459 412 458 442 422 438 452 413 449 449 407 390 382 420 414 424 407 400 417 
vem trace:

