SDId: 34795239
energy: 1.22666e+18
zenith: 0.428555
azimuth: 2.95862
GPSSeconc: 1127052427
stid: 342
spdistance: 402.574
radio trace:
432 445 436 440 415 452 474 487 483 493 513 511 462 430 448 439 435 452 443 455 476 448 448 450 447 442 455 432 428 452 455 439 441 440 451 449 454 447 446 428 397 439 452 443 462 445 448 442 401 442 457 459 433 419 422 424 437 431 402 416 447 400 403 444 441 453 449 444 446 431 426 439 394 417 453 454 472 459 467 470 463 444 461 491 476 462 454 444 463 455 446 455 461 475 502 478 448 445 449 461 457 448 418 406 429 463 459 440 435 425 411 407 402 419 437 476 484 448 436 433 447 454 466 476 463 442 469 438 447 438 442 458 469 499 465 481 461 453 455 469 484 464 417 421 458 456 449 431 450 448 414 416 421 441 473 462 502 509 465 431 455 462 442 459 466 472 466 474 472 479 453 467 437 432 433 458 426 420 422 430 457 461 444 452 438 423 429 456 467 471 469 452 434 478 490 461 435 451 451 457 444 432 437 435 427 457 458 463 459 460 452 452 456 442 422 442 464 435 448 473 480 499 458 447 435 444 434 459 434 434 429 432 461 460 457 432 419 415 443 457 452 469 465 432 424 450 446 449 418 412 440 423 429 430 427 441 451 449 468 519 474 455 461 483 447 433 473 463 456 418 436 426 438 445 433 430 436 455 439 468 427 420 438 427 452 445 463 467 469 456 485 490 482 484 475 458 434 409 445 481 515 460 474 470 468 464 467 457 425 431 453 469 424 438 463 462 449 443 410 430 443 430 412 449 450 459 445 462 493 428 423 449 434 433 401 435 472 506 471 456 432 425 448 473 457 439 458 479 486 487 483 480 463 455 465 469 467 462 443 440 452 443 407 439 484 461 469 448 452 446 480 465 450 456 458 483 461 442 415 434 424 445 453 419 408 439 425 432 447 462 454 448 468 472 466 477 471 436 448 458 457 464 436 475 495 476 449 478 460 466 470 466 466 466 487 491 487 484 485 439 431 417 421 459 463 454 460 443 429 394 393 447 478 479 468 461 437 415 412 426 453 474 452 439 446 418 399 407 417 443 450 441 420 407 393 426 426 423 405 409 435 498 466 430 450 451 438 422 440 461 435 459 459 463 471 472 435 415 407 469 491 467 473 466 418 450 431 418 445 439 428 469 428 400 449 467 447 444 445 420 420 445 463 464 492 476 444 453 485 493 497 509 463 444 472 479 454 484 472 471 441 396 409 448 449 461 462 455 478 470 491 494 471 463 460 475 439 422 425 422 413 407 453 483 441 439 419 420 445 440 438 456 467 471 471 441 423 430 423 459 456 446 444 472 459 471 480 483 449 442 421 436 451 441 434 422 445 445 456 477 487 473 466 458 447 459 461 442 466 477 447 434 427 433 433 434 456 482 467 437 434 454 454 440 460 465 491 479 454 437 448 444 433 445 411 384 407 440 443 418 463 475 489 458 426 428 404 448 457 421 435 459 454 438 450 476 453 463 442 417 417 427 450 465 467 453 444 445 459 422 405 400 446 461 490 480 472 470 494 510 491 460 446 466 437 446 437 450 445 419 430 410 427 442 468 447 453 419 439 446 445 439 444 449 442 436 427 448 450 475 471 457 454 450 426 458 472 463 455 459 480 455 484 449 450 448 422 428 433 418 409 432 470 471 466 468 457 442 453 456 449 450 422 429 451 447 468 421 438 412 426 473 462 458 449 456 450 451 472 457 489 493 512 481 476 469 469 449 442 442 438 452 442 429 452 471 472 460 452 461 458 447 456 454 455 467 443 477 
vem trace:

stid: 343
spdistance: 1113.04
radio trace:
463 461 464 465 491 498 469 461 495 500 459 457 478 485 462 446 473 481 464 480 473 469 490 449 430 446 475 459 467 491 498 486 505 505 514 477 488 484 481 457 464 477 481 458 462 456 472 455 455 460 464 475 492 479 491 492 468 458 483 429 446 458 460 461 437 435 459 478 503 483 477 450 437 474 500 500 482 458 469 479 474 472 478 469 472 470 495 496 507 493 475 473 473 494 488 494 471 460 453 462 443 447 434 463 473 459 452 477 472 471 472 467 463 460 479 478 467 451 489 487 486 483 473 478 495 471 425 433 403 446 439 438 445 459 468 479 500 479 478 442 465 485 473 495 500 507 467 472 479 495 494 460 477 487 487 480 455 451 486 494 499 505 499 448 458 465 487 465 474 461 452 466 465 473 484 473 462 463 451 474 475 445 430 469 498 509 463 447 443 492 495 446 468 443 431 478 490 466 477 475 485 463 437 475 488 461 456 437 472 475 461 468 462 464 474 475 464 468 458 467 490 499 494 481 446 490 487 504 477 468 464 483 482 474 454 471 472 458 451 431 449 464 485 458 459 494 487 459 470 512 482 481 506 472 441 439 452 425 402 442 469 460 465 463 466 475 490 493 476 467 485 486 471 467 493 471 486 476 457 452 476 502 494 472 484 475 445 459 453 460 453 466 457 450 466 450 451 453 462 461 470 473 478 470 432 458 460 478 486 462 437 457 465 449 426 446 448 445 458 456 462 452 466 475 474 466 432 436 461 468 485 489 486 506 476 447 431 447 473 510 470 467 463 487 498 498 481 497 498 472 462 446 479 498 489 433 449 449 426 437 477 452 448 441 458 454 459 478 442 463 467 455 475 480 492 477 475 474 483 455 443 428 437 467 456 460 456 434 439 454 446 443 442 453 472 481 494 495 466 475 470 433 448 483 450 464 465 449 472 458 466 479 469 449 477 479 482 462 471 468 472 493 498 487 453 465 491 482 469 439 472 498 484 451 467 470 466 459 444 438 445 454 457 444 455 465 467 473 451 479 504 475 481 487 493 500 486 469 460 425 428 420 448 468 472 452 451 446 439 470 499 445 462 463 471 468 433 441 482 467 449 469 470 481 474 460 467 482 478 479 460 459 474 455 449 437 471 446 464 454 472 462 452 452 457 460 464 464 474 462 446 489 461 449 460 457 442 460 465 474 467 477 492 498 477 479 486 494 471 485 492 489 468 467 468 463 476 447 463 482 476 464 474 477 485 493 468 461 444 432 408 418 463 476 470 454 433 453 469 482 478 464 463 476 506 513 514 505 494 467 474 506 500 489 495 493 461 474 465 476 490 485 485 456 464 477 465 477 500 509 479 449 436 468 491 487 490 485 467 486 495 506 499 494 458 448 452 447 466 491 479 492 484 473 476 478 475 471 477 498 471 474 458 448 419 445 439 421 421 449 454 456 466 475 472 483 498 495 453 454 451 467 459 452 460 446 480 458 469 477 474 441 463 487 463 473 457 446 450 449 460 444 456 444 465 475 468 453 451 433 452 494 489 463 460 458 459 462 435 477 441 472 473 466 433 444 467 466 445 441 440 460 454 424 448 489 472 446 446 473 493 498 475 436 453 472 476 471 487 484 474 451 452 440 423 457 457 463 471 468 458 467 468 485 463 470 495 481 462 468 452 436 430 428 441 477 478 463 458 479 454 486 484 472 449 415 455 477 503 466 446 463 446 425 468 477 460 482 483 488 491 495 481 454 470 458 472 466 
vem trace:

stid: 419
spdistance: 1141.78
radio trace:
478 497 481 488 520 521 537 489 409 428 407 416 469 492 492 497 491 463 447 514 527 517 493 521 482 489 482 444 455 467 444 502 482 476 450 483 504 463 432 438 450 427 416 441 482 478 511 475 467 499 521 540 534 485 471 498 478 462 456 475 536 499 479 499 504 464 515 534 506 500 515 508 492 460 478 448 477 488 537 514 530 554 552 539 505 501 475 483 451 484 441 451 457 511 516 521 501 518 538 505 473 495 483 453 434 420 411 433 458 499 441 471 493 533 489 495 499 482 478 508 526 502 527 507 488 513 502 553 552 521 488 460 505 495 474 453 445 481 478 463 466 497 518 514 432 465 455 444 469 509 500 449 480 504 499 486 468 487 477 474 440 468 532 571 512 480 453 498 521 508 475 478 450 469 465 474 451 469 493 518 553 548 498 472 446 465 448 446 439 471 455 457 462 439 472 524 515 501 501 509 492 505 466 466 505 547 541 503 499 507 508 454 449 429 444 451 484 487 492 466 492 457 465 491 462 466 465 452 511 494 467 447 423 420 483 494 497 497 520 529 533 530 523 513 477 435 503 478 454 481 475 486 501 532 502 512 492 487 511 499 476 446 466 459 469 489 495 504 519 502 445 478 486 493 489 470 500 497 509 453 478 501 467 478 501 494 445 490 505 525 480 460 508 511 504 456 438 418 459 443 452 502 485 484 452 421 446 434 465 498 488 466 472 480 477 480 489 471 464 460 473 454 472 470 483 511 513 499 510 483 474 461 498 486 472 510 507 488 518 476 451 451 500 489 447 438 415 429 419 451 494 513 496 483 497 462 474 494 534 543 486 500 460 463 448 466 485 458 462 433 418 462 487 469 464 497 533 545 539 510 493 491 499 471 482 441 526 507 499 496 509 525 488 503 460 476 506 516 490 531 532 471 518 524 479 485 477 494 510 529 493 483 497 500 439 407 449 440 452 467 466 444 398 452 489 543 532 539 515 487 476 467 498 438 486 497 465 501 494 484 496 516 523 527 497 473 531 494 531 517 491 477 510 488 484 500 491 494 483 459 487 524 550 539 550 515 480 467 476 521 468 470 455 460 491 478 500 500 466 466 486 494 500 506 507 514 518 537 515 507 495 453 453 498 505 492 469 455 497 466 454 456 505 476 486 492 415 380 427 426 473 463 473 484 501 506 478 490 464 467 493 537 549 532 535 522 462 466 497 486 501 507 516 514 502 502 507 525 508 499 459 453 460 437 474 471 513 509 489 478 460 462 474 482 493 507 514 502 497 512 494 468 435 453 517 467 477 454 482 480 452 434 458 441 461 489 501 482 503 482 476 494 491 455 504 494 479 465 474 435 445 462 492 532 477 485 497 498 489 460 480 498 479 452 492 512 520 484 515 573 542 537 514 531 528 486 529 497 506 534 492 509 498 434 450 472 446 474 494 497 473 473 513 543 506 482 434 467 459 456 466 455 423 451 471 470 493 496 466 439 449 476 477 432 452 453 418 472 479 484 443 433 470 485 494 514 536 505 458 474 430 428 407 428 434 445 454 497 527 521 492 477 464 491 524 508 475 499 539 525 501 528 506 506 466 469 487 469 450 454 424 479 509 502 476 537 525 470 432 477 501 486 462 441 445 447 431 426 462 500 498 516 460 471 449 452 490 510 487 493 515 540 525 495 500 507 511 510 528 520 509 506 498 475 458 490 451 485 468 469 448 497 513 477 444 449 488 461 503 505 460 483 478 476 508 497 524 534 
vem trace:

stid: 341
spdistance: 1443.71
radio trace:
494 507 469 471 483 497 504 521 561 554 512 545 516 496 522 523 537 534 548 539 531 580 551 524 543 534 534 577 546 553 557 538 541 537 524 505 509 538 513 494 511 548 552 526 526 502 468 506 539 526 520 533 542 541 551 554 534 566 551 541 535 530 488 486 501 514 539 489 503 541 537 497 499 531 522 519 515 515 489 518 520 513 562 527 562 518 571 521 504 469 452 484 474 471 511 515 519 524 518 532 548 520 526 516 501 497 542 552 546 523 473 528 577 588 576 575 548 552 546 521 496 536 527 516 506 518 544 532 569 566 547 526 566 587 579 582 580 533 509 492 518 490 473 508 553 510 520 499 479 518 556 529 506 525 581 521 499 502 519 542 550 528 540 529 539 570 523 507 520 525 537 530 496 527 506 500 509 520 534 548 513 484 485 500 537 555 548 554 564 552 550 524 520 532 536 538 516 525 535 547 532 510 490 495 507 528 518 498 508 534 500 509 509 485 481 501 536 525 527 529 517 491 493 486 487 495 515 540 524 544 561 551 543 509 493 513 514 482 527 561 543 545 518 541 568 556 499 515 528 527 506 496 459 487 530 519 506 515 515 536 513 524 524 528 533 543 529 513 495 494 519 533 513 507 508 533 502 500 494 458 471 552 538 531 513 513 535 546 507 477 491 533 514 494 489 514 520 507 533 559 562 582 568 530 511 523 518 500 537 581 562 534 490 491 523 510 485 526 526 532 532 537 544 506 509 516 532 538 519 504 484 528 525 501 506 521 527 518 503 482 497 500 521 511 533 534 531 496 467 419 439 464 522 557 550 518 527 525 511 495 517 546 525 497 513 531 534 537 554 534 523 522 540 569 578 547 520 538 581 537 544 538 518 462 482 471 492 477 497 500 513 536 504 505 525 496 500 496 505 469 494 509 537 514 491 461 481 516 514 547 551 538 546 552 540 514 502 518 508 515 525 495 555 526 519 521 514 555 539 533 534 511 498 510 548 543 526 513 521 489 566 559 551 549 502 507 526 539 510 488 510 494 499 509 518 531 495 505 530 505 515 553 569 560 487 508 533 565 539 494 482 508 493 507 510 506 514 512 521 504 484 472 480 487 483 477 520 514 552 549 521 503 538 553 557 568 536 495 554 546 550 519 526 540 535 547 549 560 544 530 546 533 510 535 528 486 516 519 507 495 482 492 509 510 504 514 549 517 505 496 493 506 527 524 510 508 508 470 480 493 505 509 516 493 472 514 525 504 509 528 511 501 513 537 535 533 520 522 541 548 524 543 526 499 462 475 510 526 489 505 535 535 532 543 516 517 512 522 518 497 492 488 504 528 538 491 507 531 502 483 538 574 559 492 475 526 524 545 573 532 481 539 559 503 535 542 569 536 532 556 543 541 534 538 545 538 505 501 538 547 525 494 469 535 557 551 494 514 509 504 468 505 482 501 491 506 539 559 526 547 543 517 473 497 478 484 494 525 578 587 524 494 491 532 507 572 576 533 497 500 519 503 495 502 489 518 517 489 491 516 535 512 496 511 499 520 508 501 500 513 510 516 507 472 446 486 516 530 523 513 467 506 501 509 492 488 479 512 523 512 492 513 547 518 480 482 500 497 476 491 507 494 501 514 547 541 540 519 523 543 521 485 530 528 523 495 480 510 507 539 557 534 503 534 527 565 564 548 516 511 504 504 522 522 500 505 511 527 535 551 501 522 498 447 453 541 571 583 593 600 545 503 483 482 476 513 517 506 
vem trace:

stid: 341
spdistance: 1443.71
radio trace:
494 507 469 471 483 497 504 521 561 554 512 545 516 496 522 523 537 534 548 539 531 580 551 524 543 534 534 577 546 553 557 538 541 537 524 505 509 538 513 494 511 548 552 526 526 502 468 506 539 526 520 533 542 541 551 554 534 566 551 541 535 530 488 486 501 514 539 489 503 541 537 497 499 531 522 519 515 515 489 518 520 513 562 527 562 518 571 521 504 469 452 484 474 471 511 515 519 524 518 532 548 520 526 516 501 497 542 552 546 523 473 528 577 588 576 575 548 552 546 521 496 536 527 516 506 518 544 532 569 566 547 526 566 587 579 582 580 533 509 492 518 490 473 508 553 510 520 499 479 518 556 529 506 525 581 521 499 502 519 542 550 528 540 529 539 570 523 507 520 525 537 530 496 527 506 500 509 520 534 548 513 484 485 500 537 555 548 554 564 552 550 524 520 532 536 538 516 525 535 547 532 510 490 495 507 528 518 498 508 534 500 509 509 485 481 501 536 525 527 529 517 491 493 486 487 495 515 540 524 544 561 551 543 509 493 513 514 482 527 561 543 545 518 541 568 556 499 515 528 527 506 496 459 487 530 519 506 515 515 536 513 524 524 528 533 543 529 513 495 494 519 533 513 507 508 533 502 500 494 458 471 552 538 531 513 513 535 546 507 477 491 533 514 494 489 514 520 507 533 559 562 582 568 530 511 523 518 500 537 581 562 534 490 491 523 510 485 526 526 532 532 537 544 506 509 516 532 538 519 504 484 528 525 501 506 521 527 518 503 482 497 500 521 511 533 534 531 496 467 419 439 464 522 557 550 518 527 525 511 495 517 546 525 497 513 531 534 537 554 534 523 522 540 569 578 547 520 538 581 537 544 538 518 462 482 471 492 477 497 500 513 536 504 505 525 496 500 496 505 469 494 509 537 514 491 461 481 516 514 547 551 538 546 552 540 514 502 518 508 515 525 495 555 526 519 521 514 555 539 533 534 511 498 510 548 543 526 513 521 489 566 559 551 549 502 507 526 539 510 488 510 494 499 509 518 531 495 505 530 505 515 553 569 560 487 508 533 565 539 494 482 508 493 507 510 506 514 512 521 504 484 472 480 487 483 477 520 514 552 549 521 503 538 553 557 568 536 495 554 546 550 519 526 540 535 547 549 560 544 530 546 533 510 535 528 486 516 519 507 495 482 492 509 510 504 514 549 517 505 496 493 506 527 524 510 508 508 470 480 493 505 509 516 493 472 514 525 504 509 528 511 501 513 537 535 533 520 522 541 548 524 543 526 499 462 475 510 526 489 505 535 535 532 543 516 517 512 522 518 497 492 488 504 528 538 491 507 531 502 483 538 574 559 492 475 526 524 545 573 532 481 539 559 503 535 542 569 536 532 556 543 541 534 538 545 538 505 501 538 547 525 494 469 535 557 551 494 514 509 504 468 505 482 501 491 506 539 559 526 547 543 517 473 497 478 484 494 525 578 587 524 494 491 532 507 572 576 533 497 500 519 503 495 502 489 518 517 489 491 516 535 512 496 511 499 520 508 501 500 513 510 516 507 472 446 486 516 530 523 513 467 506 501 509 492 488 479 512 523 512 492 513 547 518 480 482 500 497 476 491 507 494 501 514 547 541 540 519 523 543 521 485 530 528 523 495 480 510 507 539 557 534 503 534 527 565 564 548 516 511 504 504 522 522 500 505 511 527 535 551 501 522 498 447 453 541 571 583 593 600 545 503 483 482 476 513 517 506 
vem trace:

