SDId: 34556581
energy: 1.8149e+17
zenith: 0.479472
azimuth: 3.3526
GPSSeconc: 1125596973
stid: 341
spdistance: 576.508
radio trace:
559 535 508 559 559 550 550 551 572 576 565 591 566 590 574 590 596 598 528 535 542 554 546 561 557 587 561 549 534 575 595 588 584 626 607 570 590 575 590 574 527 526 496 510 523 481 550 539 564 567 537 516 520 557 594 584 589 576 538 528 594 647 603 592 570 578 552 546 534 543 548 530 577 569 576 631 613 560 541 511 535 566 598 567 544 517 534 514 516 538 528 533 529 507 528 519 563 601 576 565 557 545 543 544 559 559 584 501 496 521 567 530 524 531 541 516 520 547 589 536 531 516 512 520 490 519 518 502 494 469 496 515 479 492 531 521 525 535 564 593 565 556 539 512 527 509 516 540 533 552 547 543 549 549 558 549 545 551 562 563 619 617 589 548 525 530 568 553 594 565 595 591 564 545 564 563 555 534 528 539 526 540 548 533 533 538 594 583 614 599 608 628 583 530 546 541 564 534 529 542 514 538 585 595 601 560 588 555 544 556 529 530 547 561 559 535 568 533 515 541 545 510 488 480 515 538 557 567 563 515 527 527 561 554 552 564 545 583 580 584 574 569 581 621 605 578 551 546 564 563 577 552 587 573 548 565 571 571 554 532 512 544 548 555 550 594 581 584 560 566 560 547 587 616 591 585 581 547 550 552 557 516 513 574 551 504 493 493 515 529 555 601 563 584 573 562 556 572 562 580 622 635 595 567 522 571 612 549 528 526 546 527 536 518 573 540 498 485 531 547 551 582 559 546 595 570 513 487 519 534 578 554 533 559 540 529 521 511 550 521 553 529 548 556 574 571 543 549 526 520 550 537 538 558 553 536 542 545 496 484 515 541 578 555 568 550 544 550 548 545 572 575 591 586 575 561 516 539 535 535 526 541 540 525 518 575 576 586 563 561 539 528 536 507 501 517 532 519 536 547 558 576 567 553 527 504 534 520 533 584 594 573 549 515 525 514 542 527 574 571 563 550 539 532 542 547 537 516 539 528 573 570 566 583 584 570 541 544 590 616 599 545 536 549 557 552 564 565 567 551 505 504 539 537 529 542 578 583 608 610 567 537 541 548 552 582 532 527 509 516 531 539 540 588 571 594 538 523 517 599 631 596 538 579 606 581 603 627 610 590 582 576 570 558 585 544 536 525 518 508 528 555 552 547 564 544 531 552 584 559 544 555 575 587 595 584 590 607 589 551 572 542 561 559 526 550 526 516 548 537 546 579 566 588 591 584 549 523 494 509 509 483 488 565 541 550 557 533 518 539 537 503 533 554 558 556 541 549 565 530 544 531 534 513 538 551 532 536 508 532 564 543 554 539 556 583 574 545 547 582 615 640 585 550 536 550 544 513 552 550 539 525 535 567 526 552 570 583 581 562 564 581 550 565 591 593 591 583 554 531 519 508 543 563 544 532 519 515 510 533 541 557 570 556 554 553 568 577 585 575 603 599 613 622 618 602 581 573 555 549 552 498 484 516 537 524 494 524 540 524 557 512 526 566 573 602 574 538 541 548 524 546 605 605 610 598 582 571 561 553 528 551 517 482 511 548 558 539 475 438 511 530 540 477 540 587 550 542 582 556 503 539 540 520 558 543 530 547 588 603 623 580 610 589 516 514 529 493 534 555 535 531 534 519 522 544 544 556 546 560 564 554 568 544 576 608 618 591 570 572 570 605 598 590 549 540 548 578 586 577 547 541 552 577 539 552 579 605 603 558 549 571 590 557 565 557 611 606 603 595 566 584 579 585 561 546 588 550 
vem trace:

stid: 341
spdistance: 576.508
radio trace:
559 535 508 559 559 550 550 551 572 576 565 591 566 590 574 590 596 598 528 535 542 554 546 561 557 587 561 549 534 575 595 588 584 626 607 570 590 575 590 574 527 526 496 510 523 481 550 539 564 567 537 516 520 557 594 584 589 576 538 528 594 647 603 592 570 578 552 546 534 543 548 530 577 569 576 631 613 560 541 511 535 566 598 567 544 517 534 514 516 538 528 533 529 507 528 519 563 601 576 565 557 545 543 544 559 559 584 501 496 521 567 530 524 531 541 516 520 547 589 536 531 516 512 520 490 519 518 502 494 469 496 515 479 492 531 521 525 535 564 593 565 556 539 512 527 509 516 540 533 552 547 543 549 549 558 549 545 551 562 563 619 617 589 548 525 530 568 553 594 565 595 591 564 545 564 563 555 534 528 539 526 540 548 533 533 538 594 583 614 599 608 628 583 530 546 541 564 534 529 542 514 538 585 595 601 560 588 555 544 556 529 530 547 561 559 535 568 533 515 541 545 510 488 480 515 538 557 567 563 515 527 527 561 554 552 564 545 583 580 584 574 569 581 621 605 578 551 546 564 563 577 552 587 573 548 565 571 571 554 532 512 544 548 555 550 594 581 584 560 566 560 547 587 616 591 585 581 547 550 552 557 516 513 574 551 504 493 493 515 529 555 601 563 584 573 562 556 572 562 580 622 635 595 567 522 571 612 549 528 526 546 527 536 518 573 540 498 485 531 547 551 582 559 546 595 570 513 487 519 534 578 554 533 559 540 529 521 511 550 521 553 529 548 556 574 571 543 549 526 520 550 537 538 558 553 536 542 545 496 484 515 541 578 555 568 550 544 550 548 545 572 575 591 586 575 561 516 539 535 535 526 541 540 525 518 575 576 586 563 561 539 528 536 507 501 517 532 519 536 547 558 576 567 553 527 504 534 520 533 584 594 573 549 515 525 514 542 527 574 571 563 550 539 532 542 547 537 516 539 528 573 570 566 583 584 570 541 544 590 616 599 545 536 549 557 552 564 565 567 551 505 504 539 537 529 542 578 583 608 610 567 537 541 548 552 582 532 527 509 516 531 539 540 588 571 594 538 523 517 599 631 596 538 579 606 581 603 627 610 590 582 576 570 558 585 544 536 525 518 508 528 555 552 547 564 544 531 552 584 559 544 555 575 587 595 584 590 607 589 551 572 542 561 559 526 550 526 516 548 537 546 579 566 588 591 584 549 523 494 509 509 483 488 565 541 550 557 533 518 539 537 503 533 554 558 556 541 549 565 530 544 531 534 513 538 551 532 536 508 532 564 543 554 539 556 583 574 545 547 582 615 640 585 550 536 550 544 513 552 550 539 525 535 567 526 552 570 583 581 562 564 581 550 565 591 593 591 583 554 531 519 508 543 563 544 532 519 515 510 533 541 557 570 556 554 553 568 577 585 575 603 599 613 622 618 602 581 573 555 549 552 498 484 516 537 524 494 524 540 524 557 512 526 566 573 602 574 538 541 548 524 546 605 605 610 598 582 571 561 553 528 551 517 482 511 548 558 539 475 438 511 530 540 477 540 587 550 542 582 556 503 539 540 520 558 543 530 547 588 603 623 580 610 589 516 514 529 493 534 555 535 531 534 519 522 544 544 556 546 560 564 554 568 544 576 608 618 591 570 572 570 605 598 590 549 540 548 578 586 577 547 541 552 577 539 552 579 605 603 558 549 571 590 557 565 557 611 606 603 595 566 584 579 585 561 546 588 550 
vem trace:

stid: 342
spdistance: 765.864
radio trace:
465 492 470 526 541 525 508 508 495 488 518 499 492 510 457 483 510 514 516 521 501 477 509 533 510 518 509 501 480 489 508 508 540 503 507 505 543 552 540 507 505 506 518 517 509 520 514 527 533 516 510 498 504 509 492 548 544 539 529 538 542 533 513 478 475 453 459 464 504 480 484 459 476 491 497 505 487 494 483 451 483 507 506 526 476 490 488 493 484 490 507 475 477 487 511 522 484 495 506 507 500 480 514 489 490 504 506 498 481 489 485 481 522 501 542 522 492 452 472 484 498 496 498 486 499 496 497 488 495 481 488 495 482 495 509 489 504 477 490 476 484 486 501 515 498 505 474 474 498 490 491 503 489 500 516 520 545 524 493 511 495 527 521 507 553 539 516 502 512 493 463 503 494 484 491 511 518 503 530 515 509 513 490 484 489 512 506 516 525 526 528 525 486 485 505 499 499 495 478 490 479 508 519 506 502 499 467 470 469 465 489 469 452 493 513 471 464 485 524 508 476 450 479 488 495 500 524 533 558 553 547 548 517 506 461 470 451 482 488 507 550 538 513 485 490 515 513 491 453 478 484 494 499 490 444 484 484 485 512 523 520 489 482 498 515 518 465 483 510 502 516 517 516 544 487 494 479 479 489 510 509 486 504 518 517 499 481 477 521 519 520 523 511 477 487 507 489 465 472 483 468 458 494 513 497 480 469 482 489 502 500 538 493 485 506 459 460 500 514 492 475 484 506 495 499 486 497 496 514 517 498 504 525 515 535 516 501 512 479 510 499 470 472 506 503 476 485 491 539 527 528 536 551 543 528 534 526 518 501 459 496 510 494 469 507 543 539 513 512 482 490 531 522 491 493 468 492 466 472 469 467 500 518 514 520 504 501 496 503 535 518 491 504 506 513 506 501 511 513 507 462 458 481 495 469 476 490 507 536 537 527 488 524 507 517 529 493 504 525 525 539 523 511 498 500 516 527 512 511 528 538 537 528 539 524 521 507 486 493 499 535 547 505 500 500 504 496 468 524 507 500 503 524 518 498 503 520 535 500 500 524 522 515 505 480 496 516 525 533 511 503 474 475 488 481 467 507 478 491 494 478 540 578 541 518 492 476 495 541 526 528 508 486 466 479 483 483 514 492 467 486 496 469 473 491 462 446 472 503 503 483 484 482 508 523 513 521 504 494 502 484 441 447 476 490 514 505 469 468 489 490 494 483 476 476 472 483 488 518 517 509 503 491 488 487 480 484 482 496 466 480 515 484 513 489 495 510 530 498 485 498 477 440 490 490 508 478 477 469 517 530 470 436 449 480 489 480 506 511 510 533 525 507 524 545 535 496 500 474 519 507 490 453 500 488 497 484 483 500 509 497 469 470 520 537 524 510 514 523 539 516 510 523 510 501 505 522 534 535 532 508 517 517 540 510 541 554 507 486 451 441 457 485 500 511 498 491 512 496 452 471 519 491 446 465 491 461 495 506 520 514 501 496 482 483 475 479 503 490 480 503 481 520 539 516 488 481 475 462 472 481 493 480 513 539 512 468 494 501 481 504 520 521 510 522 537 522 493 488 490 476 486 509 518 528 545 575 559 525 535 509 473 498 493 472 437 477 520 516 504 521 507 512 481 489 470 482 508 511 537 524 496 483 487 482 491 491 530 550 502 468 481 526 524 538 555 539 550 536 528 502 504 491 508 468 469 470 478 525 525 495 456 444 502 546 544 500 494 524 525 521 485 490 495 488 498 528 522 
vem trace:

stid: 332
spdistance: 1255.09
radio trace:
561 565 522 529 552 549 550 601 605 578 545 538 514 504 529 560 563 544 513 533 566 586 572 551 544 523 545 553 546 557 569 577 551 577 612 586 580 597 545 571 587 564 501 516 547 532 510 528 522 551 540 569 589 593 590 569 565 594 591 598 548 539 562 564 564 546 504 539 541 541 532 513 506 522 566 550 526 559 583 578 544 547 540 525 537 562 556 574 570 556 540 560 577 562 572 571 575 541 521 535 566 574 599 543 525 525 540 568 580 586 579 574 549 549 518 539 572 571 537 546 570 538 538 582 565 566 549 578 579 547 552 543 546 533 531 549 543 588 584 537 577 531 522 555 541 572 580 570 581 548 588 625 577 569 534 560 562 574 595 576 605 571 563 567 553 543 541 575 569 555 552 563 555 570 588 579 531 521 557 571 554 540 561 542 566 572 549 563 530 530 551 533 540 511 538 562 574 573 550 583 554 504 544 552 545 518 498 497 528 533 519 547 546 540 544 538 520 553 536 540 526 522 527 564 568 525 550 536 562 563 565 581 585 571 564 565 559 589 591 551 547 524 502 527 574 561 545 573 591 618 602 581 568 617 612 599 555 567 545 538 564 558 558 555 545 544 575 578 547 560 571 584 568 554 551 556 537 533 531 566 527 515 532 526 581 581 552 604 591 570 558 519 507 509 513 525 559 550 531 528 551 554 566 596 592 569 561 572 547 545 563 550 556 566 569 578 597 609 592 580 522 520 489 490 577 568 562 542 568 546 576 586 602 585 616 599 617 594 567 565 553 572 546 521 525 527 556 551 533 550 522 544 554 560 528 530 539 532 541 544 533 531 543 537 553 579 560 598 605 587 573 574 571 594 593 621 634 635 591 609 606 581 569 544 529 554 548 571 589 530 565 581 557 543 547 532 561 560 561 581 556 521 541 503 492 535 598 579 577 576 588 576 570 567 541 524 508 517 529 526 529 551 531 546 524 534 545 538 550 553 528 513 547 575 553 564 567 581 545 553 526 521 539 558 585 571 572 581 562 540 541 587 563 528 541 544 558 545 548 559 574 589 572 560 569 569 559 573 542 539 560 601 606 586 583 558 566 588 555 564 585 598 561 570 543 535 567 563 536 580 617 593 598 550 540 566 560 534 537 549 567 594 593 601 569 573 569 612 601 573 546 534 569 544 544 557 543 566 548 549 541 541 539 579 572 563 591 570 573 546 572 578 545 564 595 594 552 546 563 591 587 566 565 592 554 559 548 514 557 562 568 606 598 596 572 554 535 524 536 529 530 574 562 558 564 553 544 549 552 575 584 592 558 534 559 570 575 551 503 567 561 582 572 574 545 567 577 538 574 533 535 558 568 569 542 565 586 568 596 585 571 569 562 547 565 579 576 565 561 582 538 553 540 538 559 540 523 546 586 577 554 558 528 562 593 567 547 536 520 566 546 571 563 577 578 593 601 601 579 551 515 506 511 520 570 587 589 562 561 566 513 511 538 560 543 553 589 510 505 508 537 562 573 552 581 565 532 562 618 610 543 537 542 539 533 573 557 565 576 590 551 535 502 534 550 526 525 586 593 573 551 508 513 540 557 519 546 539 567 572 553 588 602 563 540 562 587 591 575 601 579 557 545 566 534 528 514 521 533 536 528 547 556 593 557 516 535 544 554 554 525 543 581 584 578 548 568 588 576 591 558 563 521 557 578 598 567 550 554 570 564 541 557 535 542 525 537 541 534 559 533 573 579 568 540 560 583 576 
vem trace:

