SDId: 34885533
energy: 9.30691e+17
zenith: 0.944183
azimuth: 5.73691
GPSSeconc: 1127624565
stid: 343
spdistance: 625.676
radio trace:
417 432 420 438 448 405 395 416 419 454 468 446 431 457 457 448 436 414 432 434 441 438 454 418 451 451 448 448 459 467 483 456 430 432 415 447 465 472 435 413 423 459 439 438 458 451 472 458 437 442 446 431 454 451 464 459 469 455 459 455 451 478 482 474 457 466 488 482 448 446 426 430 486 453 450 430 434 470 469 454 467 501 481 455 435 450 430 408 408 424 445 457 462 469 449 448 436 448 419 409 450 481 470 457 436 431 444 401 391 384 413 453 432 460 463 472 473 470 485 482 453 442 432 432 459 435 436 459 436 430 425 447 464 429 454 460 482 473 487 470 422 408 458 460 437 446 460 478 474 468 483 440 455 456 483 484 458 447 435 446 456 453 446 454 460 454 467 444 449 455 431 452 463 452 462 427 433 471 470 397 416 448 443 466 467 456 430 404 417 427 434 415 410 445 439 427 436 443 462 425 428 440 440 447 460 439 440 468 442 451 448 450 454 460 455 457 447 451 415 436 467 455 438 436 436 432 446 459 484 466 463 479 472 450 435 445 439 459 430 418 431 418 397 423 469 486 489 490 444 443 440 433 455 445 462 464 480 467 443 420 448 450 445 455 437 465 467 464 475 433 482 458 460 433 449 479 446 457 471 499 447 470 487 454 453 478 493 494 467 459 504 479 473 429 417 417 424 408 418 421 441 472 500 464 445 440 457 475 453 463 463 469 444 479 455 459 421 456 450 434 442 447 434 449 436 445 432 442 423 441 440 417 389 422 462 445 428 411 422 446 464 445 427 449 459 456 459 444 457 443 428 429 431 437 442 443 448 457 444 469 482 468 445 452 450 444 438 433 452 439 448 450 457 439 432 450 439 440 447 436 444 446 452 443 422 415 439 435 461 463 494 478 469 454 455 471 466 446 422 430 410 433 455 454 447 468 473 465 478 480 471 447 415 400 429 464 485 492 496 464 497 469 447 431 422 440 446 480 497 459 465 476 479 445 440 447 460 465 457 457 491 484 478 469 460 445 468 455 468 431 428 439 436 424 417 429 444 444 465 459 453 409 459 467 463 463 451 441 437 429 426 409 434 456 451 452 441 434 410 438 457 465 455 451 447 435 462 473 444 416 445 445 446 445 429 442 463 453 457 460 449 454 436 442 452 455 450 453 463 453 460 458 448 478 462 459 471 431 451 460 472 459 444 460 438 446 460 452 439 438 409 412 438 461 441 449 436 440 459 463 459 450 457 454 442 434 413 404 416 428 443 452 442 450 444 433 483 467 445 429 430 414 420 440 425 459 446 420 438 426 425 475 484 498 483 504 480 465 473 438 440 444 439 437 444 413 435 447 442 423 443 427 417 431 453 466 446 445 456 438 428 454 455 454 435 443 438 418 427 429 454 469 485 452 460 440 424 413 419 443 427 431 414 425 446 470 453 482 474 491 466 465 478 483 460 466 446 459 469 489 462 468 456 472 447 483 479 480 442 439 410 433 436 438 448 447 442 434 448 475 462 460 430 461 419 422 444 467 428 430 437 457 456 427 456 455 416 432 410 453 458 429 445 470 448 439 451 440 435 422 454 475 475 460 469 479 466 460 467 428 447 492 493 480 477 440 394 422 410 435 449 436 451 446 444 438 437 459 443 450 451 464 460 454 468 461 466 437 465 429 435 433 408 409 436 457 461 468 438 412 425 422 413 445 467 485 481 461 446 423 451 431 471 484 458 457 464 478 422 442 468 461 429 425 449 451 450 461 
vem trace:

stid: 419
spdistance: 1110.03
radio trace:
533 542 482 479 480 493 497 480 490 437 449 507 528 492 508 483 459 442 477 462 452 447 425 440 470 469 483 460 467 512 491 490 486 496 484 480 454 478 479 464 427 435 451 454 455 506 519 527 536 518 488 476 466 497 480 480 450 462 516 485 450 426 467 470 476 462 476 496 507 476 471 504 478 451 459 475 487 480 490 489 448 433 454 463 466 484 439 431 459 475 477 445 478 464 504 553 521 519 522 478 440 446 458 471 465 514 535 484 514 524 519 486 528 480 442 419 450 444 475 481 492 489 488 514 522 484 485 475 515 533 512 488 482 495 454 449 443 472 453 488 440 454 481 485 508 532 488 500 439 485 496 477 463 487 471 495 463 502 487 513 491 479 485 452 448 431 440 461 486 496 507 490 486 430 471 506 487 500 491 463 457 465 464 471 467 490 510 506 533 484 505 482 511 443 439 460 461 463 476 466 448 469 501 477 456 407 429 469 420 419 451 454 437 454 428 468 471 492 456 463 439 423 439 413 452 487 413 432 500 466 480 467 462 451 458 481 460 460 451 429 484 465 476 476 474 467 510 511 498 480 450 437 445 448 469 461 468 462 452 429 448 418 392 428 416 447 413 452 438 462 473 491 507 475 521 531 522 465 473 476 489 504 471 464 445 444 501 512 480 497 443 431 485 466 489 503 503 491 524 490 485 451 437 429 439 486 472 455 475 511 453 468 476 485 477 487 529 478 515 510 521 501 490 474 448 463 504 524 533 513 484 500 548 490 468 466 497 492 486 474 488 470 496 494 498 481 479 473 441 411 466 497 484 474 494 468 483 467 457 463 474 490 480 480 474 482 514 545 470 444 490 487 468 443 451 497 483 475 424 479 485 473 456 467 459 444 458 437 441 434 426 437 457 452 478 428 408 422 442 465 451 432 460 450 462 484 495 499 469 449 477 464 469 475 419 469 477 474 474 502 519 540 533 513 490 470 445 476 491 466 463 491 461 451 450 474 501 471 473 438 436 494 480 451 461 452 446 458 475 459 484 496 469 537 451 447 433 470 504 505 479 488 512 463 446 463 493 449 424 441 468 460 460 507 534 512 485 426 426 424 465 472 463 468 479 485 489 482 498 500 473 467 494 491 467 464 468 494 499 527 511 482 472 451 462 478 470 481 490 490 524 481 457 458 428 463 458 458 437 489 487 470 419 465 453 476 452 446 499 476 528 522 505 479 497 471 476 425 478 471 509 507 500 457 442 473 492 495 490 456 420 480 450 446 501 511 501 519 512 493 498 476 484 492 468 485 471 432 436 441 430 426 424 442 491 470 473 505 492 463 449 458 494 540 531 491 456 494 511 496 472 439 422 425 446 439 444 464 472 449 480 474 485 495 472 480 491 492 528 502 447 419 402 428 430 436 460 450 460 490 455 463 471 462 432 427 424 445 499 486 538 548 532 474 498 504 446 396 434 468 460 461 458 470 439 472 461 460 477 473 458 480 471 474 415 452 439 462 487 484 467 444 463 448 460 463 444 456 467 428 429 445 494 468 455 488 434 445 440 461 492 476 475 459 432 472 493 498 459 431 456 448 487 494 450 411 403 441 470 488 454 415 430 439 427 459 461 457 439 443 432 431 446 495 447 417 446 491 423 385 431 421 433 441 477 469 495 489 467 446 485 484 462 462 472 486 501 448 475 474 476 472 408 431 463 452 412 409 471 464 461 470 473 460 475 446 459 434 459 436 456 464 433 467 465 488 497 505 
vem trace:

