SDId: 34556216
energy: 3.93146e+17
zenith: 0.545699
azimuth: 2.06294
GPSSeconc: 1125594910
stid: 343
spdistance: 501.181
radio trace:
446 485 502 465 489 480 437 430 420 433 434 437 438 456 469 478 502 461 463 477 478 453 447 450 486 466 468 451 448 479 504 515 516 523 498 497 477 485 448 478 464 484 443 435 426 438 469 484 487 468 486 493 471 464 457 446 484 478 440 436 434 447 471 457 423 458 482 431 456 460 484 462 470 473 493 485 490 501 515 523 506 483 470 459 487 482 461 472 459 428 439 451 442 426 438 462 478 440 424 415 459 414 415 449 431 436 455 456 465 481 477 465 463 488 494 478 493 476 457 439 443 477 472 466 421 435 439 438 487 473 490 493 497 469 477 457 436 449 467 440 463 476 505 484 465 445 467 455 419 462 455 464 470 457 433 448 463 442 434 454 462 444 428 447 461 444 443 459 457 473 475 498 489 473 467 481 483 488 522 482 459 466 468 477 481 477 473 462 452 481 490 480 472 465 472 453 453 459 445 446 463 471 478 456 482 497 468 442 434 418 465 467 472 475 443 467 497 510 479 462 472 459 451 436 456 470 487 452 462 470 479 459 429 391 414 449 465 484 468 448 457 455 463 464 435 421 466 489 465 467 466 464 469 452 454 427 465 462 456 471 485 459 462 452 480 461 441 479 495 501 505 455 483 474 478 457 479 480 471 460 466 457 480 478 450 465 491 493 461 477 434 434 473 495 506 522 498 443 466 468 460 431 453 431 436 447 455 467 485 460 469 445 462 488 498 479 471 476 467 448 436 436 418 450 508 481 473 456 462 486 482 469 448 443 477 451 452 416 405 437 457 441 460 450 458 463 471 481 467 463 465 461 435 444 456 468 457 447 445 462 446 443 415 446 449 423 451 483 464 453 451 475 469 469 476 441 416 438 452 434 449 469 476 462 470 421 411 404 415 435 440 410 399 437 471 456 450 459 461 461 459 479 471 473 448 437 409 434 457 462 449 467 446 426 456 467 478 469 458 471 461 470 464 461 469 471 462 472 503 482 463 495 482 452 471 470 466 492 475 463 441 465 468 476 491 479 498 495 498 497 482 499 486 449 463 467 474 482 482 485 480 487 460 468 475 455 450 441 453 448 427 460 473 477 492 474 459 446 454 491 462 455 441 447 480 439 463 476 481 459 465 468 490 478 471 446 440 429 437 445 472 481 493 476 473 476 484 432 426 473 472 469 441 452 476 491 474 476 494 481 480 462 447 473 455 439 445 466 459 453 451 485 488 489 512 490 479 460 461 467 452 484 494 479 434 455 465 489 498 479 472 491 494 490 478 453 471 466 465 471 479 463 473 471 466 452 463 461 483 510 490 492 474 469 470 446 422 467 456 452 477 462 457 444 470 495 494 475 457 423 454 453 464 442 458 446 485 459 450 461 485 482 482 475 466 453 472 487 485 473 471 456 446 461 480 439 429 452 434 420 453 487 449 481 480 445 427 434 435 449 476 467 485 464 476 479 495 511 489 489 471 451 496 485 475 454 419 452 467 467 438 449 469 471 488 495 478 473 465 464 475 506 503 480 476 463 451 468 488 476 460 480 478 491 479 477 486 487 456 445 447 454 459 440 451 447 484 487 467 438 421 416 445 459 458 477 459 461 471 473 444 457 453 463 475 483 490 464 464 446 442 469 486 453 429 436 466 471 487 487 494 491 482 465 454 481 478 480 457 436 442 441 457 488 465 484 459 448 423 397 441 463 470 457 459 463 455 451 473 484 466 450 461 470 450 442 432 428 443 453 458 456 456 462 481 492 437 432 
vem trace:

stid: 419
spdistance: 955.358
radio trace:
481 509 497 473 498 513 491 492 537 546 540 518 477 448 495 488 499 501 500 479 479 517 513 469 491 490 489 526 512 491 470 489 483 490 510 499 520 503 524 533 515 480 418 428 454 451 460 502 495 484 521 501 482 514 515 534 496 491 492 529 510 509 543 525 534 566 592 541 538 540 495 486 497 496 524 564 560 523 512 505 506 506 506 522 512 502 523 499 511 475 487 491 520 514 508 493 503 509 500 550 517 537 523 527 487 469 495 512 529 514 501 482 541 566 552 520 508 494 455 476 504 526 530 548 527 503 457 467 486 474 482 542 517 498 467 491 505 534 504 519 540 519 524 495 538 510 507 538 526 487 442 470 494 482 471 471 488 473 472 469 464 505 523 554 540 527 500 514 547 572 567 544 530 538 511 516 488 503 567 534 590 550 534 508 520 532 544 501 496 513 521 545 525 510 520 517 475 457 520 539 529 539 554 529 536 526 524 525 523 537 544 488 461 475 460 454 443 457 455 482 505 532 529 492 484 499 543 543 542 517 499 456 477 463 474 455 496 497 507 476 446 495 586 609 578 546 538 563 574 537 455 435 489 465 464 496 490 485 506 503 486 480 428 516 557 517 509 492 496 491 488 493 555 544 546 516 508 532 532 578 496 529 548 532 497 517 522 501 478 483 465 510 519 519 527 514 535 570 561 552 548 518 488 475 503 486 465 514 542 559 552 523 509 506 486 515 525 489 508 508 530 492 537 534 494 462 483 472 514 538 496 507 496 463 484 477 513 529 532 533 537 536 513 475 476 461 486 525 540 520 473 510 521 553 502 516 526 533 527 555 526 526 487 465 488 521 513 489 460 467 490 531 535 497 525 503 499 463 451 471 532 535 483 483 499 492 501 481 464 497 528 561 541 515 524 533 524 495 515 504 491 485 517 463 471 466 506 517 486 514 546 528 522 522 529 484 471 507 525 585 597 528 492 500 540 529 500 514 560 555 561 509 494 493 522 513 540 511 539 539 530 531 518 508 516 467 488 481 535 511 513 508 485 527 541 549 559 551 579 552 530 506 493 516 551 513 465 433 420 407 479 488 517 490 511 523 539 498 496 524 516 514 519 486 480 465 481 496 507 520 523 534 473 506 504 516 504 519 481 516 509 504 482 481 496 497 525 542 487 496 509 477 505 536 540 540 490 498 489 518 505 491 515 502 478 512 538 539 490 531 523 534 537 528 539 524 472 469 502 466 491 502 493 487 464 531 502 498 511 518 485 458 456 437 422 445 472 511 526 480 460 545 548 515 506 511 516 494 451 464 533 563 546 505 518 505 465 458 489 515 478 491 533 553 520 544 513 516 479 458 446 461 535 551 536 512 473 524 547 525 491 503 458 448 449 476 506 524 544 546 535 497 491 536 522 507 503 491 546 550 565 532 514 463 485 514 537 516 515 507 511 517 527 528 508 486 516 510 542 553 514 526 540 521 516 491 472 496 504 524 519 506 459 457 491 542 546 538 554 527 540 549 457 499 509 528 521 505 498 472 512 539 541 501 519 509 498 505 512 469 529 531 542 499 452 417 432 497 481 514 526 517 500 513 481 457 477 500 483 486 514 540 544 555 528 504 472 526 543 531 565 547 533 468 440 469 483 503 533 554 518 489 520 505 548 507 517 574 549 516 492 482 500 526 570 586 514 514 473 479 458 464 497 553 529 502 496 495 494 502 468 486 503 540 502 501 546 544 499 479 497 477 480 527 548 505 503 496 
vem trace:

stid: 342
spdistance: 1097
radio trace:
466 475 480 504 479 488 463 456 492 532 508 475 461 455 471 480 477 483 495 494 491 507 493 477 507 492 478 524 499 490 506 460 464 459 478 503 503 502 521 522 471 442 511 529 506 493 521 501 513 529 510 500 482 498 510 497 510 500 473 514 526 506 536 541 497 508 513 494 478 481 489 472 475 486 452 476 493 533 508 483 473 471 461 456 462 495 514 505 488 503 501 488 499 489 472 468 478 460 473 467 461 457 465 456 420 417 445 451 482 522 500 524 522 506 518 515 535 572 575 530 536 487 495 503 535 503 474 484 499 481 447 464 480 469 472 457 476 519 526 505 483 475 472 467 501 467 503 504 480 470 512 525 519 514 506 480 486 473 475 496 525 546 531 504 470 478 444 448 458 507 496 495 512 484 516 526 512 519 490 486 470 490 511 494 499 492 486 509 528 548 503 454 457 473 466 482 478 510 509 494 448 470 478 497 508 450 434 466 488 478 466 501 479 493 509 532 517 526 515 506 531 507 497 483 528 502 479 522 514 494 470 507 495 487 502 505 517 529 535 510 491 516 480 476 515 522 525 508 507 485 484 448 451 458 483 499 499 472 517 554 570 554 532 512 499 472 485 498 518 500 507 518 516 548 531 525 544 495 480 482 504 519 544 553 521 503 505 464 448 464 513 496 514 517 513 506 487 488 480 511 492 492 466 472 476 495 457 481 494 503 514 514 499 482 494 505 495 531 533 548 544 514 512 502 506 485 530 536 516 506 506 491 469 423 453 472 504 511 502 511 487 469 448 497 501 482 484 482 515 510 478 464 465 491 505 502 484 473 479 496 513 527 513 477 472 449 471 500 533 518 475 468 471 454 492 446 441 475 510 495 482 506 484 506 511 493 498 504 523 521 497 517 517 485 487 454 495 548 516 498 497 507 519 506 507 511 522 511 510 539 527 523 514 483 478 511 512 492 511 489 480 470 461 473 458 479 472 531 524 503 492 494 505 517 482 480 475 480 456 484 468 439 420 431 453 470 505 531 525 527 516 514 528 519 513 495 481 491 481 451 455 467 492 464 506 538 509 484 484 456 494 520 523 522 510 509 499 481 461 455 490 495 524 522 488 511 521 474 439 454 461 490 514 495 467 461 450 436 476 467 470 536 557 519 519 480 521 531 500 489 516 529 504 476 480 496 523 484 465 438 455 483 519 524 513 513 533 527 499 463 468 517 503 523 525 494 487 506 510 481 465 466 446 474 489 446 452 509 503 509 509 505 535 511 492 495 506 457 460 488 466 473 477 516 497 449 477 469 446 461 485 506 489 461 461 471 473 471 503 487 506 506 510 482 464 484 508 536 504 501 496 483 467 477 500 519 510 520 531 498 471 489 459 486 496 500 497 481 475 494 481 491 509 477 473 476 465 473 469 464 486 515 499 517 525 525 518 507 516 503 480 490 500 513 470 485 466 505 490 520 515 477 472 478 514 496 487 474 468 480 465 430 449 482 476 518 535 483 485 472 453 490 530 529 504 522 527 491 495 463 441 426 447 456 461 468 467 492 485 498 489 484 490 473 436 436 464 496 505 512 489 488 496 498 459 498 487 494 483 456 443 497 508 487 501 511 497 482 497 521 498 496 503 502 460 480 470 465 489 488 483 467 495 500 495 502 491 492 502 461 466 468 513 490 480 490 526 471 485 485 476 458 446 460 497 514 498 503 499 505 481 462 484 491 505 490 489 511 511 515 516 496 502 502 520 534 533 467 
vem trace:

