SDId: 34608321
energy: 4.30864e+17
zenith: 0.259466
azimuth: 5.27289
GPSSeconc: 1126029031
stid: 341
spdistance: 547.07
radio trace:
530 517 508 558 588 591 575 601 587 567 565 525 529 539 526 530 524 530 560 540 554 542 493 459 478 514 515 556 571 519 508 539 539 513 519 541 507 508 503 546 551 515 532 577 556 517 508 539 552 559 547 490 491 521 543 512 489 581 572 568 572 592 572 538 538 517 554 551 580 578 565 576 546 528 454 463 511 540 578 576 555 517 498 530 550 561 561 581 563 570 577 562 589 581 550 501 501 532 513 486 502 495 508 563 567 548 540 536 532 510 519 548 580 556 545 563 515 509 538 531 543 560 542 518 556 562 585 595 577 482 486 509 542 530 552 537 525 552 530 517 533 537 539 560 551 561 546 555 559 537 555 512 542 574 557 530 516 524 543 561 557 574 536 530 495 510 533 563 541 571 555 544 518 564 553 531 584 550 547 537 526 523 536 533 552 554 542 516 514 520 558 566 557 543 534 498 532 537 523 509 516 526 536 504 477 452 462 510 524 538 569 569 566 550 582 575 538 570 531 549 525 499 480 523 545 546 501 482 529 557 573 552 550 562 540 536 570 549 542 567 542 562 542 534 555 522 564 578 541 535 554 527 508 542 595 593 605 575 600 577 532 549 564 545 525 544 544 507 494 499 571 551 537 554 550 563 532 539 550 562 542 550 533 556 578 577 595 560 513 528 516 510 545 550 588 597 590 552 539 522 517 518 503 519 536 559 535 546 553 526 521 501 512 540 538 553 554 522 520 549 558 533 507 549 551 540 543 571 583 575 546 550 596 576 541 532 537 536 550 550 561 549 526 537 495 501 502 481 486 526 558 556 542 572 522 521 544 557 541 517 538 567 562 547 530 512 485 510 519 554 549 545 553 571 550 516 532 502 503 569 548 536 535 564 573 569 541 557 544 548 539 585 587 558 588 590 559 550 521 555 585 567 547 542 571 568 554 558 530 518 502 519 563 530 499 504 487 507 540 511 527 520 468 499 539 537 563 551 557 543 520 547 543 546 540 535 538 555 582 559 540 551 519 526 521 513 504 503 538 545 544 495 482 525 550 558 561 578 556 523 531 538 525 488 530 540 516 467 499 533 562 514 524 519 521 517 546 584 607 585 513 520 503 531 541 529 547 571 525 487 523 570 536 495 510 514 522 547 563 586 563 552 556 585 576 555 520 524 511 503 503 506 491 510 521 538 586 562 531 504 499 478 550 572 574 562 543 531 558 537 483 501 500 496 509 533 531 484 526 524 535 509 511 568 584 588 561 544 562 536 530 551 527 524 526 516 545 533 502 525 561 577 581 534 514 569 579 562 576 559 541 520 554 543 549 541 532 516 500 548 527 527 564 574 540 519 473 514 535 550 558 538 525 556 542 546 510 507 565 545 513 549 526 535 523 508 499 525 524 545 523 504 550 541 512 525 521 488 469 514 521 571 563 539 532 522 526 509 479 494 497 471 502 523 545 549 548 550 553 516 491 499 524 504 522 524 539 526 536 513 524 532 538 538 506 500 529 517 511 499 502 524 543 514 498 536 551 515 524 554 565 571 577 544 535 495 545 562 578 563 582 576 567 512 507 488 511 507 491 493 533 516 515 520 498 516 514 533 546 554 541 553 557 560 559 511 477 505 509 533 549 533 530 577 571 530 554 522 544 569 553 535 543 547 565 573 603 582 562 548 497 486 524 537 541 526 506 469 445 480 534 510 498 514 548 569 559 564 549 530 503 549 562 566 524 514 555 520 526 551 541 574 571 544 527 517 518 551 
vem trace:

stid: 341
spdistance: 547.07
radio trace:
530 517 508 558 588 591 575 601 587 567 565 525 529 539 526 530 524 530 560 540 554 542 493 459 478 514 515 556 571 519 508 539 539 513 519 541 507 508 503 546 551 515 532 577 556 517 508 539 552 559 547 490 491 521 543 512 489 581 572 568 572 592 572 538 538 517 554 551 580 578 565 576 546 528 454 463 511 540 578 576 555 517 498 530 550 561 561 581 563 570 577 562 589 581 550 501 501 532 513 486 502 495 508 563 567 548 540 536 532 510 519 548 580 556 545 563 515 509 538 531 543 560 542 518 556 562 585 595 577 482 486 509 542 530 552 537 525 552 530 517 533 537 539 560 551 561 546 555 559 537 555 512 542 574 557 530 516 524 543 561 557 574 536 530 495 510 533 563 541 571 555 544 518 564 553 531 584 550 547 537 526 523 536 533 552 554 542 516 514 520 558 566 557 543 534 498 532 537 523 509 516 526 536 504 477 452 462 510 524 538 569 569 566 550 582 575 538 570 531 549 525 499 480 523 545 546 501 482 529 557 573 552 550 562 540 536 570 549 542 567 542 562 542 534 555 522 564 578 541 535 554 527 508 542 595 593 605 575 600 577 532 549 564 545 525 544 544 507 494 499 571 551 537 554 550 563 532 539 550 562 542 550 533 556 578 577 595 560 513 528 516 510 545 550 588 597 590 552 539 522 517 518 503 519 536 559 535 546 553 526 521 501 512 540 538 553 554 522 520 549 558 533 507 549 551 540 543 571 583 575 546 550 596 576 541 532 537 536 550 550 561 549 526 537 495 501 502 481 486 526 558 556 542 572 522 521 544 557 541 517 538 567 562 547 530 512 485 510 519 554 549 545 553 571 550 516 532 502 503 569 548 536 535 564 573 569 541 557 544 548 539 585 587 558 588 590 559 550 521 555 585 567 547 542 571 568 554 558 530 518 502 519 563 530 499 504 487 507 540 511 527 520 468 499 539 537 563 551 557 543 520 547 543 546 540 535 538 555 582 559 540 551 519 526 521 513 504 503 538 545 544 495 482 525 550 558 561 578 556 523 531 538 525 488 530 540 516 467 499 533 562 514 524 519 521 517 546 584 607 585 513 520 503 531 541 529 547 571 525 487 523 570 536 495 510 514 522 547 563 586 563 552 556 585 576 555 520 524 511 503 503 506 491 510 521 538 586 562 531 504 499 478 550 572 574 562 543 531 558 537 483 501 500 496 509 533 531 484 526 524 535 509 511 568 584 588 561 544 562 536 530 551 527 524 526 516 545 533 502 525 561 577 581 534 514 569 579 562 576 559 541 520 554 543 549 541 532 516 500 548 527 527 564 574 540 519 473 514 535 550 558 538 525 556 542 546 510 507 565 545 513 549 526 535 523 508 499 525 524 545 523 504 550 541 512 525 521 488 469 514 521 571 563 539 532 522 526 509 479 494 497 471 502 523 545 549 548 550 553 516 491 499 524 504 522 524 539 526 536 513 524 532 538 538 506 500 529 517 511 499 502 524 543 514 498 536 551 515 524 554 565 571 577 544 535 495 545 562 578 563 582 576 567 512 507 488 511 507 491 493 533 516 515 520 498 516 514 533 546 554 541 553 557 560 559 511 477 505 509 533 549 533 530 577 571 530 554 522 544 569 553 535 543 547 565 573 603 582 562 548 497 486 524 537 541 526 506 469 445 480 534 510 498 514 548 569 559 564 549 530 503 549 562 566 524 514 555 520 526 551 541 574 571 544 527 517 518 551 
vem trace:

