SDId: 34549513
energy: 1.26929e+18
zenith: 1.074
azimuth: 0.417997
GPSSeconc: 1125555678
stid: 419
spdistance: 459.572
radio trace:
498 533 495 480 457 438 453 466 466 470 404 427 393 443 481 460 448 440 471 460 468 453 431 425 444 441 408 419 410 454 459 447 415 434 445 442 447 422 407 403 426 418 405 416 484 502 489 449 458 441 458 462 445 415 471 491 456 424 469 511 504 502 498 451 436 463 453 459 465 461 455 431 400 364 396 438 418 466 447 434 452 392 392 401 432 494 484 460 437 409 437 419 424 412 460 507 480 452 435 449 446 491 440 441 444 456 449 416 432 401 413 425 451 487 476 502 437 441 477 484 463 468 454 447 437 426 428 419 443 446 456 419 414 445 446 482 492 476 469 432 422 443 400 427 407 397 412 429 453 446 422 450 446 440 418 433 430 415 454 502 393 471 462 408 356 437 426 416 369 431 431 420 449 456 491 434 416 409 414 424 422 463 487 509 497 464 441 460 483 479 462 467 463 424 419 442 388 423 417 416 382 409 431 426 433 432 444 458 449 489 458 399 383 451 457 427 440 409 411 441 451 397 398 420 401 420 440 463 433 453 451 478 442 435 419 384 393 425 462 503 483 418 463 451 407 370 368 415 434 464 438 394 397 392 372 450 477 458 471 462 419 424 438 447 445 434 442 437 453 414 426 420 447 451 448 431 379 426 417 444 474 454 445 438 459 419 397 446 428 403 393 434 465 492 465 457 471 504 478 487 467 450 457 386 401 420 426 397 367 393 428 403 435 471 460 454 460 487 484 475 414 417 476 495 477 441 430 458 412 428 430 431 465 426 444 459 502 468 440 463 444 398 419 455 445 431 435 440 399 458 441 447 393 401 442 441 415 400 414 396 412 411 432 418 423 393 394 400 395 404 425 453 431 417 448 374 427 436 462 469 466 440 388 358 483 442 464 389 385 390 426 441 443 460 405 405 424 408 458 443 446 432 405 409 369 387 435 423 431 451 413 364 398 422 398 409 399 438 419 420 386 459 471 479 425 426 377 398 409 401 399 430 426 463 474 438 414 457 462 460 430 433 406 429 415 411 468 475 439 409 414 424 406 385 415 454 452 413 390 407 478 429 414 451 445 407 402 423 453 467 432 440 424 423 408 397 384 382 430 418 413 435 414 429 386 413 433 452 396 439 403 385 445 440 406 428 409 418 388 401 451 476 467 393 347 381 410 405 408 428 493 472 469 426 421 425 430 438 429 452 465 474 469 482 437 377 431 436 406 404 439 446 465 427 462 465 479 411 382 440 471 486 452 451 442 491 448 413 390 444 437 432 484 438 416 429 441 450 459 444 405 421 436 416 421 452 427 448 420 425 435 421 416 391 395 409 435 462 428 402 388 413 413 414 458 438 451 461 438 463 477 437 409 387 386 403 446 472 489 467 471 446 436 444 429 472 422 447 457 482 439 435 454 452 459 443 482 493 466 468 494 467 440 469 444 436 447 462 458 468 457 438 422 416 411 419 435 408 443 430 456 434 439 434 419 430 458 476 453 479 455 415 441 445 421 454 459 455 503 486 434 460 446 444 434 433 493 448 429 383 410 430 446 428 389 446 436 443 429 445 460 443 471 459 404 452 436 493 484 446 407 449 496 511 468 471 468 478 511 455 471 501 490 468 469 454 472 451 472 465 457 436 384 391 404 456 408 442 473 417 406 401 394 425 419 455 433 435 415 419 447 460 453 435 434 397 369 420 429 437 420 417 436 439 455 473 503 439 467 470 491 536 491 443 440 438 444 434 446 444 448 456 479 400 411 435 425 411 
vem trace:

stid: 342
spdistance: 644.113
radio trace:
401 380 372 395 415 445 426 409 428 414 419 422 404 399 416 430 406 401 413 424 428 437 426 428 436 447 437 432 425 423 406 439 442 451 431 447 454 462 425 438 456 448 428 414 395 421 387 412 409 417 411 406 409 396 395 415 440 409 404 414 438 407 389 439 453 436 423 400 388 411 397 424 419 407 397 404 427 418 433 414 383 365 344 357 374 385 429 430 421 428 391 430 448 442 432 436 465 423 430 437 441 449 422 428 433 423 407 425 418 430 433 402 429 414 383 386 388 427 411 399 421 412 412 427 403 399 403 418 392 369 401 425 438 414 439 432 446 460 433 403 387 410 396 383 400 403 414 421 412 420 402 408 424 422 428 427 415 427 443 416 410 425 409 427 416 406 427 422 443 421 425 418 376 379 408 402 436 430 415 430 426 422 419 401 384 381 390 391 378 388 372 401 388 425 440 427 403 410 410 431 442 426 406 411 406 431 400 385 386 403 414 399 381 409 411 416 421 431 440 436 432 420 410 397 419 428 434 410 389 385 414 435 415 418 420 419 408 402 388 394 403 418 449 435 398 397 410 400 405 416 415 441 442 471 467 460 417 444 450 411 410 402 413 417 430 449 429 409 397 416 400 417 439 406 440 432 426 448 426 415 402 420 419 398 392 385 374 413 431 428 450 427 420 424 413 410 424 421 411 411 430 426 407 408 413 422 410 430 441 415 422 446 439 428 404 399 399 431 432 412 387 393 393 384 420 408 424 424 408 402 396 394 420 416 412 392 395 423 429 421 431 425 422 424 421 417 423 427 430 445 426 431 432 425 425 417 397 388 401 429 420 413 405 433 444 451 425 404 406 420 444 421 424 414 402 404 405 415 435 414 397 394 422 422 415 439 425 425 407 414 417 436 423 416 417 408 413 406 405 442 433 426 426 417 405 405 413 431 429 425 436 405 405 374 360 374 412 410 421 417 442 410 407 403 397 398 435 430 413 411 425 424 424 438 458 445 395 396 410 435 444 412 410 402 418 418 430 435 412 391 414 427 424 403 408 402 405 415 420 432 427 407 405 434 441 400 397 425 423 444 444 422 408 405 421 413 431 421 410 436 430 445 453 447 438 478 445 414 386 399 410 447 459 447 451 447 448 448 426 445 430 423 432 443 428 413 415 433 412 422 424 374 375 390 412 434 431 431 444 430 430 426 440 409 439 426 433 421 429 419 421 399 425 456 446 433 420 430 391 397 416 424 436 430 416 419 430 439 399 405 390 387 383 399 399 415 392 390 408 415 406 421 422 365 341 358 391 408 394 379 418 447 430 423 419 404 390 411 407 416 381 392 407 425 404 414 423 423 419 410 442 444 422 440 437 403 416 382 394 403 395 413 426 436 424 393 416 417 407 433 436 387 401 426 430 431 436 432 452 461 436 425 433 437 430 434 460 436 453 451 433 426 388 412 424 406 405 430 436 431 440 419 413 414 426 402 400 392 396 402 407 392 394 399 402 402 390 396 403 425 410 392 379 405 434 398 386 409 395 401 428 433 448 415 400 397 408 425 430 459 436 398 395 394 390 406 401 406 427 432 419 411 388 397 415 397 392 384 379 430 435 460 451 405 390 397 405 414 424 408 413 417 415 398 381 397 402 405 409 441 433 411 427 419 439 426 447 435 418 403 376 411 408 409 422 412 415 434 424 408 435 433 417 429 405 414 449 467 441 406 404 449 439 441 432 415 416 408 408 411 442 413 380 365 391 400 393 403 
vem trace:

stid: 341
spdistance: 862.75
radio trace:
509 531 570 557 540 520 490 539 558 525 507 519 520 495 508 522 506 514 492 512 494 495 520 502 483 505 517 523 487 541 510 495 477 467 474 474 501 480 511 517 504 505 495 479 491 475 489 493 549 550 503 488 503 481 451 478 484 481 478 469 467 506 530 515 517 516 516 491 446 427 455 463 514 536 515 505 535 511 476 507 539 529 535 532 510 490 514 523 533 512 496 456 491 459 487 477 470 489 483 441 456 459 469 519 463 472 465 494 488 487 484 484 488 493 490 456 487 519 500 492 451 482 468 511 521 497 486 513 484 503 479 476 492 483 458 466 511 521 522 526 507 477 497 536 550 552 495 465 467 461 485 527 518 508 474 486 491 528 537 515 518 518 513 530 529 497 495 488 490 520 515 488 508 504 472 474 455 462 468 500 503 521 545 520 485 512 516 493 515 483 513 477 470 457 518 518 473 489 511 504 499 512 467 472 479 483 503 496 477 491 556 566 544 556 537 565 542 556 570 550 518 498 507 508 469 522 494 515 532 516 468 454 451 487 480 509 490 468 469 496 498 498 482 498 511 475 433 435 449 454 478 504 510 500 533 520 520 519 496 502 520 523 510 514 483 498 488 547 550 506 460 472 485 494 520 535 519 494 466 469 479 476 464 496 518 504 500 483 462 469 465 487 549 519 505 503 505 510 504 493 500 519 520 508 509 479 495 479 471 505 470 456 510 508 484 471 478 443 517 517 525 485 488 503 508 521 516 508 492 482 477 472 472 491 511 494 477 502 502 531 530 535 497 528 526 539 492 506 499 506 481 490 492 510 548 524 512 489 485 502 490 448 443 463 476 459 470 465 473 468 471 477 508 516 497 468 477 499 524 546 489 467 484 505 507 467 467 482 492 459 457 449 458 492 520 536 519 525 498 495 484 505 506 509 522 484 497 507 481 511 486 515 509 526 507 505 512 543 539 541 523 470 523 489 505 493 498 504 483 475 451 453 485 480 475 468 448 469 468 467 448 468 476 529 528 565 544 506 535 534 480 489 523 558 546 516 546 521 480 509 504 498 530 496 457 492 489 500 535 533 505 513 521 566 535 489 514 524 524 499 495 493 490 479 498 487 498 475 470 476 475 515 489 487 511 500 511 534 524 521 507 455 446 465 482 456 478 498 485 491 465 505 510 509 494 510 512 529 496 477 476 472 468 509 510 523 482 530 494 511 515 492 494 519 512 510 481 497 466 484 453 483 491 498 483 514 542 490 499 514 479 517 495 497 500 499 498 520 519 506 501 470 474 487 521 487 498 459 468 485 487 490 452 475 524 550 562 517 485 498 506 461 482 497 502 507 524 536 523 506 498 471 442 452 506 492 474 486 494 454 498 517 506 498 510 518 514 522 502 526 526 512 507 512 488 500 504 480 479 453 474 508 532 515 476 457 455 489 514 488 500 502 485 505 505 545 524 517 521 538 525 510 483 480 497 470 513 499 498 516 527 460 487 521 547 502 489 462 466 465 474 487 508 536 506 458 495 502 510 480 438 432 442 474 438 438 472 503 490 480 494 489 499 474 499 498 507 502 523 534 510 511 479 475 510 525 511 501 490 473 488 490 512 491 501 478 498 515 492 527 521 485 463 452 438 487 496 501 499 497 485 464 467 443 446 469 479 519 504 468 467 505 473 459 475 450 460 452 466 523 550 556 530 535 492 500 494 488 484 451 433 434 493 536 470 484 500 543 534 512 522 530 531 521 462 454 452 479 
vem trace:

stid: 341
spdistance: 862.75
radio trace:
509 531 570 557 540 520 490 539 558 525 507 519 520 495 508 522 506 514 492 512 494 495 520 502 483 505 517 523 487 541 510 495 477 467 474 474 501 480 511 517 504 505 495 479 491 475 489 493 549 550 503 488 503 481 451 478 484 481 478 469 467 506 530 515 517 516 516 491 446 427 455 463 514 536 515 505 535 511 476 507 539 529 535 532 510 490 514 523 533 512 496 456 491 459 487 477 470 489 483 441 456 459 469 519 463 472 465 494 488 487 484 484 488 493 490 456 487 519 500 492 451 482 468 511 521 497 486 513 484 503 479 476 492 483 458 466 511 521 522 526 507 477 497 536 550 552 495 465 467 461 485 527 518 508 474 486 491 528 537 515 518 518 513 530 529 497 495 488 490 520 515 488 508 504 472 474 455 462 468 500 503 521 545 520 485 512 516 493 515 483 513 477 470 457 518 518 473 489 511 504 499 512 467 472 479 483 503 496 477 491 556 566 544 556 537 565 542 556 570 550 518 498 507 508 469 522 494 515 532 516 468 454 451 487 480 509 490 468 469 496 498 498 482 498 511 475 433 435 449 454 478 504 510 500 533 520 520 519 496 502 520 523 510 514 483 498 488 547 550 506 460 472 485 494 520 535 519 494 466 469 479 476 464 496 518 504 500 483 462 469 465 487 549 519 505 503 505 510 504 493 500 519 520 508 509 479 495 479 471 505 470 456 510 508 484 471 478 443 517 517 525 485 488 503 508 521 516 508 492 482 477 472 472 491 511 494 477 502 502 531 530 535 497 528 526 539 492 506 499 506 481 490 492 510 548 524 512 489 485 502 490 448 443 463 476 459 470 465 473 468 471 477 508 516 497 468 477 499 524 546 489 467 484 505 507 467 467 482 492 459 457 449 458 492 520 536 519 525 498 495 484 505 506 509 522 484 497 507 481 511 486 515 509 526 507 505 512 543 539 541 523 470 523 489 505 493 498 504 483 475 451 453 485 480 475 468 448 469 468 467 448 468 476 529 528 565 544 506 535 534 480 489 523 558 546 516 546 521 480 509 504 498 530 496 457 492 489 500 535 533 505 513 521 566 535 489 514 524 524 499 495 493 490 479 498 487 498 475 470 476 475 515 489 487 511 500 511 534 524 521 507 455 446 465 482 456 478 498 485 491 465 505 510 509 494 510 512 529 496 477 476 472 468 509 510 523 482 530 494 511 515 492 494 519 512 510 481 497 466 484 453 483 491 498 483 514 542 490 499 514 479 517 495 497 500 499 498 520 519 506 501 470 474 487 521 487 498 459 468 485 487 490 452 475 524 550 562 517 485 498 506 461 482 497 502 507 524 536 523 506 498 471 442 452 506 492 474 486 494 454 498 517 506 498 510 518 514 522 502 526 526 512 507 512 488 500 504 480 479 453 474 508 532 515 476 457 455 489 514 488 500 502 485 505 505 545 524 517 521 538 525 510 483 480 497 470 513 499 498 516 527 460 487 521 547 502 489 462 466 465 474 487 508 536 506 458 495 502 510 480 438 432 442 474 438 438 472 503 490 480 494 489 499 474 499 498 507 502 523 534 510 511 479 475 510 525 511 501 490 473 488 490 512 491 501 478 498 515 492 527 521 485 463 452 438 487 496 501 499 497 485 464 467 443 446 469 479 519 504 468 467 505 473 459 475 450 460 452 466 523 550 556 530 535 492 500 494 488 484 451 433 434 493 536 470 484 500 543 534 512 522 530 531 521 462 454 452 479 
vem trace:

