SDId: 34503268
energy: 2.10982e+17
zenith: 0.717984
azimuth: 4.4872
GPSSeconc: 1125274621
stid: 341
spdistance: 2317.84
radio trace:
459 494 532 559 496 508 483 473 445 431 472 516 501 511 535 571 560 525 537 537 539 508 517 505 483 507 512 465 481 426 450 487 466 531 537 526 535 563 503 510 514 523 495 499 519 552 572 558 507 486 512 529 513 541 531 506 506 511 521 521 528 533 539 510 468 520 464 480 481 526 545 532 520 537 527 525 528 519 517 515 512 517 532 522 498 503 514 497 474 505 490 507 488 493 512 520 493 480 507 515 510 528 502 488 501 517 542 540 496 485 485 513 521 505 486 458 467 482 486 471 470 450 453 451 503 521 506 525 509 540 508 491 458 474 451 449 502 547 581 556 541 500 468 493 457 484 482 492 506 517 530 510 543 520 526 520 545 532 519 514 505 510 492 491 473 506 495 503 500 495 483 489 472 512 528 523 501 523 535 553 528 533 536 539 490 449 490 484 478 534 516 483 507 505 489 525 559 508 498 493 549 541 561 522 504 553 543 511 547 541 547 537 522 509 474 499 485 494 491 493 491 513 499 474 461 495 491 510 503 466 468 483 511 520 532 502 498 502 560 516 479 466 494 493 466 489 494 483 550 530 535 513 507 472 459 474 482 465 452 481 514 523 509 514 545 541 486 467 476 443 462 475 522 516 530 506 508 506 524 512 499 493 516 519 502 511 500 506 491 500 518 526 500 498 511 487 484 498 520 514 484 495 493 521 505 533 512 494 498 507 524 503 511 508 524 523 523 518 516 482 471 503 501 494 469 463 471 482 511 505 497 501 511 499 469 473 492 508 502 514 543 541 546 531 541 536 494 468 431 439 449 441 465 481 462 479 481 476 488 512 537 567 556 525 501 497 465 479 499 491 485 477 469 492 486 507 512 538 521 505 544 482 476 471 484 467 494 498 495 522 467 465 472 482 494 499 511 538 553 544 538 557 511 509 494 532 559 502 493 514 536 531 546 518 497 505 498 447 458 452 445 452 451 490 515 487 465 489 520 544 539 493 470 490 484 478 488 521 557 551 519 492 476 497 526 518 521 481 461 501 534 516 548 528 524 524 518 568 554 538 518 487 485 507 523 538 510 482 470 508 506 525 521 504 483 488 506 531 536 533 495 501 499 486 475 488 472 489 486 511 510 512 507 470 449 472 469 484 518 577 542 539 532 498 518 520 506 523 485 494 495 486 441 433 436 456 492 494 530 562 538 548 522 484 503 512 536 550 550 529 490 503 512 530 537 556 502 513 512 521 526 522 489 485 493 481 496 532 497 475 460 476 495 521 529 532 544 556 520 509 537 551 504 496 531 495 514 504 491 474 493 530 513 503 490 519 521 492 521 526 545 500 501 523 507 500 484 524 493 486 502 486 509 537 564 515 481 473 442 450 499 489 477 463 524 567 551 559 521 481 473 496 490 514 504 509 533 537 534 502 500 471 449 478 478 454 448 490 548 529 531 542 553 513 551 528 509 536 500 468 503 526 491 456 463 504 497 532 509 495 486 488 488 491 474 486 491 486 487 509 498 526 497 505 484 500 494 497 469 466 486 484 497 496 506 501 529 546 531 505 470 513 510 507 529 532 509 510 484 517 541 542 508 526 511 509 500 488 502 505 495 495 498 504 461 470 482 496 506 490 474 468 486 457 449 448 479 520 507 516 553 531 538 563 534 518 505 551 546 547 515 475 462 499 468 445 529 560 547 522 500 502 490 502 493 509 543 523 510 504 510 501 531 528 513 477 466 459 465 510 490 542 508 479 527 502 522 526 
vem trace:

stid: 341
spdistance: 2317.84
radio trace:
459 494 532 559 496 508 483 473 445 431 472 516 501 511 535 571 560 525 537 537 539 508 517 505 483 507 512 465 481 426 450 487 466 531 537 526 535 563 503 510 514 523 495 499 519 552 572 558 507 486 512 529 513 541 531 506 506 511 521 521 528 533 539 510 468 520 464 480 481 526 545 532 520 537 527 525 528 519 517 515 512 517 532 522 498 503 514 497 474 505 490 507 488 493 512 520 493 480 507 515 510 528 502 488 501 517 542 540 496 485 485 513 521 505 486 458 467 482 486 471 470 450 453 451 503 521 506 525 509 540 508 491 458 474 451 449 502 547 581 556 541 500 468 493 457 484 482 492 506 517 530 510 543 520 526 520 545 532 519 514 505 510 492 491 473 506 495 503 500 495 483 489 472 512 528 523 501 523 535 553 528 533 536 539 490 449 490 484 478 534 516 483 507 505 489 525 559 508 498 493 549 541 561 522 504 553 543 511 547 541 547 537 522 509 474 499 485 494 491 493 491 513 499 474 461 495 491 510 503 466 468 483 511 520 532 502 498 502 560 516 479 466 494 493 466 489 494 483 550 530 535 513 507 472 459 474 482 465 452 481 514 523 509 514 545 541 486 467 476 443 462 475 522 516 530 506 508 506 524 512 499 493 516 519 502 511 500 506 491 500 518 526 500 498 511 487 484 498 520 514 484 495 493 521 505 533 512 494 498 507 524 503 511 508 524 523 523 518 516 482 471 503 501 494 469 463 471 482 511 505 497 501 511 499 469 473 492 508 502 514 543 541 546 531 541 536 494 468 431 439 449 441 465 481 462 479 481 476 488 512 537 567 556 525 501 497 465 479 499 491 485 477 469 492 486 507 512 538 521 505 544 482 476 471 484 467 494 498 495 522 467 465 472 482 494 499 511 538 553 544 538 557 511 509 494 532 559 502 493 514 536 531 546 518 497 505 498 447 458 452 445 452 451 490 515 487 465 489 520 544 539 493 470 490 484 478 488 521 557 551 519 492 476 497 526 518 521 481 461 501 534 516 548 528 524 524 518 568 554 538 518 487 485 507 523 538 510 482 470 508 506 525 521 504 483 488 506 531 536 533 495 501 499 486 475 488 472 489 486 511 510 512 507 470 449 472 469 484 518 577 542 539 532 498 518 520 506 523 485 494 495 486 441 433 436 456 492 494 530 562 538 548 522 484 503 512 536 550 550 529 490 503 512 530 537 556 502 513 512 521 526 522 489 485 493 481 496 532 497 475 460 476 495 521 529 532 544 556 520 509 537 551 504 496 531 495 514 504 491 474 493 530 513 503 490 519 521 492 521 526 545 500 501 523 507 500 484 524 493 486 502 486 509 537 564 515 481 473 442 450 499 489 477 463 524 567 551 559 521 481 473 496 490 514 504 509 533 537 534 502 500 471 449 478 478 454 448 490 548 529 531 542 553 513 551 528 509 536 500 468 503 526 491 456 463 504 497 532 509 495 486 488 488 491 474 486 491 486 487 509 498 526 497 505 484 500 494 497 469 466 486 484 497 496 506 501 529 546 531 505 470 513 510 507 529 532 509 510 484 517 541 542 508 526 511 509 500 488 502 505 495 495 498 504 461 470 482 496 506 490 474 468 486 457 449 448 479 520 507 516 553 531 538 563 534 518 505 551 546 547 515 475 462 499 468 445 529 560 547 522 500 502 490 502 493 509 543 523 510 504 510 501 531 528 513 477 466 459 465 510 490 542 508 479 527 502 522 526 
vem trace:

stid: 419
spdistance: 667.524
radio trace:
486 450 496 457 405 466 462 429 454 482 475 468 471 475 453 404 433 477 472 470 471 454 435 419 452 489 523 497 519 504 520 460 463 471 453 438 422 432 425 466 439 465 488 494 483 484 481 465 480 469 475 490 489 491 460 463 505 516 487 492 468 465 493 467 470 471 444 482 500 447 416 410 456 450 448 466 470 491 498 490 502 490 460 491 500 482 462 414 470 483 482 519 510 467 460 475 481 478 432 475 509 505 514 512 524 513 518 533 517 503 523 528 527 532 532 459 501 535 541 505 471 504 493 477 497 540 515 495 499 511 467 461 476 450 466 485 469 493 465 427 401 436 480 466 485 454 491 474 469 435 442 483 487 527 519 496 449 485 464 505 444 455 439 448 496 425 443 488 506 498 469 430 495 529 510 532 486 473 514 465 447 406 409 430 464 431 372 416 447 461 483 477 440 473 492 504 493 526 495 422 433 494 483 476 509 517 508 509 458 497 489 478 506 478 498 515 462 475 452 460 473 449 450 425 412 450 461 496 434 438 433 442 439 487 483 470 427 438 423 412 425 406 450 480 474 487 489 509 502 477 497 511 513 467 477 456 492 476 505 494 472 459 457 505 508 473 475 489 467 486 482 530 472 479 468 458 461 462 457 450 491 486 476 434 441 394 437 447 397 425 456 505 462 458 463 489 467 412 429 445 440 508 527 489 477 461 456 458 467 501 499 479 449 488 503 503 504 506 464 428 450 469 446 431 428 463 488 491 450 479 484 485 433 419 429 451 445 455 433 463 470 471 480 460 454 469 425 449 436 442 392 472 510 455 448 415 391 415 417 453 448 501 502 486 465 468 478 490 497 468 440 463 489 483 477 480 478 490 467 489 503 467 468 457 462 475 478 474 442 453 474 489 489 448 441 432 467 482 454 435 471 507 487 517 491 493 505 487 467 421 438 445 502 504 518 504 501 515 515 510 484 518 517 478 447 464 477 489 479 502 519 467 453 464 452 435 458 423 435 467 485 450 460 515 512 475 469 468 461 519 505 474 424 458 494 494 509 501 470 478 498 502 458 505 464 506 500 500 535 542 509 475 471 469 482 468 449 448 477 458 428 410 456 495 439 463 460 478 455 465 419 432 440 459 479 497 472 492 458 477 449 456 479 474 455 511 552 522 457 444 464 506 425 392 435 464 456 482 443 472 487 468 446 453 501 533 502 503 501 528 481 436 485 514 511 474 462 503 474 489 476 430 467 457 464 420 470 474 485 481 431 430 463 486 476 478 471 481 488 471 476 493 456 430 428 445 468 508 479 473 470 468 464 462 474 483 428 431 461 477 508 527 524 526 493 486 458 413 414 453 404 398 435 486 495 472 457 482 494 446 451 475 452 457 476 470 481 457 472 512 494 482 475 456 456 479 479 444 445 446 469 458 489 484 467 453 472 461 466 449 438 417 448 478 479 459 449 498 478 476 460 479 427 441 447 441 471 489 487 472 483 460 435 478 493 471 458 457 458 474 512 506 505 470 479 503 467 467 523 513 479 509 444 497 500 462 469 471 482 506 439 459 435 405 425 404 414 434 453 489 515 494 495 458 449 476 466 492 498 503 502 514 471 472 462 489 468 472 448 402 424 473 486 452 455 470 455 458 484 496 517 524 498 463 443 473 487 470 453 486 490 493 484 464 445 482 525 470 447 491 470 486 470 437 452 458 472 440 443 467 471 491 495 455 429 418 405 448 493 482 524 498 501 538 501 495 462 485 
vem trace:

