SDId: 34529423
energy: 4.45897e+17
zenith: 0.241491
azimuth: 1.0223
GPSSeconc: 1125436498
stid: 341
spdistance: 859
radio trace:
540 579 548 548 558 561 562 574 567 567 568 562 524 505 493 533 572 531 527 525 545 546 551 509 521 502 537 548 507 557 518 536 553 562 556 567 565 521 518 540 540 535 542 519 512 548 560 591 604 625 605 532 489 501 485 493 520 516 505 499 552 573 548 496 549 582 578 550 503 468 466 526 516 513 514 534 499 459 462 461 469 503 522 503 518 521 498 529 523 536 538 520 537 541 525 532 562 569 541 551 536 526 529 505 489 470 529 558 548 543 537 498 482 512 537 571 550 516 547 587 529 515 532 522 557 540 520 506 521 509 550 540 499 512 517 538 580 552 556 536 523 553 543 538 551 549 553 518 550 545 597 587 560 530 521 523 562 565 572 571 513 512 517 543 572 552 512 516 514 532 559 548 519 482 529 541 537 520 547 509 489 482 488 508 517 515 527 531 537 542 510 487 510 538 555 540 512 517 530 567 559 536 570 549 576 567 567 563 561 526 526 521 535 543 564 582 538 510 531 563 617 624 587 589 589 614 606 553 542 553 587 558 541 510 490 479 485 488 496 516 577 607 569 583 565 587 560 543 534 570 540 523 501 493 535 579 554 523 536 534 502 519 547 565 545 536 563 588 575 563 545 600 554 543 523 462 473 528 522 498 554 601 563 535 547 533 523 547 495 483 530 529 494 502 503 518 478 497 525 563 573 577 530 550 575 575 533 512 528 561 552 492 535 582 634 598 555 551 532 517 545 550 555 563 583 549 558 558 566 535 546 534 539 564 551 518 512 519 521 545 562 540 517 553 548 506 511 556 540 552 548 552 542 491 520 536 588 606 579 551 526 537 549 535 567 589 548 515 544 574 580 615 582 566 569 571 519 554 570 528 499 518 533 525 544 509 508 533 537 563 596 588 573 537 548 563 566 524 524 503 455 517 536 550 526 517 514 496 524 543 505 517 519 526 545 534 482 531 548 533 571 565 556 577 568 518 481 488 468 458 513 504 497 527 559 566 548 552 558 568 559 565 536 545 563 564 562 535 505 516 546 564 553 538 504 542 585 548 565 578 565 524 535 518 492 572 564 528 507 498 518 537 540 552 544 541 577 527 530 522 483 538 554 579 602 572 549 507 550 542 539 527 483 498 526 529 508 521 518 517 532 546 530 505 523 557 540 520 494 498 500 487 524 542 546 517 514 514 528 535 550 502 508 504 527 526 503 540 585 586 560 565 543 551 574 542 550 581 553 580 585 620 572 544 563 549 506 495 541 534 521 534 530 485 518 582 538 559 597 540 523 549 547 557 523 536 550 561 606 590 584 538 532 532 516 552 564 550 555 512 485 501 506 534 550 559 589 578 586 596 517 509 490 501 494 492 518 527 523 554 530 497 516 527 536 575 574 575 526 541 528 548 538 540 539 553 578 560 554 559 595 577 541 555 560 554 557 564 564 536 565 539 517 504 485 528 550 548 570 567 481 503 517 535 547 541 579 581 543 509 511 568 534 560 573 529 553 551 541 598 564 551 528 530 570 539 523 539 566 554 496 506 509 536 546 555 548 546 554 532 566 569 540 551 552 536 556 574 542 534 551 565 530 571 588 612 544 521 550 539 550 551 546 546 535 544 537 553 523 590 588 547 556 508 512 526 533 530 519 537 539 546 556 518 542 559 521 519 513 523 579 571 595 575 597 531 524 523 564 546 509 511 524 535 515 530 580 560 509 490 488 538 550 531 513 522 518 567 586 544 518 556 530 570 598 612 555 558 
vem trace:

stid: 341
spdistance: 859
radio trace:
540 579 548 548 558 561 562 574 567 567 568 562 524 505 493 533 572 531 527 525 545 546 551 509 521 502 537 548 507 557 518 536 553 562 556 567 565 521 518 540 540 535 542 519 512 548 560 591 604 625 605 532 489 501 485 493 520 516 505 499 552 573 548 496 549 582 578 550 503 468 466 526 516 513 514 534 499 459 462 461 469 503 522 503 518 521 498 529 523 536 538 520 537 541 525 532 562 569 541 551 536 526 529 505 489 470 529 558 548 543 537 498 482 512 537 571 550 516 547 587 529 515 532 522 557 540 520 506 521 509 550 540 499 512 517 538 580 552 556 536 523 553 543 538 551 549 553 518 550 545 597 587 560 530 521 523 562 565 572 571 513 512 517 543 572 552 512 516 514 532 559 548 519 482 529 541 537 520 547 509 489 482 488 508 517 515 527 531 537 542 510 487 510 538 555 540 512 517 530 567 559 536 570 549 576 567 567 563 561 526 526 521 535 543 564 582 538 510 531 563 617 624 587 589 589 614 606 553 542 553 587 558 541 510 490 479 485 488 496 516 577 607 569 583 565 587 560 543 534 570 540 523 501 493 535 579 554 523 536 534 502 519 547 565 545 536 563 588 575 563 545 600 554 543 523 462 473 528 522 498 554 601 563 535 547 533 523 547 495 483 530 529 494 502 503 518 478 497 525 563 573 577 530 550 575 575 533 512 528 561 552 492 535 582 634 598 555 551 532 517 545 550 555 563 583 549 558 558 566 535 546 534 539 564 551 518 512 519 521 545 562 540 517 553 548 506 511 556 540 552 548 552 542 491 520 536 588 606 579 551 526 537 549 535 567 589 548 515 544 574 580 615 582 566 569 571 519 554 570 528 499 518 533 525 544 509 508 533 537 563 596 588 573 537 548 563 566 524 524 503 455 517 536 550 526 517 514 496 524 543 505 517 519 526 545 534 482 531 548 533 571 565 556 577 568 518 481 488 468 458 513 504 497 527 559 566 548 552 558 568 559 565 536 545 563 564 562 535 505 516 546 564 553 538 504 542 585 548 565 578 565 524 535 518 492 572 564 528 507 498 518 537 540 552 544 541 577 527 530 522 483 538 554 579 602 572 549 507 550 542 539 527 483 498 526 529 508 521 518 517 532 546 530 505 523 557 540 520 494 498 500 487 524 542 546 517 514 514 528 535 550 502 508 504 527 526 503 540 585 586 560 565 543 551 574 542 550 581 553 580 585 620 572 544 563 549 506 495 541 534 521 534 530 485 518 582 538 559 597 540 523 549 547 557 523 536 550 561 606 590 584 538 532 532 516 552 564 550 555 512 485 501 506 534 550 559 589 578 586 596 517 509 490 501 494 492 518 527 523 554 530 497 516 527 536 575 574 575 526 541 528 548 538 540 539 553 578 560 554 559 595 577 541 555 560 554 557 564 564 536 565 539 517 504 485 528 550 548 570 567 481 503 517 535 547 541 579 581 543 509 511 568 534 560 573 529 553 551 541 598 564 551 528 530 570 539 523 539 566 554 496 506 509 536 546 555 548 546 554 532 566 569 540 551 552 536 556 574 542 534 551 565 530 571 588 612 544 521 550 539 550 551 546 546 535 544 537 553 523 590 588 547 556 508 512 526 533 530 519 537 539 546 556 518 542 559 521 519 513 523 579 571 595 575 597 531 524 523 564 546 509 511 524 535 515 530 580 560 509 490 488 538 550 531 513 522 518 567 586 544 518 556 530 570 598 612 555 558 
vem trace:

stid: 343
spdistance: 988.25
radio trace:
494 471 452 448 451 471 470 446 463 491 497 516 491 507 532 499 478 472 479 487 492 483 474 484 497 501 498 493 491 521 532 512 503 487 466 490 517 493 494 474 480 522 550 534 504 508 488 508 501 526 489 470 492 502 485 486 488 482 477 464 459 470 473 494 523 521 487 485 488 485 501 515 504 500 507 487 492 453 462 476 453 455 448 455 470 458 491 484 471 471 487 487 508 491 470 471 487 497 524 491 478 496 510 522 483 471 508 500 497 488 507 512 496 506 496 510 513 478 471 446 482 487 467 470 473 479 502 487 502 498 522 472 476 486 499 484 481 473 491 494 497 483 499 480 486 476 488 504 501 526 513 491 479 470 457 504 503 503 480 475 472 477 479 494 519 493 467 472 511 492 480 452 441 431 441 467 473 495 508 507 494 509 514 520 519 508 499 498 491 479 481 481 515 533 533 512 511 493 491 454 481 476 484 488 508 496 462 441 472 483 492 487 499 504 490 502 493 472 486 490 464 444 454 470 478 476 452 489 490 494 480 483 481 463 470 502 507 496 510 503 473 465 488 496 504 487 466 483 459 445 443 472 488 514 502 498 487 509 526 510 507 524 503 488 498 494 483 508 512 489 487 477 479 453 476 486 487 498 489 483 477 464 465 474 456 491 504 522 500 478 480 478 491 495 505 507 482 475 491 471 490 495 463 476 459 455 473 493 505 471 476 478 488 478 457 457 470 477 484 504 485 468 488 482 462 498 502 466 449 440 470 456 465 487 477 463 455 481 477 468 473 479 480 486 456 469 478 465 475 477 491 479 465 492 478 497 493 473 481 498 475 471 461 457 440 492 464 447 470 467 480 471 481 486 497 511 508 489 487 495 464 442 496 517 508 473 491 495 515 505 501 499 491 512 504 501 493 488 509 490 488 482 480 482 501 494 504 492 505 498 482 479 468 479 504 506 505 474 475 448 471 473 503 487 479 477 485 504 489 493 483 500 485 476 480 489 492 492 482 432 438 470 493 480 493 481 497 512 479 515 519 495 478 498 491 466 471 477 483 467 482 495 498 531 510 510 503 527 513 503 504 503 496 503 507 506 510 502 487 503 472 488 501 479 495 492 500 506 498 473 440 471 485 492 501 484 450 458 486 473 491 486 478 478 473 469 460 512 531 524 508 508 512 483 468 460 438 449 467 483 494 485 506 496 493 500 496 479 476 487 489 495 500 506 497 491 489 503 491 482 491 478 487 491 487 496 508 515 487 483 483 492 498 468 495 510 504 513 505 509 512 490 476 493 501 512 516 498 511 510 486 513 500 474 475 491 485 480 490 459 473 477 496 505 491 509 491 513 501 483 502 543 527 522 517 517 529 504 503 523 480 501 475 477 466 458 482 489 477 494 499 508 528 509 490 488 489 483 482 495 487 481 482 500 494 476 455 493 499 491 477 459 500 511 499 488 488 497 519 528 524 491 487 506 513 498 455 473 472 478 463 468 491 510 533 493 481 478 487 494 493 514 508 541 518 508 478 487 469 508 498 462 473 448 465 485 484 482 484 490 488 506 498 503 496 511 531 513 490 450 442 445 458 482 525 510 489 487 484 483 483 486 508 491 491 499 495 501 487 501 483 496 532 514 489 487 482 495 482 489 464 484 494 507 484 485 468 470 463 478 483 494 491 500 493 475 490 473 502 509 487 505 510 509 495 491 498 480 462 478 467 461 465 494 487 468 494 513 516 515 478 495 532 498 487 517 513 513 
vem trace:

