SDId: 34538377
energy: 2.28637e+17
zenith: 0.443096
azimuth: 5.65596
GPSSeconc: 1125478395
stid: 342
spdistance: 754.271
radio trace:
405 404 384 350 404 387 405 443 436 436 452 431 427 406 394 405 383 393 406 411 391 371 395 398 372 379 390 410 426 409 369 376 392 371 393 398 403 404 380 409 429 424 396 357 356 360 345 361 370 376 387 380 394 399 389 385 358 373 374 359 369 410 441 415 383 369 354 384 394 404 421 402 392 416 430 434 408 388 392 420 410 395 434 401 388 354 359 355 364 383 386 400 423 392 372 365 368 376 367 376 370 375 401 420 411 387 397 401 367 377 388 404 434 403 416 425 389 393 412 421 379 405 423 414 398 396 394 413 423 380 381 401 402 419 439 423 419 402 394 396 397 391 400 411 400 384 397 402 388 420 418 391 365 381 406 421 421 405 381 397 368 383 410 407 403 398 405 405 398 408 408 380 389 412 427 422 411 406 407 391 364 374 418 397 398 402 410 402 387 394 398 396 380 354 400 409 411 371 366 392 399 391 407 410 418 436 387 385 401 423 428 400 392 406 384 380 372 380 389 395 380 402 424 390 381 409 393 356 368 365 392 409 434 427 425 424 401 398 401 406 397 393 418 431 423 411 406 400 408 423 433 400 395 410 411 412 408 408 408 383 403 414 403 369 381 378 398 392 362 379 403 430 399 425 419 422 421 424 421 421 417 399 412 407 415 386 402 395 422 411 377 383 399 397 389 382 395 396 389 401 411 416 409 394 370 374 382 359 383 403 409 411 408 364 388 390 405 416 426 413 399 403 406 381 384 403 385 376 400 400 402 411 402 398 390 353 345 360 397 446 433 408 411 431 413 413 414 406 407 392 396 388 389 380 392 417 398 415 411 389 379 385 421 410 411 408 408 397 390 390 395 389 363 403 404 425 403 388 352 377 385 373 376 398 435 434 425 440 417 376 398 399 429 404 394 392 392 404 382 402 393 410 407 414 387 406 422 428 409 390 377 386 411 417 391 396 382 383 372 409 400 392 408 426 405 385 376 392 387 382 400 386 386 402 420 411 401 407 409 404 391 404 395 390 426 428 407 415 387 381 369 369 369 379 383 427 433 424 393 384 388 399 406 398 433 436 424 427 384 393 400 424 409 426 396 400 388 398 404 369 384 391 380 390 416 411 413 397 405 404 412 425 411 393 393 389 384 395 398 390 387 396 392 387 382 399 381 377 372 426 402 404 405 381 402 393 393 415 425 383 384 411 408 398 399 392 395 404 378 392 371 393 396 424 406 406 402 405 410 392 395 391 376 390 388 383 369 380 406 408 408 408 405 385 395 425 427 396 417 402 417 396 405 402 402 441 426 412 419 400 433 380 392 405 403 400 400 370 381 378 391 404 387 372 364 390 381 382 412 407 420 414 403 409 394 392 374 369 372 378 406 409 399 397 379 405 409 394 389 379 393 392 388 385 393 404 403 420 396 366 348 380 377 402 413 379 364 359 377 399 369 396 397 409 384 363 350 367 367 353 400 416 411 405 394 380 407 435 395 372 392 391 400 398 378 414 393 383 417 378 346 359 408 426 422 399 397 394 399 406 398 397 389 372 375 396 411 413 401 398 376 385 371 365 378 368 366 356 381 399 389 387 391 398 398 420 394 387 381 402 410 403 402 393 374 384 389 395 382 416 400 387 407 383 400 408 404 420 409 390 402 380 378 420 416 386 394 417 380 406 418 423 424 426 424 405 376 393 394 403 375 392 388 390 420 435 406 378 384 376 383 374 396 405 399 423 401 391 390 390 419 402 382 394 372 370 356 409 
vem trace:

stid: 419
spdistance: 846.021
radio trace:
419 401 409 400 437 469 446 440 492 415 412 411 458 470 498 518 465 423 458 471 397 405 393 440 396 364 414 399 354 416 450 447 464 444 420 418 439 413 402 422 363 366 370 416 388 409 425 469 445 413 447 431 460 399 439 412 461 481 479 498 466 414 370 397 431 443 455 460 439 411 447 466 463 378 371 412 369 382 397 402 393 446 477 420 390 405 391 383 439 407 369 359 409 420 402 402 437 471 431 409 415 425 425 451 430 447 434 392 434 424 437 434 440 423 446 391 408 413 417 393 381 365 406 419 425 436 420 431 429 382 314 348 385 414 378 372 405 368 419 417 446 441 452 474 446 477 445 464 425 415 393 414 379 441 479 447 429 442 379 389 387 395 439 416 455 438 447 438 412 386 375 407 395 479 466 441 443 484 495 463 446 454 480 468 420 462 457 419 442 433 431 464 430 453 474 494 442 432 420 384 418 424 427 435 470 434 433 452 440 409 400 392 439 481 449 417 445 415 419 402 428 447 474 448 386 426 453 501 459 426 449 469 426 422 387 417 411 397 431 402 408 433 432 455 472 419 453 455 430 410 453 409 409 452 445 429 445 425 418 419 447 435 428 426 441 429 413 450 438 429 418 412 452 447 455 396 414 406 412 418 410 426 375 397 430 397 403 434 438 440 413 443 450 400 365 364 402 364 388 409 389 431 445 445 464 419 408 411 424 450 456 446 451 476 480 451 433 455 462 453 501 447 384 404 404 396 425 454 409 391 404 451 470 479 465 433 469 457 443 442 474 419 440 463 463 484 446 435 467 461 443 444 472 452 419 475 493 462 360 359 402 439 433 448 453 478 474 459 470 436 460 480 445 441 442 462 445 420 466 459 436 408 426 458 472 449 417 416 405 414 406 431 405 415 400 402 397 409 418 449 446 418 412 386 401 397 415 408 466 431 417 437 450 430 433 467 509 463 421 429 422 411 349 390 402 426 402 424 439 456 485 443 436 415 427 454 459 433 422 410 442 394 387 379 383 384 393 394 418 400 368 404 375 419 461 466 437 434 441 430 406 401 417 403 440 431 466 497 457 458 361 374 382 459 462 443 446 442 447 448 410 382 355 403 434 464 433 417 427 422 351 380 385 389 438 423 456 419 391 422 434 468 434 424 442 424 382 395 426 468 476 465 442 414 455 489 463 478 491 510 437 403 388 407 409 448 421 370 402 390 349 399 419 433 402 425 415 425 449 451 411 399 438 428 428 429 417 437 423 444 416 402 440 364 395 377 380 394 414 449 431 422 448 461 508 484 418 432 449 466 375 363 379 427 434 423 436 456 386 353 374 437 463 455 469 461 458 456 511 456 383 387 406 395 422 440 430 433 454 478 489 470 460 437 446 480 475 432 475 462 443 469 430 449 397 445 452 432 417 411 428 453 486 438 407 407 449 459 416 444 468 400 413 467 464 490 449 437 400 415 449 466 461 404 394 447 426 388 369 437 441 437 409 481 489 480 439 467 480 480 469 469 481 422 418 391 352 388 408 419 425 437 421 435 455 460 482 477 464 485 457 501 471 473 459 424 415 428 409 406 406 418 428 441 412 436 430 434 396 401 428 433 419 437 449 437 398 427 468 425 401 421 426 414 393 385 363 367 406 415 425 448 461 463 469 427 408 427 425 428 425 393 430 406 403 385 402 392 396 409 403 385 361 388 385 399 402 405 438 471 479 479 409 373 371 396 358 386 375 425 393 412 478 471 461 439 444 419 
vem trace:

