SDId: 34865701
energy: 1.88067e+17
zenith: 0.63229
azimuth: 1.26959
GPSSeconc: 1127499445
stid: 343
spdistance: 655.929
radio trace:
465 466 468 459 455 479 486 470 478 497 493 487 479 460 478 478 475 485 500 503 497 487 523 515 505 513 498 499 492 460 459 490 484 497 501 466 472 452 491 513 477 511 492 502 488 472 472 497 513 508 486 499 473 490 454 489 516 523 487 490 500 492 523 507 490 480 478 492 489 457 476 498 506 491 466 483 491 501 503 501 486 478 453 449 475 501 487 499 517 518 510 509 475 492 496 486 480 493 489 484 486 518 508 500 480 487 478 494 495 482 503 486 459 465 474 467 472 486 468 496 487 493 520 518 515 513 515 496 494 472 478 476 492 497 500 473 457 474 494 496 495 497 505 500 501 510 506 483 512 514 496 473 461 489 511 526 510 496 506 479 477 487 484 480 474 479 483 471 501 514 511 511 513 510 500 498 486 494 495 459 481 466 476 498 501 475 489 505 502 509 463 481 494 483 461 453 438 461 488 464 459 457 454 482 506 482 482 478 489 496 515 512 507 500 479 477 503 507 487 504 514 486 489 535 513 498 492 490 493 492 504 531 517 515 500 510 507 515 502 491 491 519 515 505 514 506 478 466 454 472 462 485 491 472 478 472 491 506 483 465 471 489 513 481 518 523 504 503 492 476 497 511 502 482 503 523 518 516 513 501 473 481 505 507 494 491 501 495 504 501 480 502 489 469 479 496 501 520 519 493 468 470 504 488 499 503 484 512 501 475 458 452 483 491 479 501 508 505 505 504 502 501 502 505 480 483 503 481 486 477 488 486 485 492 523 515 504 491 507 512 489 494 479 480 503 511 498 512 504 505 502 487 493 492 498 472 502 494 500 498 501 477 460 477 489 496 511 520 502 480 473 489 499 508 506 495 498 481 498 473 455 478 476 484 473 485 471 446 456 456 475 485 462 498 487 488 501 513 507 499 502 483 473 459 462 482 501 499 479 503 510 518 516 512 465 471 467 454 459 474 465 494 480 498 485 493 507 482 491 499 518 509 469 477 486 469 447 468 495 523 481 469 442 453 476 483 487 470 482 502 519 491 482 489 520 474 460 461 481 488 504 467 485 480 500 504 494 484 510 500 503 500 516 520 488 475 489 488 497 490 490 496 482 492 470 479 470 473 473 470 472 503 519 510 498 474 434 458 451 450 452 477 502 489 486 496 503 520 532 517 502 509 506 496 486 491 510 507 508 526 510 488 490 484 487 470 472 498 496 508 526 503 467 457 487 483 492 470 465 485 480 481 474 477 506 528 524 528 510 504 495 486 497 492 503 491 524 526 508 509 508 500 512 527 505 484 489 474 499 498 483 484 473 485 471 454 477 476 487 487 503 495 503 500 495 476 457 463 490 519 506 524 521 493 483 488 493 474 494 518 504 469 487 484 449 446 473 490 498 486 475 511 511 497 479 477 478 492 498 488 463 503 534 508 506 511 503 485 491 504 492 488 466 454 486 488 488 505 488 468 500 519 487 458 457 460 477 481 450 475 462 467 480 501 500 515 501 488 479 502 480 451 473 493 487 483 472 477 484 473 492 493 484 478 503 480 500 524 484 469 488 476 486 493 506 494 483 483 497 489 486 491 481 500 468 473 490 506 508 488 480 498 494 488 474 470 457 502 503 505 527 498 479 495 487 488 455 457 486 487 491 481 485 488 499 511 507 503 508 515 507 485 489 467 470 473 489 468 466 456 493 517 470 502 508 479 468 480 476 472 465 499 501 484 467 470 475 486 485 486 465 457 465 464 475 470 473 489 
vem trace:

stid: 341
spdistance: 834.103
radio trace:
537 533 546 520 515 490 520 500 540 477 483 494 492 505 478 530 543 568 558 544 520 511 527 524 500 533 563 580 564 522 544 568 574 548 541 542 547 531 535 520 526 523 530 558 559 529 464 496 534 567 564 589 598 550 521 510 511 478 483 494 482 523 534 492 471 489 501 537 553 524 514 562 521 526 555 557 527 513 482 511 559 511 548 578 561 535 504 541 565 553 520 513 573 571 526 477 490 531 535 492 524 528 550 546 538 522 552 578 550 554 561 562 548 560 535 567 523 494 522 486 489 511 493 526 538 519 514 506 528 519 508 545 556 545 538 514 527 510 520 505 537 551 547 531 585 560 519 548 579 546 602 577 557 540 576 582 586 565 561 527 539 554 575 587 579 537 557 573 560 553 571 536 523 572 551 519 511 512 504 537 529 516 567 574 568 550 562 519 527 565 565 552 496 503 517 510 505 525 520 530 539 475 510 527 551 544 555 553 569 558 536 551 563 536 545 529 560 522 491 492 549 592 598 587 535 542 583 594 564 570 562 515 544 579 559 573 589 531 548 548 509 549 536 525 523 529 503 503 531 560 567 555 545 539 532 553 560 530 531 530 563 539 495 553 589 572 539 556 533 539 552 532 510 530 524 548 560 587 572 546 523 523 543 544 534 530 515 512 503 562 532 551 537 526 503 524 567 544 518 538 573 551 527 532 501 488 522 511 550 569 553 511 534 567 589 595 614 587 539 539 562 557 522 518 513 505 536 561 532 549 535 558 499 483 473 507 540 565 572 563 555 533 526 546 571 586 561 523 483 486 545 578 557 537 522 520 496 502 487 510 525 595 600 599 579 532 549 559 530 507 553 569 618 609 593 555 515 500 499 508 578 568 539 495 522 501 510 518 541 527 552 588 563 539 527 562 554 554 538 509 528 521 529 552 575 555 565 582 585 521 528 535 543 505 524 543 571 554 531 531 508 499 489 485 495 491 513 503 507 477 459 489 562 550 570 559 527 493 535 565 545 547 560 532 499 523 533 526 533 548 575 572 593 563 560 531 531 536 529 542 533 537 546 555 543 515 535 546 563 577 579 520 515 528 531 527 536 546 537 535 543 562 538 556 559 585 584 546 547 526 523 505 499 539 572 579 582 581 552 543 530 547 560 552 519 518 511 534 564 572 580 558 569 540 601 542 564 569 531 548 577 574 581 552 514 510 520 512 498 551 567 533 534 528 526 505 498 522 514 485 496 524 449 461 523 525 517 546 531 540 521 527 543 556 539 525 515 528 534 552 562 531 554 535 517 536 498 507 474 486 510 510 558 550 502 498 534 572 584 538 534 515 510 512 536 525 505 515 512 586 613 571 561 574 565 533 511 528 523 567 541 547 542 532 522 523 550 580 533 514 521 536 555 573 558 527 503 509 568 560 575 546 527 540 588 579 527 505 548 586 584 575 550 525 530 540 528 515 537 556 538 521 521 552 535 525 536 553 524 514 524 533 534 574 550 587 601 576 580 588 570 564 578 572 568 578 554 521 505 524 564 574 562 534 541 529 532 540 550 556 554 588 549 529 503 484 509 548 536 542 520 500 490 525 509 523 517 491 491 516 534 495 524 560 517 505 496 486 555 581 590 567 584 603 577 570 543 523 495 510 552 539 537 511 485 514 515 528 540 541 549 566 562 565 545 551 573 589 560 558 512 513 521 572 509 508 524 536 534 485 495 505 523 481 520 543 553 573 540 519 554 543 532 524 552 556 565 515 
vem trace:

stid: 341
spdistance: 834.103
radio trace:
537 533 546 520 515 490 520 500 540 477 483 494 492 505 478 530 543 568 558 544 520 511 527 524 500 533 563 580 564 522 544 568 574 548 541 542 547 531 535 520 526 523 530 558 559 529 464 496 534 567 564 589 598 550 521 510 511 478 483 494 482 523 534 492 471 489 501 537 553 524 514 562 521 526 555 557 527 513 482 511 559 511 548 578 561 535 504 541 565 553 520 513 573 571 526 477 490 531 535 492 524 528 550 546 538 522 552 578 550 554 561 562 548 560 535 567 523 494 522 486 489 511 493 526 538 519 514 506 528 519 508 545 556 545 538 514 527 510 520 505 537 551 547 531 585 560 519 548 579 546 602 577 557 540 576 582 586 565 561 527 539 554 575 587 579 537 557 573 560 553 571 536 523 572 551 519 511 512 504 537 529 516 567 574 568 550 562 519 527 565 565 552 496 503 517 510 505 525 520 530 539 475 510 527 551 544 555 553 569 558 536 551 563 536 545 529 560 522 491 492 549 592 598 587 535 542 583 594 564 570 562 515 544 579 559 573 589 531 548 548 509 549 536 525 523 529 503 503 531 560 567 555 545 539 532 553 560 530 531 530 563 539 495 553 589 572 539 556 533 539 552 532 510 530 524 548 560 587 572 546 523 523 543 544 534 530 515 512 503 562 532 551 537 526 503 524 567 544 518 538 573 551 527 532 501 488 522 511 550 569 553 511 534 567 589 595 614 587 539 539 562 557 522 518 513 505 536 561 532 549 535 558 499 483 473 507 540 565 572 563 555 533 526 546 571 586 561 523 483 486 545 578 557 537 522 520 496 502 487 510 525 595 600 599 579 532 549 559 530 507 553 569 618 609 593 555 515 500 499 508 578 568 539 495 522 501 510 518 541 527 552 588 563 539 527 562 554 554 538 509 528 521 529 552 575 555 565 582 585 521 528 535 543 505 524 543 571 554 531 531 508 499 489 485 495 491 513 503 507 477 459 489 562 550 570 559 527 493 535 565 545 547 560 532 499 523 533 526 533 548 575 572 593 563 560 531 531 536 529 542 533 537 546 555 543 515 535 546 563 577 579 520 515 528 531 527 536 546 537 535 543 562 538 556 559 585 584 546 547 526 523 505 499 539 572 579 582 581 552 543 530 547 560 552 519 518 511 534 564 572 580 558 569 540 601 542 564 569 531 548 577 574 581 552 514 510 520 512 498 551 567 533 534 528 526 505 498 522 514 485 496 524 449 461 523 525 517 546 531 540 521 527 543 556 539 525 515 528 534 552 562 531 554 535 517 536 498 507 474 486 510 510 558 550 502 498 534 572 584 538 534 515 510 512 536 525 505 515 512 586 613 571 561 574 565 533 511 528 523 567 541 547 542 532 522 523 550 580 533 514 521 536 555 573 558 527 503 509 568 560 575 546 527 540 588 579 527 505 548 586 584 575 550 525 530 540 528 515 537 556 538 521 521 552 535 525 536 553 524 514 524 533 534 574 550 587 601 576 580 588 570 564 578 572 568 578 554 521 505 524 564 574 562 534 541 529 532 540 550 556 554 588 549 529 503 484 509 548 536 542 520 500 490 525 509 523 517 491 491 516 534 495 524 560 517 505 496 486 555 581 590 567 584 603 577 570 543 523 495 510 552 539 537 511 485 514 515 528 540 541 549 566 562 565 545 551 573 589 560 558 512 513 521 572 509 508 524 536 534 485 495 505 523 481 520 543 553 573 540 519 554 543 532 524 552 556 565 515 
vem trace:

