SDId: 34610199
energy: 5.57047e+17
zenith: 0.543945
azimuth: 2.96491
GPSSeconc: 1126041281
stid: 419
spdistance: 784.169
radio trace:
504 461 466 478 465 443 472 487 524 508 502 465 433 448 435 467 488 525 522 509 474 478 470 455 501 502 481 465 473 476 429 454 471 507 481 495 497 467 504 499 529 486 479 481 500 526 479 468 491 494 460 476 492 479 448 445 501 473 478 497 505 483 507 502 467 471 500 517 507 503 504 501 505 508 527 554 549 526 530 524 509 452 467 483 484 465 428 443 477 515 492 538 530 515 483 415 430 453 469 477 496 513 529 529 464 454 478 481 483 498 479 542 557 579 518 506 490 522 532 502 477 460 477 449 470 484 483 524 497 484 472 497 537 510 507 531 506 506 501 480 486 532 558 563 534 491 468 490 490 506 486 474 539 553 522 515 539 524 495 493 503 455 465 436 432 476 520 509 519 522 516 495 490 464 511 540 528 466 452 474 451 495 532 505 491 491 497 503 471 488 476 493 475 485 471 470 489 509 505 496 518 501 459 522 581 538 492 528 511 519 524 497 510 526 516 519 515 496 506 464 486 490 479 474 508 505 497 495 491 469 458 484 430 435 450 452 409 445 507 518 491 460 438 439 406 465 515 492 486 521 462 444 452 491 497 517 523 520 495 474 435 445 501 501 515 478 486 499 454 443 467 468 460 415 426 428 412 393 446 455 501 505 520 529 498 496 496 503 450 436 456 456 487 470 498 518 489 489 495 498 521 464 474 496 447 432 492 505 467 478 497 443 462 479 478 480 498 497 521 539 545 486 495 483 489 482 529 541 514 504 489 472 480 513 483 460 491 482 456 470 496 496 488 514 513 458 500 487 508 508 525 546 556 546 530 496 513 494 490 487 497 504 483 433 435 432 469 471 517 519 530 502 504 484 508 513 474 446 510 538 514 437 451 464 520 451 422 428 456 483 506 489 506 501 467 427 421 452 495 461 436 442 474 497 517 504 446 488 517 489 493 506 511 461 483 482 497 496 472 458 479 493 452 424 462 428 420 444 486 547 504 472 509 454 514 478 455 466 436 439 469 515 516 524 517 536 532 469 500 507 529 509 537 548 552 538 523 533 533 529 499 484 506 479 484 502 509 514 527 522 501 508 506 513 477 452 436 429 453 498 520 530 524 506 483 480 495 491 483 554 522 509 478 483 474 480 492 460 444 502 446 459 479 508 524 481 491 521 517 454 476 512 533 504 503 531 534 510 487 489 504 497 521 460 415 457 496 482 461 467 499 527 471 478 456 474 511 484 481 488 484 496 483 489 514 528 571 503 471 496 507 486 544 539 464 443 490 508 496 490 499 504 485 468 491 517 502 527 549 512 498 506 508 530 513 488 492 481 478 470 495 500 471 488 493 504 515 481 511 512 495 487 530 552 526 491 452 479 465 475 499 516 544 562 559 483 488 492 448 466 436 472 465 435 488 534 539 532 515 494 530 472 452 468 488 450 476 517 482 411 465 465 445 479 493 524 529 571 557 528 508 450 490 496 435 495 469 493 475 502 521 523 545 538 557 510 494 478 493 486 511 498 497 509 493 464 452 449 485 544 534 534 514 501 503 479 496 476 453 468 462 461 454 451 467 452 455 403 414 490 506 496 489 490 485 486 503 511 475 454 450 488 471 480 511 508 525 509 500 484 484 506 505 451 454 487 495 485 494 463 516 493 476 529 539 496 489 516 545 552 557 552 519 511 509 506 530 533 471 455 453 445 477 467 426 432 447 453 465 504 488 481 456 488 461 474 495 521 462 406 422 471 430 460 521 505 511 497 
vem trace:

stid: 342
spdistance: 837.941
radio trace:
471 492 482 497 518 487 484 506 463 450 434 428 420 402 452 465 437 444 433 425 446 444 459 449 478 483 453 467 487 470 464 461 502 520 507 515 494 468 470 478 493 503 491 467 474 463 489 484 471 460 445 435 451 480 479 479 493 495 501 457 444 447 449 461 491 489 494 466 469 454 472 433 444 440 467 429 445 466 440 455 444 446 471 473 473 483 476 438 432 450 445 445 446 451 460 436 448 441 436 455 455 443 401 425 444 461 474 463 477 458 456 462 450 496 466 460 434 481 469 481 465 475 496 462 497 486 439 458 500 507 494 496 469 472 458 444 472 492 470 424 433 442 452 455 506 529 523 513 488 473 476 520 507 445 455 467 465 460 456 422 447 482 481 472 460 444 448 427 432 456 436 458 440 436 471 458 448 445 459 493 479 467 461 444 443 454 482 495 476 488 481 475 473 508 502 484 465 451 469 464 432 445 439 421 416 445 464 456 434 425 417 410 442 465 452 474 462 438 449 494 524 512 501 477 441 451 454 464 466 457 446 509 494 482 463 435 449 449 487 480 441 430 431 442 441 471 479 434 453 445 452 466 450 422 434 450 471 470 473 462 473 464 454 466 458 467 468 451 447 422 462 475 484 520 525 457 468 473 469 456 447 448 450 443 460 444 479 454 457 468 478 455 437 476 473 458 457 449 460 463 445 447 439 466 516 490 471 456 473 468 462 480 459 461 476 465 443 456 456 475 486 446 426 458 461 423 446 480 493 503 471 454 462 486 478 441 437 447 437 439 470 485 522 511 500 489 459 470 497 462 460 461 451 449 453 454 438 450 464 455 432 438 472 455 466 460 440 469 461 483 479 466 422 452 509 512 483 480 494 490 483 463 449 445 446 477 472 435 424 449 445 456 475 457 449 486 506 501 467 447 471 454 437 416 443 442 456 472 476 495 484 471 451 469 484 485 480 452 452 465 453 457 438 436 454 472 472 486 472 455 470 491 476 483 453 428 433 419 386 425 454 489 497 497 464 470 462 476 495 462 464 430 428 418 442 430 443 456 441 471 427 458 466 486 506 523 517 491 507 514 493 484 511 529 487 466 469 461 424 458 491 456 446 418 403 428 451 472 477 474 497 469 448 475 472 448 467 479 470 501 481 475 465 435 468 476 445 408 399 441 453 400 425 421 458 465 450 427 416 428 412 467 459 460 460 457 463 495 491 441 429 460 431 441 473 466 461 462 480 478 475 474 489 475 507 515 518 511 507 468 433 440 435 441 443 450 468 470 429 483 500 487 461 448 445 463 425 459 483 476 453 472 482 455 480 442 450 467 488 470 429 430 443 435 451 450 491 488 493 488 460 445 483 503 504 475 472 463 457 459 472 487 476 455 447 483 508 495 446 457 471 457 420 418 421 422 417 431 461 475 469 447 473 505 488 438 473 493 471 454 446 475 465 462 475 478 471 473 471 476 491 486 468 476 471 495 458 479 457 432 435 452 492 457 460 475 482 479 455 443 455 446 446 424 439 451 422 434 462 492 485 470 477 476 493 481 476 454 479 497 481 461 454 442 482 493 505 483 491 483 459 430 464 456 482 458 437 488 496 485 476 429 428 467 487 480 468 440 430 445 468 458 441 448 454 454 429 427 438 435 461 496 483 482 460 426 428 440 455 469 453 487 486 466 468 474 468 472 474 513 506 485 471 437 424 449 476 454 444 454 454 445 459 430 424 450 451 451 456 497 491 477 467 473 502 498 469 503 
vem trace:

