SDId: 34751145
energy: 5.20883e+17
zenith: 0.383917
azimuth: 5.74431
GPSSeconc: 1126774342
stid: 333
spdistance: 814.638
radio trace:
482 451 457 449 398 417 434 444 426 442 443 445 434 434 462 455 465 424 376 397 463 429 436 443 452 455 421 405 375 422 421 412 386 393 382 387 410 395 380 372 381 420 431 424 444 466 444 455 496 455 450 442 427 450 450 429 407 428 443 412 413 443 422 432 399 426 444 437 430 437 435 440 465 455 416 410 418 426 394 385 376 389 389 412 431 456 445 435 433 414 426 416 423 465 445 460 421 429 409 427 442 448 442 444 422 455 464 427 410 418 435 440 433 415 416 419 426 396 416 412 427 447 450 434 437 455 443 419 408 413 397 415 435 420 407 437 449 429 442 432 430 394 433 437 432 438 418 392 396 396 401 385 395 427 429 446 431 397 389 413 484 451 460 450 447 417 412 440 425 443 469 449 437 396 401 398 427 464 459 441 444 430 448 434 445 403 384 403 445 458 442 442 441 423 437 414 403 390 388 359 398 419 435 414 423 420 403 426 426 388 411 427 450 442 439 411 429 412 408 398 402 383 389 423 452 416 422 434 444 440 402 425 447 420 423 450 439 423 433 432 441 433 442 430 455 445 414 405 384 408 395 409 430 431 403 386 420 433 429 447 438 416 426 450 459 432 454 442 436 406 443 433 428 422 417 459 430 478 484 498 458 486 460 469 459 428 452 448 420 423 413 421 443 444 428 423 418 442 428 430 402 408 409 422 424 398 374 385 411 438 447 443 430 417 397 372 407 407 409 464 489 471 432 454 469 440 392 394 355 389 437 425 439 443 437 453 422 420 439 438 474 454 429 441 415 404 414 403 434 425 457 463 465 458 447 443 417 443 423 420 445 454 439 438 427 449 443 425 447 448 446 422 416 407 401 431 449 430 452 469 439 411 403 397 401 403 411 436 382 363 371 402 402 410 425 446 457 434 439 424 449 455 434 434 442 423 410 410 412 425 423 408 420 419 430 442 449 462 434 444 413 420 408 413 420 414 432 440 441 403 407 435 444 434 420 397 435 435 424 405 413 401 399 454 415 428 434 413 390 422 436 419 420 448 461 461 469 454 414 365 360 393 431 430 444 435 423 412 443 474 448 431 405 420 439 438 461 443 446 418 428 428 443 465 437 438 462 435 426 417 401 428 428 414 433 435 394 391 432 445 463 436 411 380 399 455 457 480 471 456 435 395 431 476 456 435 429 433 435 452 424 418 392 384 393 426 424 403 439 484 463 459 440 440 447 415 420 465 486 472 439 421 427 429 415 424 425 416 406 433 428 420 415 394 412 451 452 463 461 448 442 434 447 474 448 424 419 430 436 415 423 408 416 426 424 419 440 414 405 435 454 464 430 441 417 434 423 455 443 430 379 402 444 439 400 439 413 430 449 442 426 451 440 446 458 460 410 392 443 422 444 479 448 409 426 416 410 450 472 436 409 409 387 370 409 425 398 391 398 431 415 419 424 444 470 431 406 418 419 399 433 434 434 399 402 415 409 414 408 448 450 447 482 463 431 451 454 444 419 427 458 456 471 458 455 445 424 407 433 431 424 438 478 460 420 424 441 453 443 459 464 464 443 419 398 427 442 467 437 411 402 398 456 444 431 456 416 410 440 428 397 386 413 413 446 420 448 473 438 448 462 480 445 419 425 409 435 400 403 409 391 386 411 428 456 426 438 440 435 426 449 465 451 447 451 431 462 435 441 445 439 411 403 406 431 427 446 457 432 396 421 423 377 387 409 418 443 447 407 406 428 456 463 467 444 432 461 480 
vem trace:

stid: 332
spdistance: 1590.29
radio trace:
524 556 583 566 584 527 526 542 552 529 504 533 542 523 505 502 490 537 572 554 558 559 584 562 581 576 528 547 523 550 560 554 532 523 489 495 509 566 559 509 525 511 542 525 542 542 559 542 554 564 563 548 539 542 525 528 483 530 539 514 527 539 560 568 527 545 547 512 555 544 558 560 557 569 525 515 532 502 515 516 520 550 500 533 544 577 564 546 567 532 527 545 523 560 534 544 536 528 555 551 543 523 551 536 534 545 554 540 497 527 519 523 513 540 540 528 537 558 554 559 533 543 556 572 582 567 553 554 528 521 519 499 489 526 564 563 553 570 574 544 562 588 583 556 518 531 556 564 551 599 588 549 571 579 597 567 562 542 562 525 548 540 503 518 544 508 536 516 509 518 494 500 522 542 573 604 599 572 525 525 558 539 563 575 540 535 530 564 564 548 537 544 550 561 555 515 524 567 546 535 513 561 588 571 580 565 596 533 508 527 536 568 567 564 586 534 547 561 555 550 544 528 550 541 549 527 520 581 558 531 534 527 546 590 572 547 544 571 586 580 591 590 575 558 527 557 527 514 531 580 586 597 593 545 539 547 528 514 535 542 569 521 496 590 576 551 540 524 528 554 525 527 516 535 532 528 523 523 500 517 537 564 575 551 578 561 553 539 529 518 517 523 537 551 537 530 536 540 570 572 542 555 543 535 526 557 567 579 522 521 522 539 538 521 531 549 579 580 549 501 548 559 545 556 561 547 560 534 541 505 519 551 568 538 532 534 516 505 506 549 526 538 556 526 523 506 526 522 534 532 545 540 544 501 485 511 525 547 530 511 523 546 543 580 549 517 512 531 581 588 560 537 543 561 568 533 540 532 545 559 515 466 465 461 517 542 556 557 550 520 551 546 556 580 573 532 554 591 557 546 542 543 547 536 552 538 522 505 488 515 547 544 558 568 531 543 547 527 544 541 533 543 549 518 534 546 520 512 536 560 536 536 554 525 559 546 539 550 543 516 550 570 520 540 550 556 545 555 532 528 514 521 546 540 546 526 512 491 495 503 522 569 572 537 563 566 551 553 581 556 554 557 544 540 519 519 516 563 555 534 518 539 576 564 541 511 466 465 502 494 513 528 554 577 581 590 569 566 549 534 516 493 498 537 523 516 537 552 511 504 509 503 522 534 537 540 539 547 537 543 509 476 507 473 509 505 521 537 541 548 593 584 549 555 538 558 517 491 499 524 497 489 523 478 488 528 539 529 540 554 528 507 532 535 539 533 536 555 550 548 527 540 514 541 529 506 519 528 522 516 518 518 506 529 526 530 529 530 550 548 566 559 537 516 546 562 569 569 548 549 543 520 570 563 558 576 539 539 545 541 559 536 538 553 541 535 534 566 595 563 523 525 522 529 574 571 574 568 548 540 537 525 560 569 550 542 556 520 506 486 515 509 512 532 536 524 542 559 572 545 553 507 481 503 539 556 543 554 537 540 536 549 522 550 567 566 545 549 543 570 568 552 544 556 566 544 540 533 534 549 520 536 538 567 543 537 546 518 523 481 517 524 515 525 513 507 502 527 557 555 547 517 511 547 590 608 607 557 541 537 525 535 540 519 506 556 574 570 573 556 587 563 547 496 545 570 568 587 552 544 555 548 545 558 549 517 503 527 573 567 573 563 562 566 534 514 559 542 518 531 542 522 514 529 524 521 577 530 516 565 570 569 562 566 534 533 537 585 600 549 519 534 527 549 534 522 518 520 
vem trace:

