SDId: 34549111
energy: 6.55693e+17
zenith: 0.519262
azimuth: 6.21688
GPSSeconc: 1125554247
stid: 419
spdistance: 664.332
radio trace:
413 438 443 410 480 485 459 485 447 374 408 394 430 458 468 469 463 475 431 419 394 404 403 415 463 434 465 471 435 425 386 376 413 464 411 373 432 444 479 501 473 467 440 467 421 369 420 472 445 402 405 399 405 438 396 412 423 422 389 381 391 442 449 418 456 441 422 447 449 450 436 475 466 455 415 425 407 424 425 453 428 484 470 466 477 451 458 459 452 453 448 442 446 454 424 423 431 471 473 449 430 434 435 448 438 455 436 437 461 460 459 406 414 428 440 464 480 460 475 523 465 456 462 441 433 447 432 392 427 440 422 417 420 478 436 431 440 430 454 418 405 420 394 422 446 433 466 448 455 428 499 515 506 477 468 472 444 438 475 457 459 483 435 423 403 436 427 477 457 429 398 393 425 424 403 445 399 398 406 415 409 401 428 443 431 466 421 399 382 425 401 411 432 473 532 470 467 428 495 479 468 422 449 459 448 436 478 451 411 438 410 435 441 394 442 402 404 395 384 407 418 373 420 459 462 467 465 428 414 450 448 444 434 448 411 440 479 436 433 438 461 455 490 419 328 369 369 437 485 475 433 447 419 444 454 427 454 471 478 446 417 461 471 466 442 449 443 428 401 437 404 402 393 439 422 422 420 452 423 431 470 456 473 424 421 460 455 473 426 434 379 400 388 395 404 446 452 447 453 459 478 422 420 422 442 455 424 470 497 475 419 436 463 455 427 438 398 419 373 370 402 420 452 429 458 484 465 464 424 452 466 419 412 393 405 360 389 384 442 437 467 460 402 387 366 388 392 365 386 422 430 436 456 467 446 450 497 472 441 462 433 436 430 494 478 443 465 430 437 447 442 441 412 426 461 426 367 401 387 392 365 371 447 444 461 456 485 469 473 430 433 406 436 403 433 456 396 408 453 455 456 435 461 465 410 409 425 421 392 417 410 431 474 482 475 498 506 446 423 389 414 404 344 398 425 472 445 411 422 416 392 401 462 458 474 472 494 494 493 495 437 460 429 429 429 443 429 426 389 386 411 422 424 426 449 437 397 415 443 436 431 447 461 457 410 420 430 463 475 448 439 442 456 437 443 481 441 422 423 419 436 451 469 465 463 448 427 435 410 485 511 504 468 486 469 439 442 440 440 405 433 421 427 405 387 432 440 484 427 405 432 429 469 435 377 388 420 417 428 430 448 460 485 394 426 444 450 391 416 412 427 447 416 373 425 445 424 445 438 426 437 437 406 453 437 441 442 436 443 433 456 467 495 431 402 397 421 436 463 426 470 476 420 401 415 414 493 494 426 410 436 435 440 482 494 485 444 399 422 438 470 472 457 420 370 369 359 424 462 484 447 468 447 418 445 466 435 420 356 378 400 386 428 466 436 443 409 436 452 438 410 359 387 406 432 442 415 391 404 471 447 432 460 437 424 446 447 455 446 415 397 391 393 417 451 438 425 446 470 427 434 422 391 381 366 409 443 418 441 432 426 430 443 440 439 457 439 462 457 455 444 461 383 428 443 466 464 455 398 408 424 387 396 447 428 420 434 476 410 389 442 427 426 433 462 472 430 436 436 381 413 433 463 454 410 424 417 404 411 447 429 418 442 454 444 416 383 471 471 481 451 432 429 406 401 424 474 483 438 410 379 409 422 405 411 423 454 454 466 471 454 415 452 434 421 434 433 463 467 478 463 456 449 384 416 452 444 452 450 448 420 427 447 434 496 446 423 424 437 433 456 432 453 461 444 398 429 425 
vem trace:

stid: 343
spdistance: 682.807
radio trace:
451 448 451 444 421 422 420 460 474 439 420 426 464 474 465 469 467 429 426 466 456 444 448 449 457 463 465 444 435 418 381 418 426 414 450 477 454 464 434 418 421 422 400 388 420 416 438 483 473 452 443 424 436 435 433 429 410 414 424 426 412 425 425 430 429 463 452 462 449 427 417 430 427 448 438 438 464 447 426 454 426 452 423 430 456 438 442 443 444 411 427 425 430 460 463 461 454 447 392 397 436 459 451 440 430 459 428 441 435 418 437 428 419 451 445 441 436 436 420 422 424 406 425 443 452 448 456 454 464 470 457 445 454 434 437 432 434 445 441 461 433 439 461 464 476 439 415 415 422 441 419 412 461 450 452 449 458 417 420 433 462 452 458 452 465 462 472 459 452 425 443 471 475 450 431 404 436 462 408 417 434 440 443 456 458 479 449 437 470 451 454 454 445 435 476 467 466 447 427 444 450 434 466 448 398 436 444 470 452 452 432 433 459 471 441 437 428 425 447 461 438 437 440 455 429 419 431 420 450 435 415 405 418 436 445 422 417 444 450 438 446 452 432 430 446 446 437 428 406 426 424 410 386 407 416 417 458 441 409 431 447 463 476 460 458 447 473 474 492 475 442 437 453 448 442 444 444 496 455 438 462 455 434 432 432 441 430 409 446 453 462 439 425 408 447 461 469 436 405 379 424 449 448 434 440 407 411 391 402 457 468 447 476 459 471 485 478 440 465 476 481 484 436 428 436 440 424 423 456 457 474 446 430 454 473 450 406 429 438 425 443 451 456 458 468 463 460 446 400 444 459 442 472 466 462 461 468 439 425 430 430 410 415 418 433 404 423 440 441 441 461 463 435 425 423 472 463 449 443 452 465 455 415 424 411 390 448 451 467 451 400 414 398 423 418 407 442 452 475 484 433 453 454 442 446 437 428 447 440 432 442 440 428 424 442 458 451 442 442 463 445 454 439 424 431 434 430 441 446 424 430 442 445 456 463 453 439 471 481 470 425 405 432 458 441 426 405 429 452 490 510 472 454 440 454 446 453 437 463 451 464 447 425 408 386 397 440 428 412 419 438 478 478 469 446 436 434 429 447 426 431 428 435 461 466 445 429 450 463 465 432 422 435 444 441 441 439 428 433 450 430 439 443 437 439 436 424 436 434 402 407 448 449 463 459 458 461 428 388 408 381 397 423 452 443 444 460 446 435 443 482 450 432 445 467 453 452 473 481 465 471 442 447 442 417 403 443 432 457 423 401 399 436 487 497 481 467 434 465 423 446 458 460 447 434 401 427 448 456 464 468 436 461 433 422 443 463 426 435 439 449 477 476 470 415 459 450 443 440 452 445 463 426 443 427 447 431 411 423 435 446 454 430 435 426 448 442 445 454 441 447 427 436 429 413 423 440 458 468 487 498 468 461 413 431 454 458 454 439 420 429 402 410 423 428 442 441 409 446 434 459 468 453 453 449 468 460 439 460 477 444 452 471 465 474 438 407 433 438 434 426 388 409 419 406 438 454 417 412 412 401 383 413 436 457 434 418 429 413 431 439 439 441 453 462 474 447 437 439 449 428 412 405 396 411 405 449 485 464 472 489 474 463 466 452 465 447 450 435 455 440 402 402 407 413 449 451 450 440 459 455 439 426 451 455 455 433 425 424 443 460 472 464 440 440 454 424 437 440 451 451 451 418 421 415 427 462 465 446 451 447 423 418 452 467 460 466 461 424 409 414 434 449 453 463 456 478 481 
vem trace:

stid: 342
spdistance: 1134.68
radio trace:
403 397 369 368 392 418 398 374 392 381 354 407 410 438 399 375 371 364 376 381 406 438 415 408 388 375 405 435 434 438 402 416 415 408 417 404 384 406 398 388 406 388 419 400 362 327 374 384 412 444 417 401 406 394 380 389 325 323 342 342 388 424 411 401 429 417 424 418 431 451 425 432 427 395 412 407 428 422 385 382 426 416 428 433 433 400 402 399 398 410 394 376 410 385 359 356 405 423 423 385 394 397 421 394 398 398 440 428 429 421 420 418 409 403 366 365 366 366 360 385 397 418 415 403 397 408 399 377 445 415 384 386 372 371 391 405 399 405 398 429 397 388 396 399 406 402 379 399 400 398 376 388 390 402 405 406 426 387 373 388 360 350 404 398 374 368 405 409 392 379 373 389 401 388 371 372 396 414 414 391 429 440 428 420 412 435 428 400 399 415 405 417 409 424 448 433 408 399 400 430 414 402 431 414 409 391 377 380 352 363 366 338 392 405 397 405 399 408 403 423 424 444 433 439 421 428 436 418 411 412 418 411 381 359 356 383 380 377 381 383 417 435 457 440 431 403 401 377 380 385 385 368 354 363 401 415 434 412 392 402 404 417 420 447 409 396 397 404 442 463 422 409 400 428 398 391 385 407 416 374 338 319 361 408 413 411 424 420 412 412 427 396 398 428 440 419 418 441 405 420 415 423 415 396 401 393 381 414 422 450 445 448 425 417 431 415 414 416 414 426 420 413 407 421 411 366 363 392 367 372 401 406 406 373 382 412 428 423 410 389 419 423 418 434 413 393 374 363 344 394 413 453 449 435 441 443 429 434 412 416 410 397 401 393 405 413 379 379 426 430 422 415 399 404 418 383 351 380 418 407 404 422 410 404 394 384 382 411 375 402 426 409 402 417 431 419 397 380 378 401 395 398 367 379 402 420 404 393 423 404 401 415 404 397 406 415 409 397 419 420 408 403 432 458 419 423 431 450 425 431 407 422 444 442 420 394 385 377 409 419 406 414 408 428 423 403 417 405 409 418 400 402 414 425 430 398 390 411 415 424 443 434 426 447 404 384 400 390 414 448 450 427 439 411 386 399 391 368 370 381 394 388 387 385 369 373 395 395 374 405 385 377 403 412 398 403 395 386 378 394 362 390 381 337 337 371 347 345 364 359 358 383 385 369 372 378 381 409 401 396 400 386 414 414 381 368 387 357 386 432 417 418 403 404 392 392 408 419 417 433 367 396 412 417 396 413 413 410 390 389 397 421 391 408 416 413 397 411 392 388 393 401 384 380 406 431 424 438 439 418 390 393 371 374 391 387 363 373 406 417 410 379 362 386 390 392 435 419 419 383 377 373 393 374 367 394 411 451 440 426 388 422 409 406 398 388 370 331 326 346 377 390 343 398 398 398 429 423 426 423 420 404 428 424 414 413 418 408 404 408 406 416 412 413 422 423 418 406 369 386 380 370 378 403 386 390 420 412 403 432 399 369 386 417 443 433 414 411 401 402 389 384 371 378 414 431 408 421 398 391 392 398 419 414 422 426 434 444 408 415 421 434 436 415 389 400 404 403 395 421 441 426 431 437 447 431 408 385 421 394 361 379 417 444 436 437 420 413 408 405 379 398 432 441 424 409 411 420 399 409 420 374 371 373 393 423 411 393 403 386 387 415 416 398 412 402 410 414 417 408 393 416 433 433 422 404 404 430 427 407 381 378 395 434 432 423 401 373 378 378 406 406 383 385 411 411 400 393 
vem trace:

