SDId: 34607848
energy: 6.68552e+17
zenith: 0.64647
azimuth: 5.40975
GPSSeconc: 1126025895
stid: 332
spdistance: 419.055
radio trace:
553 546 558 535 551 532 523 571 539 547 559 562 553 579 573 580 544 562 560 585 577 586 585 547 572 546 555 539 583 540 519 542 559 554 522 517 558 529 541 560 587 559 538 529 526 495 495 497 518 529 497 525 528 531 531 574 559 578 539 533 533 533 524 538 567 573 559 527 523 535 572 550 567 558 532 555 579 599 582 550 566 557 546 532 522 527 547 552 512 535 528 572 578 543 533 555 523 550 545 534 566 548 535 522 551 556 565 560 546 541 526 541 531 483 511 503 532 570 530 514 528 495 547 575 578 535 573 527 545 574 575 547 541 547 574 572 571 559 521 502 499 516 534 536 568 537 554 548 558 569 540 568 542 551 582 611 550 524 533 545 558 562 551 543 515 522 502 518 544 545 528 511 555 543 550 519 513 538 558 553 541 547 544 529 561 574 577 602 578 574 567 598 534 548 578 574 590 594 569 561 548 578 570 536 537 536 513 520 507 547 553 553 544 536 511 504 541 521 531 541 555 537 528 533 539 558 562 528 557 578 573 543 554 534 534 570 564 567 597 560 582 593 593 563 563 528 519 509 542 555 544 526 559 527 503 520 562 559 516 508 532 550 517 531 536 559 551 537 556 553 560 564 528 558 542 546 542 536 509 514 547 576 594 598 567 549 529 538 572 551 563 576 550 569 538 580 591 578 554 520 530 554 531 504 529 543 574 532 550 547 543 544 523 526 524 542 556 551 554 559 546 560 559 586 569 525 493 499 488 511 532 501 549 567 538 544 531 543 544 574 558 556 532 486 496 526 556 538 535 549 546 528 526 512 520 519 548 559 576 545 545 535 565 542 557 554 575 549 564 567 538 529 551 522 491 519 551 561 570 559 554 570 559 521 485 508 529 569 558 543 543 541 543 558 553 564 567 547 562 588 577 567 530 548 548 522 504 528 542 534 525 532 545 530 584 568 573 582 567 576 575 547 526 521 535 546 539 548 550 548 559 545 556 547 542 569 569 558 575 531 561 546 536 523 547 541 539 566 541 545 532 531 549 509 512 537 519 534 534 567 540 551 518 524 531 549 544 529 557 539 543 535 545 521 545 566 570 555 549 542 540 542 524 531 559 535 570 577 582 553 554 533 535 562 584 553 530 517 533 543 551 594 556 538 527 542 531 521 525 513 536 565 571 579 503 510 535 531 561 557 553 512 498 521 554 564 578 589 582 567 545 517 532 571 564 540 541 541 536 552 570 572 550 538 542 553 525 544 573 567 558 532 503 511 523 529 515 535 541 530 535 526 513 492 507 541 545 537 525 522 518 530 542 541 537 533 533 551 551 567 525 523 544 548 566 559 585 557 535 562 569 546 530 516 504 525 544 551 522 529 510 507 540 574 564 536 524 532 551 569 582 560 544 529 549 584 581 579 538 536 533 524 527 576 596 579 564 542 580 555 548 564 559 566 579 563 569 583 555 569 579 539 514 496 506 518 568 557 526 502 522 581 595 591 586 573 559 539 535 517 519 555 543 541 552 578 549 547 533 520 487 500 542 536 534 578 575 553 557 573 583 583 577 555 561 524 526 557 568 568 546 602 555 561 596 564 549 537 522 537 548 535 558 589 578 547 560 550 526 539 532 552 559 567 585 557 544 578 564 523 542 572 529 520 513 463 497 533 563 578 583 540 525 549 548 512 520 542 558 552 516 503 530 513 528 552 569 543 521 555 570 559 558 533 536 535 537 531 517 538 504 510 532 563 579 578 545 571 
vem trace:

stid: 333
spdistance: 978.286
radio trace:
506 459 469 479 459 452 470 465 463 451 429 461 495 489 486 491 485 463 451 437 453 448 440 428 453 466 463 447 407 421 457 473 480 448 487 505 481 497 468 456 469 474 505 492 508 511 510 481 465 504 524 512 499 463 489 519 505 503 475 449 506 515 458 447 444 449 482 491 464 441 426 431 423 454 447 443 446 463 466 451 488 489 485 466 446 438 466 495 506 501 498 477 482 514 462 456 468 463 478 481 440 429 461 462 464 470 467 468 472 440 487 461 469 450 455 454 423 432 437 433 419 440 443 400 441 454 460 484 501 506 494 488 435 481 502 483 493 476 470 502 486 437 441 441 465 443 439 493 486 464 464 462 472 425 429 453 488 473 465 439 464 448 456 464 493 453 485 472 462 448 452 459 468 466 510 509 514 502 492 497 502 510 464 409 418 448 461 441 455 504 505 479 458 472 489 515 485 474 486 483 480 466 433 474 461 461 458 455 476 488 470 470 447 467 474 485 512 497 487 487 515 500 483 445 478 510 491 496 492 493 489 475 504 514 487 458 396 447 435 472 493 498 488 501 483 485 486 486 483 515 517 497 489 496 492 452 460 493 543 532 492 453 456 468 446 463 442 459 441 433 425 448 465 458 458 504 511 465 467 473 476 453 489 492 502 499 500 503 477 452 414 456 470 490 521 506 491 470 496 493 476 447 479 494 520 495 510 500 456 447 450 461 477 482 456 467 483 490 507 477 468 478 464 465 482 473 489 481 465 441 456 486 494 465 450 440 470 464 441 460 530 498 510 462 446 483 502 500 512 492 490 515 507 507 505 486 452 473 495 487 474 465 459 452 470 478 466 466 472 477 479 505 479 468 479 491 476 472 473 439 453 452 445 474 454 438 471 486 489 474 474 450 442 451 466 490 475 473 467 443 461 463 480 513 501 524 500 483 448 428 431 432 466 478 478 474 488 494 489 489 453 471 482 495 487 499 507 478 453 427 480 463 478 484 471 472 447 464 445 455 454 479 483 506 481 483 485 466 477 441 447 491 473 448 451 484 492 468 492 507 504 500 509 529 529 473 482 476 479 465 458 454 450 459 478 503 466 493 528 560 506 465 432 427 452 479 475 468 446 462 496 462 456 463 447 441 431 434 438 455 453 428 473 486 473 480 500 492 485 499 464 481 453 497 485 489 518 494 470 451 437 460 451 480 483 473 490 472 462 460 486 525 495 503 484 498 522 501 486 454 481 467 468 489 487 485 493 501 489 491 499 498 511 496 476 473 424 423 430 477 473 473 460 458 443 441 448 480 517 457 414 465 493 494 443 476 463 475 460 471 499 466 455 457 479 458 482 475 478 482 473 495 502 477 465 491 527 512 489 489 466 435 437 479 495 457 425 402 382 418 452 450 460 474 514 502 488 497 520 491 490 479 509 503 484 461 492 494 496 474 438 495 520 525 505 489 455 443 458 433 418 433 462 466 474 431 426 423 461 479 514 497 499 505 498 502 481 467 463 469 468 452 428 460 439 456 458 448 434 449 446 484 460 512 467 438 446 477 472 487 480 474 422 427 408 439 487 504 517 467 456 468 478 453 429 460 467 427 440 425 460 521 508 473 463 491 495 482 475 497 499 503 469 481 487 458 448 456 517 510 475 473 458 441 463 488 478 458 451 481 477 490 482 502 496 479 459 466 492 457 504 518 528 482 451 444 413 442 468 479 448 501 485 499 493 494 505 500 494 491 495 488 442 440 434 407 428 429 
vem trace:

