SDId: 34514908
energy: 6.34614e+17
zenith: 0.907553
azimuth: 2.24928
GPSSeconc: 1125354129
stid: 332
spdistance: 486.212
radio trace:
549 520 525 554 555 542 521 547 579 591 564 550 546 534 524 529 540 562 570 558 547 560 551 540 544 536 522 528 502 480 497 514 544 509 522 539 557 562 539 532 538 544 551 533 544 543 544 540 558 549 549 532 530 507 517 524 564 533 575 530 551 554 516 532 548 541 536 532 505 528 531 541 531 519 549 563 568 542 547 569 557 526 545 541 540 550 524 534 533 518 543 542 556 566 554 539 531 546 561 526 559 595 582 515 528 549 534 547 551 553 579 580 588 564 543 557 556 542 558 540 540 566 565 532 531 551 557 532 549 548 560 530 552 556 548 574 564 552 549 550 554 553 556 571 569 550 531 526 501 519 530 500 549 550 543 562 540 551 532 545 489 465 493 509 512 535 552 581 584 574 558 576 546 532 540 510 525 505 478 500 532 565 562 544 549 550 544 529 505 512 540 533 571 527 540 483 520 522 542 513 505 497 535 527 511 535 515 537 538 549 524 546 560 550 555 541 522 563 566 545 542 539 527 521 526 558 561 563 565 555 579 588 561 539 511 530 513 546 526 516 530 522 550 545 512 505 490 498 501 525 524 542 556 542 557 532 541 568 566 550 566 572 525 510 527 519 519 559 567 528 552 543 525 538 516 517 484 484 512 524 550 551 555 510 494 497 481 474 508 514 521 531 545 549 557 565 555 542 548 545 526 552 607 589 576 594 569 557 539 544 543 519 513 535 570 551 531 536 532 561 562 566 519 547 553 548 549 549 557 561 555 544 560 570 568 579 523 504 508 500 536 542 547 565 553 558 554 550 521 570 566 563 547 558 552 579 601 579 573 553 531 578 576 567 571 563 556 560 551 551 531 560 530 563 560 565 535 554 551 548 544 536 526 539 517 509 515 535 530 533 537 533 506 498 514 548 560 559 531 543 549 585 526 513 532 535 552 543 562 534 526 527 537 538 557 562 548 554 577 572 532 533 572 543 491 497 515 555 557 595 589 555 536 528 501 539 557 527 531 547 515 535 556 515 508 576 590 572 562 539 521 505 507 512 545 531 516 495 538 550 553 552 544 521 530 532 532 577 567 560 511 532 548 544 536 522 550 563 537 559 523 491 497 550 564 551 487 529 550 543 547 564 538 538 556 541 545 526 515 504 516 517 532 528 525 504 500 533 531 510 535 503 529 530 544 541 543 553 550 518 551 556 519 540 572 565 556 501 521 559 556 518 560 536 517 503 517 555 549 557 553 542 497 537 520 524 509 515 543 568 573 563 566 542 561 514 529 543 528 544 529 546 534 524 529 555 527 526 522 511 532 552 518 508 545 572 553 545 556 540 513 520 541 572 568 539 571 583 574 569 571 546 552 550 527 522 538 555 544 542 514 525 494 460 490 531 551 571 559 555 552 543 561 533 526 503 543 532 533 541 557 576 572 561 555 564 529 564 554 564 535 534 528 549 533 552 571 578 588 572 543 517 543 568 569 551 566 561 543 527 505 518 530 539 507 533 517 546 541 520 540 538 530 527 503 504 533 486 478 508 527 509 556 574 550 523 524 460 462 495 520 520 509 516 521 515 498 544 571 543 531 538 539 545 556 536 534 566 552 564 526 531 553 555 555 543 548 550 571 539 520 537 530 521 539 554 549 550 552 555 571 506 521 547 531 513 537 523 498 565 582 557 572 569 521 502 507 537 546 555 553 537 521 532 522 480 533 559 526 527 552 528 553 567 572 512 510 552 557 553 559 561 559 571 546 545 544 517 
vem trace:

stid: 333
spdistance: 813.81
radio trace:
448 419 447 460 459 459 454 454 477 484 457 473 439 428 461 507 476 470 483 491 452 443 424 411 415 404 418 408 437 453 437 428 411 407 427 455 461 475 473 473 497 493 507 503 532 492 473 467 450 453 482 516 500 487 474 486 462 450 426 420 443 428 446 465 474 489 509 499 461 456 458 447 448 415 428 451 453 463 446 470 488 462 453 465 465 447 425 407 404 418 410 447 429 447 459 457 437 440 436 465 490 512 501 483 473 475 495 453 422 432 434 444 431 429 437 461 471 481 484 452 456 430 430 436 440 447 477 504 511 467 483 450 455 482 424 392 414 434 452 450 487 501 515 484 512 471 467 474 470 477 455 454 415 407 435 458 461 452 413 395 391 416 433 471 469 451 449 446 460 433 427 461 486 476 503 469 457 435 474 493 452 456 477 470 466 436 462 479 485 496 480 458 464 471 453 491 483 501 502 498 484 451 476 483 504 483 481 483 502 493 442 411 434 448 440 472 464 443 450 460 458 444 451 435 437 461 451 466 453 472 460 463 462 472 480 504 485 416 430 466 468 457 451 450 480 481 421 455 452 466 479 506 510 490 468 460 490 468 480 461 472 436 454 447 425 470 476 499 491 479 472 505 511 477 469 431 428 431 464 480 452 421 445 455 474 473 453 428 448 481 455 468 492 438 438 453 435 452 432 449 430 428 409 423 451 472 473 477 467 436 442 471 453 454 442 417 413 381 400 428 463 437 392 412 434 428 415 438 474 478 448 455 459 447 447 439 411 417 443 476 429 445 462 433 438 455 471 491 501 485 442 447 467 498 483 413 444 468 478 476 457 458 498 508 464 473 471 473 525 495 478 461 428 454 444 468 466 456 417 432 483 495 452 441 449 461 415 427 435 441 480 457 446 436 416 435 433 463 465 472 498 492 488 496 516 495 486 482 436 456 465 454 450 403 434 456 444 454 444 454 477 463 443 464 467 456 450 466 483 488 472 423 422 461 449 449 437 435 404 420 457 437 429 442 444 452 432 441 466 447 429 432 433 432 430 434 422 426 471 464 476 499 514 498 462 484 481 501 492 466 468 448 411 428 418 491 494 481 469 469 501 486 481 449 447 469 480 476 451 445 418 457 431 443 478 469 466 478 457 447 435 472 478 473 466 475 505 471 493 481 484 471 486 472 484 495 480 482 492 454 469 475 482 484 478 472 472 489 459 477 513 518 525 511 502 476 427 446 476 455 443 428 403 436 468 478 495 492 457 427 442 445 476 493 454 449 476 435 441 440 413 430 404 415 472 463 464 472 483 451 476 474 463 463 456 439 458 494 466 453 447 484 468 487 519 491 456 450 483 487 496 484 495 496 503 493 473 477 463 445 468 478 450 457 444 455 457 463 436 437 469 472 452 457 476 498 487 468 443 432 469 478 475 457 450 455 405 400 383 444 432 432 468 462 438 438 468 485 503 489 462 483 455 436 422 461 514 485 475 445 454 475 484 472 457 461 467 452 436 424 414 441 468 517 487 486 493 485 497 466 428 388 434 436 426 434 464 439 454 439 451 450 435 422 436 465 443 468 472 447 451 460 433 446 450 462 466 470 492 453 479 433 458 489 468 487 510 475 505 488 476 488 466 473 478 483 466 439 437 469 452 458 421 391 382 426 433 404 418 434 450 462 454 476 502 473 469 455 518 494 446 432 425 410 441 438 454 477 443 473 495 459 469 463 437 460 475 466 478 471 466 466 462 459 480 475 505 485 
vem trace:

