SDId: 34860082
energy: 5.52737e+17
zenith: 0.631138
azimuth: 6.20266
GPSSeconc: 1127464828
stid: 341
spdistance: 2646.71
radio trace:
495 511 530 558 503 486 499 543 505 515 508 500 500 524 541 535 533 552 496 522 513 498 519 515 472 473 494 499 520 488 493 476 487 515 508 530 565 565 544 533 521 504 499 509 517 567 565 580 544 513 523 475 456 478 474 490 513 482 501 500 476 490 543 510 513 539 546 498 470 490 505 537 536 535 517 481 477 500 501 524 518 540 535 492 508 507 468 500 491 532 516 527 535 507 511 499 512 513 534 508 511 526 506 513 494 520 528 498 510 512 501 510 499 502 486 485 507 462 500 506 500 502 534 528 544 561 516 529 518 509 503 488 537 556 573 521 499 539 538 522 527 547 521 499 516 510 533 535 505 485 527 574 546 544 543 523 550 553 542 533 534 524 516 529 506 532 516 514 512 491 520 536 476 482 502 556 507 529 523 513 513 523 524 509 486 541 533 511 545 574 543 537 544 530 507 489 495 507 543 592 578 554 540 535 519 492 478 496 502 520 531 472 490 532 526 479 490 505 508 490 494 530 526 528 544 511 480 533 540 547 514 481 507 493 502 541 505 504 493 489 488 510 522 535 543 496 506 545 556 535 517 500 492 521 532 504 530 555 573 535 513 513 510 513 484 478 471 500 524 508 501 482 499 511 481 504 488 469 482 509 533 511 530 559 507 493 450 507 528 488 470 493 496 485 504 467 493 523 494 515 541 526 519 464 491 504 506 506 519 516 511 508 514 499 491 461 492 527 519 536 543 538 526 512 521 464 464 505 499 474 494 500 491 488 489 501 528 544 541 516 489 518 524 505 495 510 508 505 514 529 532 489 510 520 503 534 555 500 486 518 494 499 466 472 437 481 509 509 522 479 516 527 498 500 514 529 548 493 513 459 485 496 488 490 521 559 562 548 491 510 528 504 499 464 489 481 490 527 535 564 544 545 524 521 520 538 530 500 505 502 519 521 538 512 518 550 567 533 532 519 505 472 503 499 549 507 490 484 480 484 491 469 494 476 464 474 511 509 509 479 501 497 538 518 498 500 540 534 564 555 543 537 541 535 537 508 547 550 515 502 485 492 506 487 499 502 557 554 527 532 502 498 519 549 539 518 501 516 514 501 497 494 495 497 503 498 517 529 539 545 533 561 554 529 526 545 567 551 542 552 559 522 536 513 523 491 505 536 567 574 526 498 530 523 496 496 528 517 519 503 521 560 510 462 457 509 518 504 500 476 467 527 518 545 485 517 495 503 557 534 486 518 526 549 533 559 544 517 493 530 545 539 570 529 514 544 556 565 572 548 526 516 487 523 537 500 498 464 471 504 492 504 505 501 482 519 485 465 501 497 499 510 516 489 497 484 487 484 528 532 551 529 496 496 515 501 503 520 532 509 488 521 549 526 540 510 495 535 522 499 523 485 495 524 521 547 509 520 542 511 513 501 530 503 473 498 464 448 491 525 519 516 531 548 518 503 471 458 430 488 494 496 531 526 514 535 488 482 481 427 463 521 550 537 549 542 528 545 546 516 518 519 495 511 521 482 496 489 512 501 498 476 494 534 511 533 514 495 503 521 537 564 587 520 511 505 523 543 542 521 505 478 442 446 499 488 491 508 533 480 483 486 507 541 513 555 544 539 552 556 541 541 517 568 555 572 550 565 579 532 503 483 463 480 521 546 527 570 556 548 526 490 460 464 523 540 518 495 507 530 551 540 520 512 536 541 533 479 443 421 434 443 470 493 500 501 511 513 493 541 509 504 527 525 494 523 569 542 
vem trace:

stid: 341
spdistance: 2646.71
radio trace:
495 511 530 558 503 486 499 543 505 515 508 500 500 524 541 535 533 552 496 522 513 498 519 515 472 473 494 499 520 488 493 476 487 515 508 530 565 565 544 533 521 504 499 509 517 567 565 580 544 513 523 475 456 478 474 490 513 482 501 500 476 490 543 510 513 539 546 498 470 490 505 537 536 535 517 481 477 500 501 524 518 540 535 492 508 507 468 500 491 532 516 527 535 507 511 499 512 513 534 508 511 526 506 513 494 520 528 498 510 512 501 510 499 502 486 485 507 462 500 506 500 502 534 528 544 561 516 529 518 509 503 488 537 556 573 521 499 539 538 522 527 547 521 499 516 510 533 535 505 485 527 574 546 544 543 523 550 553 542 533 534 524 516 529 506 532 516 514 512 491 520 536 476 482 502 556 507 529 523 513 513 523 524 509 486 541 533 511 545 574 543 537 544 530 507 489 495 507 543 592 578 554 540 535 519 492 478 496 502 520 531 472 490 532 526 479 490 505 508 490 494 530 526 528 544 511 480 533 540 547 514 481 507 493 502 541 505 504 493 489 488 510 522 535 543 496 506 545 556 535 517 500 492 521 532 504 530 555 573 535 513 513 510 513 484 478 471 500 524 508 501 482 499 511 481 504 488 469 482 509 533 511 530 559 507 493 450 507 528 488 470 493 496 485 504 467 493 523 494 515 541 526 519 464 491 504 506 506 519 516 511 508 514 499 491 461 492 527 519 536 543 538 526 512 521 464 464 505 499 474 494 500 491 488 489 501 528 544 541 516 489 518 524 505 495 510 508 505 514 529 532 489 510 520 503 534 555 500 486 518 494 499 466 472 437 481 509 509 522 479 516 527 498 500 514 529 548 493 513 459 485 496 488 490 521 559 562 548 491 510 528 504 499 464 489 481 490 527 535 564 544 545 524 521 520 538 530 500 505 502 519 521 538 512 518 550 567 533 532 519 505 472 503 499 549 507 490 484 480 484 491 469 494 476 464 474 511 509 509 479 501 497 538 518 498 500 540 534 564 555 543 537 541 535 537 508 547 550 515 502 485 492 506 487 499 502 557 554 527 532 502 498 519 549 539 518 501 516 514 501 497 494 495 497 503 498 517 529 539 545 533 561 554 529 526 545 567 551 542 552 559 522 536 513 523 491 505 536 567 574 526 498 530 523 496 496 528 517 519 503 521 560 510 462 457 509 518 504 500 476 467 527 518 545 485 517 495 503 557 534 486 518 526 549 533 559 544 517 493 530 545 539 570 529 514 544 556 565 572 548 526 516 487 523 537 500 498 464 471 504 492 504 505 501 482 519 485 465 501 497 499 510 516 489 497 484 487 484 528 532 551 529 496 496 515 501 503 520 532 509 488 521 549 526 540 510 495 535 522 499 523 485 495 524 521 547 509 520 542 511 513 501 530 503 473 498 464 448 491 525 519 516 531 548 518 503 471 458 430 488 494 496 531 526 514 535 488 482 481 427 463 521 550 537 549 542 528 545 546 516 518 519 495 511 521 482 496 489 512 501 498 476 494 534 511 533 514 495 503 521 537 564 587 520 511 505 523 543 542 521 505 478 442 446 499 488 491 508 533 480 483 486 507 541 513 555 544 539 552 556 541 541 517 568 555 572 550 565 579 532 503 483 463 480 521 546 527 570 556 548 526 490 460 464 523 540 518 495 507 530 551 540 520 512 536 541 533 479 443 421 434 443 470 493 500 501 511 513 493 541 509 504 527 525 494 523 569 542 
vem trace:

