SDId: 34894404
energy: 1.08883e+18
zenith: 0.760139
azimuth: 2.46077
GPSSeconc: 1127680249
stid: 343
spdistance: 807.799
radio trace:
438 451 453 476 477 491 488 487 478 455 464 486 501 464 436 433 435 465 459 461 446 444 444 478 478 495 471 446 475 479 480 475 476 456 464 456 480 477 469 466 490 486 467 510 494 450 445 462 464 483 451 431 418 422 410 425 451 440 432 436 455 467 473 474 466 461 445 444 460 468 479 486 475 468 462 500 491 464 459 485 503 498 492 472 464 467 495 472 462 502 474 476 488 493 494 479 451 476 481 449 451 464 477 459 463 476 495 479 482 481 510 499 487 470 486 472 478 508 499 487 457 488 500 516 495 511 513 509 484 497 496 487 461 492 489 479 457 458 459 457 452 451 451 456 435 426 444 477 502 499 474 478 483 485 456 456 445 471 472 461 455 463 486 504 495 483 490 468 471 465 464 491 443 432 478 494 463 489 483 450 480 470 474 476 466 476 471 439 452 449 473 457 451 496 487 468 442 463 506 508 500 488 484 503 470 439 445 470 444 455 458 477 491 516 503 481 466 479 475 475 490 489 450 459 450 431 436 458 458 474 462 475 497 458 411 434 451 463 497 514 496 473 490 471 442 447 460 476 487 497 476 470 477 455 442 445 473 504 468 447 451 488 456 450 461 482 476 461 468 466 495 493 483 480 475 489 496 511 513 494 481 462 469 482 479 447 462 504 467 472 483 476 498 483 479 483 497 471 439 449 471 470 498 504 484 470 468 454 430 460 468 448 473 478 481 491 506 490 496 500 515 506 506 490 467 455 470 487 479 502 474 461 437 440 460 454 438 462 470 432 412 415 475 466 458 482 486 492 475 443 464 458 448 458 483 467 456 479 499 493 484 472 486 469 453 460 468 463 481 478 493 475 482 477 498 474 441 458 472 467 444 472 472 465 456 458 459 457 458 470 502 498 480 487 507 480 473 473 475 451 453 454 471 463 455 458 463 467 438 473 486 493 451 458 463 452 449 425 463 492 464 456 443 462 483 433 453 459 504 497 480 503 492 490 468 474 441 455 450 424 460 477 504 517 523 478 479 441 467 470 500 491 493 473 427 415 428 443 461 479 486 433 428 442 491 491 501 454 477 477 477 454 455 454 447 443 456 471 451 453 461 452 470 461 468 481 493 479 478 473 464 483 492 500 460 477 486 503 498 506 483 465 459 455 466 464 490 475 477 511 512 483 476 475 485 491 474 423 421 446 448 458 471 495 483 480 460 487 486 443 467 472 435 461 466 473 442 470 482 502 465 464 457 482 495 466 459 488 482 430 413 400 414 407 463 494 491 480 501 491 470 484 470 477 454 459 451 482 482 491 482 504 497 470 466 468 489 479 443 463 473 443 424 429 436 441 454 458 477 471 466 454 455 492 471 469 458 490 499 486 496 460 448 478 502 499 495 505 517 491 480 483 491 483 460 483 480 498 503 474 488 491 483 484 502 501 464 456 464 463 459 492 483 455 484 483 464 468 472 451 458 461 468 458 469 459 460 481 484 478 464 470 477 476 467 478 498 508 518 510 475 487 464 495 480 455 470 485 477 466 462 476 488 450 460 463 473 458 496 458 470 477 475 509 534 495 472 481 473 469 466 481 496 499 481 472 473 449 469 450 493 479 474 454 438 454 460 471 478 490 484 464 454 441 456 481 464 424 446 474 457 452 452 452 449 454 460 464 464 488 485 441 436 454 456 459 463 505 510 492 479 478 497 472 481 493 480 440 456 459 444 439 485 480 468 466 473 450 431 455 446 455 457 462 451 459 477 424 
vem trace:

stid: 419
spdistance: 996.62
radio trace:
514 532 531 527 512 487 514 536 497 517 525 513 500 483 474 484 498 511 496 491 456 437 494 528 516 510 495 491 475 512 511 526 527 602 576 520 500 504 455 496 503 484 458 426 476 519 552 508 510 519 509 500 543 546 528 559 593 551 528 468 447 472 471 518 498 489 503 491 498 458 481 513 504 544 563 533 510 495 527 548 509 503 503 496 501 504 539 524 510 524 516 487 492 496 477 515 546 533 506 511 464 432 454 468 516 565 538 547 535 488 518 510 510 489 520 495 503 534 522 540 512 527 528 520 502 491 555 560 530 502 520 514 546 504 496 523 529 543 521 545 527 534 576 566 539 525 525 485 516 548 508 532 516 519 512 543 547 525 517 516 488 520 452 455 459 463 441 469 530 512 497 482 492 483 509 538 554 538 531 476 491 464 495 508 510 500 516 505 493 462 472 440 458 505 520 495 503 511 524 482 455 452 488 503 484 503 489 514 489 463 473 494 533 525 504 489 489 488 498 498 526 496 482 445 457 485 541 529 557 518 525 456 534 540 510 506 518 492 463 474 487 482 463 472 481 513 530 567 509 513 510 546 540 537 539 527 526 535 530 486 499 542 516 518 513 459 451 470 433 467 462 490 511 499 505 525 514 496 536 527 517 520 535 499 532 519 538 514 489 523 517 529 545 538 542 556 605 577 520 514 488 508 565 577 565 558 554 539 511 469 502 476 489 517 508 500 483 525 544 540 515 539 550 558 536 516 502 503 508 504 545 507 487 469 505 479 504 500 483 520 500 537 568 547 520 517 529 522 543 532 526 497 496 516 460 518 533 500 501 507 507 534 538 542 557 550 529 532 539 535 513 530 511 480 532 503 551 583 538 539 504 520 514 552 552 552 524 515 499 446 493 535 501 513 506 496 502 513 504 520 512 543 547 540 518 464 462 498 480 495 470 467 498 479 501 517 518 518 511 510 516 516 542 539 527 475 500 453 489 542 547 544 546 527 490 482 522 545 525 519 536 568 533 487 529 538 523 511 525 526 526 519 551 532 564 571 534 512 540 496 470 482 466 440 458 503 551 510 467 459 474 490 492 521 541 530 518 460 464 444 480 505 512 548 560 522 520 529 540 510 514 535 563 545 559 552 528 531 523 515 461 472 501 526 512 522 543 535 517 521 544 528 465 446 499 520 508 502 496 508 522 511 527 530 536 520 549 504 498 519 482 523 547 539 534 492 484 528 547 513 483 471 473 466 479 513 515 524 552 535 549 523 471 506 537 527 512 485 476 487 483 512 533 500 502 491 556 580 547 516 489 511 527 510 496 485 495 475 466 502 494 447 448 449 458 482 477 480 501 539 536 568 515 508 497 493 504 494 449 473 462 468 530 503 526 497 516 547 551 522 515 497 488 491 507 507 482 501 489 513 516 530 498 531 548 555 544 565 559 516 519 477 467 490 511 494 490 490 517 522 524 496 496 500 532 531 511 536 529 521 499 509 553 541 502 521 501 531 525 508 477 528 547 532 528 497 522 508 508 525 526 475 513 542 529 484 515 527 506 520 518 541 504 513 474 454 481 516 451 438 443 458 493 486 508 487 493 500 454 472 518 563 519 493 441 508 534 514 494 504 496 527 565 514 520 509 503 544 557 574 587 536 508 523 516 546 496 478 453 496 496 542 535 493 494 480 449 462 484 502 503 491 516 509 513 537 558 536 488 471 483 483 505 502 536 530 518 509 538 567 509 506 510 494 446 456 504 455 
vem trace:

