SDId: 34726328
energy: 2.39639e+18
zenith: 0.480363
azimuth: 4.47394
GPSSeconc: 1126634650
stid: 341
spdistance: 639.971
radio trace:
561 577 526 520 507 527 512 506 517 525 541 556 547 530 510 531 545 544 506 527 500 469 531 521 479 471 497 527 550 543 515 535 548 555 549 532 552 521 488 540 555 534 547 536 549 569 528 526 520 543 555 557 537 527 508 514 538 529 566 555 552 533 497 505 570 528 520 529 489 464 479 424 441 474 496 511 534 514 507 530 556 554 558 586 540 499 563 526 516 517 504 553 546 507 527 548 574 556 544 561 542 548 564 578 584 566 566 561 532 541 521 533 525 560 536 528 499 514 557 534 518 503 490 512 529 542 541 527 572 553 539 536 540 490 500 565 573 557 522 571 562 547 516 537 532 520 524 502 507 504 519 541 594 567 551 528 545 540 551 556 590 582 567 599 591 557 533 525 535 554 534 559 554 538 568 583 536 521 553 552 541 525 496 486 488 491 503 497 500 510 561 562 518 546 528 541 536 552 511 517 536 536 551 538 539 546 505 530 546 552 555 529 529 554 552 548 501 487 524 517 472 447 489 490 520 533 542 535 542 512 571 569 551 508 492 526 529 526 497 522 556 498 508 513 527 532 524 550 567 548 527 534 522 516 504 527 537 542 557 549 554 528 497 498 507 517 521 560 587 566 532 527 522 502 481 466 515 521 504 523 558 536 515 553 539 559 546 557 567 611 585 549 539 539 577 548 568 568 549 533 511 504 549 545 529 487 497 511 524 438 483 524 549 562 545 542 529 540 596 584 506 462 480 484 515 523 540 527 556 567 519 555 553 499 522 587 535 524 542 543 550 512 487 533 558 546 508 491 556 581 575 501 512 526 557 571 537 507 554 539 563 543 509 485 492 517 552 557 557 564 539 549 556 526 551 566 547 559 546 558 579 562 556 513 487 504 503 508 550 556 523 563 562 577 532 537 549 528 583 544 505 507 553 521 569 548 498 492 520 523 523 563 558 531 493 502 549 550 521 508 533 519 513 498 517 531 546 519 537 520 497 500 492 540 498 501 526 488 464 516 518 540 584 575 526 519 536 574 539 519 543 571 573 561 546 553 553 520 494 490 486 536 580 557 570 574 554 543 532 532 502 459 480 526 535 554 557 550 552 559 581 610 565 512 502 538 574 582 616 566 517 495 493 467 479 564 585 602 580 552 546 561 530 529 548 517 527 550 520 506 563 590 585 526 524 526 525 525 556 558 508 507 527 543 553 601 601 512 528 556 559 517 516 543 543 524 526 581 569 560 539 511 550 543 551 536 503 550 564 570 543 569 540 508 568 580 553 524 538 561 561 527 511 523 556 528 540 524 521 564 554 539 502 472 508 535 566 556 551 534 532 538 528 523 560 514 484 514 566 581 584 598 512 482 517 526 549 556 560 524 528 539 561 537 521 533 531 509 535 529 546 518 497 527 530 524 538 516 532 519 524 536 533 526 531 553 548 563 529 541 594 577 554 580 537 544 500 501 504 524 549 536 513 531 529 505 515 501 497 527 532 520 551 581 576 560 521 515 535 568 577 554 563 548 552 508 563 570 545 537 515 512 524 535 509 519 534 532 532 507 523 495 462 465 482 520 505 499 522 525 515 557 545 532 539 542 572 587 580 573 571 550 550 587 550 547 560 520 526 537 534 519 559 552 526 548 615 595 571 508 490 503 516 506 494 527 545 545 535 561 565 570 592 566 543 544 546 509 493 530 555 584 561 552 548 520 514 532 565 539 541 538 546 504 533 533 511 535 555 593 573 550 536 547 555 525 554 514 
vem trace:

stid: 341
spdistance: 639.971
radio trace:
561 577 526 520 507 527 512 506 517 525 541 556 547 530 510 531 545 544 506 527 500 469 531 521 479 471 497 527 550 543 515 535 548 555 549 532 552 521 488 540 555 534 547 536 549 569 528 526 520 543 555 557 537 527 508 514 538 529 566 555 552 533 497 505 570 528 520 529 489 464 479 424 441 474 496 511 534 514 507 530 556 554 558 586 540 499 563 526 516 517 504 553 546 507 527 548 574 556 544 561 542 548 564 578 584 566 566 561 532 541 521 533 525 560 536 528 499 514 557 534 518 503 490 512 529 542 541 527 572 553 539 536 540 490 500 565 573 557 522 571 562 547 516 537 532 520 524 502 507 504 519 541 594 567 551 528 545 540 551 556 590 582 567 599 591 557 533 525 535 554 534 559 554 538 568 583 536 521 553 552 541 525 496 486 488 491 503 497 500 510 561 562 518 546 528 541 536 552 511 517 536 536 551 538 539 546 505 530 546 552 555 529 529 554 552 548 501 487 524 517 472 447 489 490 520 533 542 535 542 512 571 569 551 508 492 526 529 526 497 522 556 498 508 513 527 532 524 550 567 548 527 534 522 516 504 527 537 542 557 549 554 528 497 498 507 517 521 560 587 566 532 527 522 502 481 466 515 521 504 523 558 536 515 553 539 559 546 557 567 611 585 549 539 539 577 548 568 568 549 533 511 504 549 545 529 487 497 511 524 438 483 524 549 562 545 542 529 540 596 584 506 462 480 484 515 523 540 527 556 567 519 555 553 499 522 587 535 524 542 543 550 512 487 533 558 546 508 491 556 581 575 501 512 526 557 571 537 507 554 539 563 543 509 485 492 517 552 557 557 564 539 549 556 526 551 566 547 559 546 558 579 562 556 513 487 504 503 508 550 556 523 563 562 577 532 537 549 528 583 544 505 507 553 521 569 548 498 492 520 523 523 563 558 531 493 502 549 550 521 508 533 519 513 498 517 531 546 519 537 520 497 500 492 540 498 501 526 488 464 516 518 540 584 575 526 519 536 574 539 519 543 571 573 561 546 553 553 520 494 490 486 536 580 557 570 574 554 543 532 532 502 459 480 526 535 554 557 550 552 559 581 610 565 512 502 538 574 582 616 566 517 495 493 467 479 564 585 602 580 552 546 561 530 529 548 517 527 550 520 506 563 590 585 526 524 526 525 525 556 558 508 507 527 543 553 601 601 512 528 556 559 517 516 543 543 524 526 581 569 560 539 511 550 543 551 536 503 550 564 570 543 569 540 508 568 580 553 524 538 561 561 527 511 523 556 528 540 524 521 564 554 539 502 472 508 535 566 556 551 534 532 538 528 523 560 514 484 514 566 581 584 598 512 482 517 526 549 556 560 524 528 539 561 537 521 533 531 509 535 529 546 518 497 527 530 524 538 516 532 519 524 536 533 526 531 553 548 563 529 541 594 577 554 580 537 544 500 501 504 524 549 536 513 531 529 505 515 501 497 527 532 520 551 581 576 560 521 515 535 568 577 554 563 548 552 508 563 570 545 537 515 512 524 535 509 519 534 532 532 507 523 495 462 465 482 520 505 499 522 525 515 557 545 532 539 542 572 587 580 573 571 550 550 587 550 547 560 520 526 537 534 519 559 552 526 548 615 595 571 508 490 503 516 506 494 527 545 545 535 561 565 570 592 566 543 544 546 509 493 530 555 584 561 552 548 520 514 532 565 539 541 538 546 504 533 533 511 535 555 593 573 550 536 547 555 525 554 514 
vem trace:

stid: 343
spdistance: 769.859
radio trace:
468 491 497 512 485 483 456 447 465 476 493 488 445 450 456 480 506 492 453 450 452 476 485 467 477 478 485 476 444 435 465 492 480 462 457 481 478 451 473 463 463 477 473 472 474 489 482 456 441 437 451 482 488 487 484 447 456 489 475 472 444 462 445 463 464 469 459 459 460 478 466 456 478 491 467 494 468 487 486 503 510 493 456 461 440 440 427 493 492 474 453 457 441 416 410 458 479 475 444 478 489 478 441 428 452 455 441 464 457 465 465 494 489 492 468 460 473 463 477 471 460 471 467 433 468 463 489 466 445 469 470 442 437 463 484 505 479 462 473 451 484 490 488 488 494 477 459 442 453 500 502 492 485 490 478 489 483 510 488 503 477 446 442 439 460 433 447 452 451 459 456 463 466 439 460 470 445 455 463 462 466 422 457 430 466 448 470 448 472 475 443 456 476 495 474 486 481 480 482 469 457 440 464 465 480 471 456 435 443 458 481 482 479 473 472 455 422 425 437 461 469 429 449 444 453 442 443 465 445 476 466 482 476 497 473 465 469 428 428 439 459 470 468 477 484 467 465 503 484 497 473 457 463 460 454 502 500 492 474 463 459 442 461 434 423 414 436 443 443 449 471 467 439 452 487 481 473 474 496 479 459 461 470 464 481 484 484 485 487 492 497 447 445 449 465 471 476 452 486 461 475 488 494 476 462 491 489 495 474 472 489 476 476 471 483 492 493 459 454 449 433 441 466 465 454 485 471 466 487 476 462 487 474 449 429 431 477 513 483 498 501 512 476 465 454 470 480 459 463 449 419 441 467 449 453 451 476 490 501 484 481 497 509 509 478 465 488 495 468 444 450 462 476 490 464 480 464 457 453 455 455 472 458 469 481 486 475 466 469 474 462 445 476 465 470 463 458 459 455 463 456 482 494 473 461 472 467 460 467 491 468 419 422 449 439 447 465 478 439 445 416 428 442 454 485 489 460 460 436 470 464 459 468 455 456 438 410 404 437 455 473 488 482 498 451 448 456 463 466 464 462 479 488 443 442 437 436 476 473 426 419 473 489 466 460 472 481 432 421 455 485 482 474 470 458 458 486 496 472 489 461 462 478 474 455 463 446 428 445 473 473 485 477 464 463 453 443 461 451 447 457 451 416 421 423 424 465 493 512 497 474 477 465 451 444 421 447 458 475 475 477 480 502 450 457 506 497 489 490 471 426 429 429 462 503 477 454 465 472 466 449 450 439 448 471 491 494 489 493 458 449 445 436 464 465 463 473 467 452 463 472 490 503 510 469 463 440 452 458 472 465 460 449 489 464 445 435 439 458 474 491 442 436 439 436 461 455 459 488 492 516 467 477 482 470 470 474 464 454 434 438 438 415 443 454 464 439 436 460 433 429 418 442 459 469 471 453 462 493 508 516 486 491 451 476 469 454 476 485 479 466 478 462 489 487 464 439 430 464 476 452 445 465 489 486 441 460 469 441 471 458 431 449 482 479 447 447 467 469 453 492 514 504 446 437 470 459 430 483 463 466 487 451 463 444 454 452 472 455 435 422 467 472 431 437 430 443 453 450 439 463 469 471 470 458 452 478 459 463 464 445 471 440 441 452 486 475 484 449 429 444 437 426 473 448 439 480 475 445 440 449 457 469 437 431 421 421 430 453 454 474 497 475 446 451 456 468 454 446 441 453 456 450 467 446 449 467 460 444 432 440 465 497 465 478 467 474 468 482 487 482 450 450 448 438 431 442 474 
vem trace:

stid: 342
spdistance: 1496.49
radio trace:
435 477 498 508 505 481 472 477 483 468 488 500 489 487 483 472 469 469 477 493 524 497 477 458 453 485 484 455 492 455 453 456 480 463 459 477 474 437 428 438 468 476 488 501 477 487 484 469 488 495 464 478 490 450 490 478 491 514 500 493 457 451 485 485 484 470 460 470 484 480 460 480 478 462 513 499 501 517 498 491 502 475 473 499 494 458 470 472 451 456 481 479 467 474 492 500 489 483 492 431 438 441 465 489 507 497 487 493 507 502 479 456 458 488 476 481 495 491 473 491 494 464 483 464 497 482 455 478 464 416 459 471 463 479 491 487 494 503 495 514 494 469 459 431 448 464 473 483 495 489 510 497 486 452 454 458 463 459 445 424 425 423 465 450 478 486 453 453 426 427 456 462 455 457 422 427 465 494 503 474 471 465 463 469 484 485 465 455 494 477 472 454 454 483 492 482 489 463 456 450 467 498 480 490 475 502 470 495 519 504 490 478 451 451 487 522 506 498 461 514 529 486 489 491 486 504 529 512 521 485 487 483 497 493 509 502 479 490 471 437 465 478 464 478 488 492 463 507 480 471 456 435 432 440 450 465 481 463 478 463 485 463 465 466 460 455 436 460 485 481 441 459 468 460 492 514 495 486 449 464 477 507 481 480 468 450 468 465 480 477 474 446 434 496 523 488 468 472 468 486 489 485 483 497 505 539 542 525 478 460 450 450 481 466 429 478 528 498 483 486 494 480 470 493 485 482 481 477 496 473 449 481 480 463 485 460 439 443 467 481 480 489 487 497 487 512 502 467 423 401 436 502 519 511 522 513 499 493 447 473 526 510 522 507 502 452 453 452 415 426 439 463 464 426 451 457 451 468 474 474 477 474 490 461 485 509 485 484 482 501 483 454 451 465 442 436 472 488 503 508 506 495 466 499 494 487 477 488 489 493 484 509 498 514 488 461 481 499 487 485 486 500 470 454 422 422 461 473 469 479 456 470 448 441 448 427 468 468 441 463 437 413 454 479 475 462 449 470 464 457 464 480 451 471 490 494 507 469 441 428 440 463 479 500 491 537 535 517 498 481 450 440 457 454 424 434 466 486 484 520 523 505 486 459 471 484 453 461 478 494 472 453 476 506 505 491 505 533 533 498 453 478 486 448 456 484 507 510 509 483 475 494 490 481 475 451 431 446 492 459 467 497 494 489 476 481 466 472 468 488 518 479 488 489 466 452 470 502 483 467 497 494 488 448 424 440 488 489 485 470 443 447 428 442 481 483 513 496 489 501 485 503 493 482 493 492 492 468 469 497 464 468 479 475 471 478 456 434 429 454 488 473 515 524 498 462 463 480 468 452 473 494 501 528 518 459 468 484 500 506 537 504 452 447 440 481 512 465 456 459 471 457 442 467 501 483 479 456 461 442 444 441 460 481 462 481 469 446 421 433 450 468 492 500 477 467 482 477 473 468 490 472 489 504 511 549 510 499 502 498 474 453 453 461 433 465 490 454 448 449 452 455 463 460 447 461 501 528 499 486 475 491 475 480 487 428 441 427 439 463 470 481 509 509 464 465 474 485 474 507 489 491 495 514 489 476 467 444 488 484 469 478 488 476 474 470 452 461 477 495 491 486 487 490 503 508 467 444 485 479 495 478 464 492 494 464 464 470 495 491 485 474 489 494 501 467 480 470 467 467 512 514 509 505 501 488 488 491 519 502 498 510 504 488 491 528 515 502 447 487 526 471 455 455 461 447 441 451 
vem trace:

