SDId: 34766642
energy: 4.6841e+17
zenith: 0.810856
azimuth: 1.91262
GPSSeconc: 1126868332
stid: 341
spdistance: 7364.08
radio trace:
557 537 514 493 544 567 529 544 490 487 499 507 503 505 553 554 520 515 496 467 502 539 530 511 504 471 479 495 457 479 471 497 469 486 490 500 463 456 487 501 518 502 492 475 473 478 501 511 461 506 537 552 554 560 535 511 516 506 509 516 528 524 533 529 540 493 481 516 538 520 512 526 512 510 534 523 492 516 522 517 494 453 493 496 471 515 528 553 536 479 487 492 524 508 499 501 503 501 495 471 476 528 520 480 482 497 486 496 482 495 508 514 500 528 525 489 497 476 491 488 491 517 519 529 522 529 508 497 490 477 468 484 472 464 468 498 493 524 487 488 501 543 554 552 520 489 515 504 477 478 466 480 517 504 485 468 484 506 508 520 513 527 520 494 464 444 466 434 477 505 495 551 531 512 462 492 488 453 509 553 544 513 464 494 498 488 516 527 506 512 514 495 544 491 493 522 513 515 529 516 523 512 547 536 524 520 491 507 480 501 482 427 418 445 491 534 545 489 467 480 497 512 527 522 555 539 500 474 515 478 479 485 513 497 507 518 530 520 500 469 469 504 517 492 437 445 471 487 510 498 492 513 514 495 458 453 462 482 481 479 513 493 501 480 513 544 551 507 493 442 446 403 449 536 544 510 481 511 483 483 508 494 473 483 489 500 468 450 495 473 500 508 497 484 473 486 519 488 517 503 511 487 475 486 486 521 506 504 452 461 483 481 498 547 554 531 515 519 526 532 530 533 523 499 513 528 532 504 521 476 431 478 464 478 505 498 518 492 509 516 513 486 516 549 536 502 538 565 554 541 486 467 475 474 476 454 486 457 493 495 462 437 421 450 481 507 494 542 497 504 507 514 496 462 483 526 520 471 456 475 475 482 503 526 494 490 521 493 512 526 492 498 464 483 523 525 497 538 526 500 449 474 501 486 477 469 466 484 496 481 476 463 484 473 462 492 493 512 545 557 544 519 522 524 538 512 507 507 522 545 541 499 468 518 492 502 512 485 475 494 507 514 512 524 515 499 512 501 484 499 505 469 473 498 506 490 492 492 521 534 483 466 468 479 468 480 493 504 468 502 517 525 510 467 474 486 487 512 517 518 490 478 467 445 460 525 500 481 495 495 526 535 512 506 534 480 454 453 483 499 490 465 488 458 488 526 528 551 504 505 517 468 452 445 464 464 475 511 530 501 455 489 508 503 559 532 546 549 511 522 560 541 519 519 466 441 457 466 493 455 473 463 487 495 482 493 521 532 527 542 527 503 507 548 523 504 506 494 504 486 486 528 538 482 475 512 492 490 491 493 457 489 513 523 519 483 447 435 448 478 465 482 541 514 534 513 508 499 470 501 472 474 500 495 484 494 476 473 493 506 497 512 448 470 481 500 560 525 500 481 473 456 535 498 456 492 533 494 499 519 508 507 494 486 474 491 500 499 487 475 511 488 505 481 470 428 421 462 496 488 491 494 492 501 470 508 502 516 498 473 475 470 456 499 508 509 505 517 529 506 521 488 479 508 500 484 495 512 510 513 531 513 531 535 525 514 472 468 521 540 497 500 468 480 492 486 505 493 513 500 508 511 532 535 523 500 484 500 515 487 482 487 498 473 483 502 471 480 487 466 458 496 496 510 523 503 491 479 452 484 474 501 513 537 507 504 517 492 520 502 520 519 530 485 518 557 560 492 482 506 531 519 506 526 517 507 578 573 516 484 467 484 486 510 515 522 471 527 511 491 490 460 464 509 489 509 503 477 
vem trace:

stid: 341
spdistance: 7364.08
radio trace:
557 537 514 493 544 567 529 544 490 487 499 507 503 505 553 554 520 515 496 467 502 539 530 511 504 471 479 495 457 479 471 497 469 486 490 500 463 456 487 501 518 502 492 475 473 478 501 511 461 506 537 552 554 560 535 511 516 506 509 516 528 524 533 529 540 493 481 516 538 520 512 526 512 510 534 523 492 516 522 517 494 453 493 496 471 515 528 553 536 479 487 492 524 508 499 501 503 501 495 471 476 528 520 480 482 497 486 496 482 495 508 514 500 528 525 489 497 476 491 488 491 517 519 529 522 529 508 497 490 477 468 484 472 464 468 498 493 524 487 488 501 543 554 552 520 489 515 504 477 478 466 480 517 504 485 468 484 506 508 520 513 527 520 494 464 444 466 434 477 505 495 551 531 512 462 492 488 453 509 553 544 513 464 494 498 488 516 527 506 512 514 495 544 491 493 522 513 515 529 516 523 512 547 536 524 520 491 507 480 501 482 427 418 445 491 534 545 489 467 480 497 512 527 522 555 539 500 474 515 478 479 485 513 497 507 518 530 520 500 469 469 504 517 492 437 445 471 487 510 498 492 513 514 495 458 453 462 482 481 479 513 493 501 480 513 544 551 507 493 442 446 403 449 536 544 510 481 511 483 483 508 494 473 483 489 500 468 450 495 473 500 508 497 484 473 486 519 488 517 503 511 487 475 486 486 521 506 504 452 461 483 481 498 547 554 531 515 519 526 532 530 533 523 499 513 528 532 504 521 476 431 478 464 478 505 498 518 492 509 516 513 486 516 549 536 502 538 565 554 541 486 467 475 474 476 454 486 457 493 495 462 437 421 450 481 507 494 542 497 504 507 514 496 462 483 526 520 471 456 475 475 482 503 526 494 490 521 493 512 526 492 498 464 483 523 525 497 538 526 500 449 474 501 486 477 469 466 484 496 481 476 463 484 473 462 492 493 512 545 557 544 519 522 524 538 512 507 507 522 545 541 499 468 518 492 502 512 485 475 494 507 514 512 524 515 499 512 501 484 499 505 469 473 498 506 490 492 492 521 534 483 466 468 479 468 480 493 504 468 502 517 525 510 467 474 486 487 512 517 518 490 478 467 445 460 525 500 481 495 495 526 535 512 506 534 480 454 453 483 499 490 465 488 458 488 526 528 551 504 505 517 468 452 445 464 464 475 511 530 501 455 489 508 503 559 532 546 549 511 522 560 541 519 519 466 441 457 466 493 455 473 463 487 495 482 493 521 532 527 542 527 503 507 548 523 504 506 494 504 486 486 528 538 482 475 512 492 490 491 493 457 489 513 523 519 483 447 435 448 478 465 482 541 514 534 513 508 499 470 501 472 474 500 495 484 494 476 473 493 506 497 512 448 470 481 500 560 525 500 481 473 456 535 498 456 492 533 494 499 519 508 507 494 486 474 491 500 499 487 475 511 488 505 481 470 428 421 462 496 488 491 494 492 501 470 508 502 516 498 473 475 470 456 499 508 509 505 517 529 506 521 488 479 508 500 484 495 512 510 513 531 513 531 535 525 514 472 468 521 540 497 500 468 480 492 486 505 493 513 500 508 511 532 535 523 500 484 500 515 487 482 487 498 473 483 502 471 480 487 466 458 496 496 510 523 503 491 479 452 484 474 501 513 537 507 504 517 492 520 502 520 519 530 485 518 557 560 492 482 506 531 519 506 526 517 507 578 573 516 484 467 484 486 510 515 522 471 527 511 491 490 460 464 509 489 509 503 477 
vem trace:

