SDId: 34889859
energy: 1.86818e+18
zenith: 0.621409
azimuth: 2.14179
GPSSeconc: 1127652049
stid: 333
spdistance: 183.403
radio trace:
421 440 430 428 435 440 431 446 422 459 488 473 415 401 402 434 429 463 429 429 451 430 462 462 478 464 428 431 453 432 407 405 437 434 452 485 483 451 436 451 423 455 444 459 465 472 482 468 453 446 455 417 450 450 476 496 434 413 427 442 417 448 443 448 460 467 450 454 454 461 463 458 449 454 463 442 436 467 496 480 448 447 464 471 437 425 455 466 422 437 451 459 456 444 424 399 397 396 458 436 439 467 441 462 451 434 453 461 476 452 470 430 453 472 440 451 453 463 489 476 482 490 484 492 454 414 488 456 453 449 449 435 437 465 470 462 467 481 475 474 457 445 440 443 429 425 417 412 417 425 417 419 436 452 469 463 445 467 451 441 439 432 447 443 443 463 487 473 498 490 478 457 429 444 425 402 424 437 425 436 417 394 383 377 413 404 413 442 450 434 429 453 458 445 445 429 433 452 444 439 452 432 431 465 467 458 504 471 487 494 511 516 506 480 463 462 460 468 484 485 459 435 413 398 428 452 475 467 419 410 429 427 431 455 485 467 440 468 478 500 484 468 430 442 479 500 487 466 431 434 438 428 435 473 510 459 461 461 434 437 437 435 431 468 451 458 443 403 438 420 412 465 480 463 460 475 445 433 447 457 439 496 478 455 448 428 458 475 465 441 462 422 469 472 463 452 479 420 392 400 457 466 470 443 437 449 457 441 412 429 440 429 454 433 445 441 451 489 441 449 418 424 433 438 438 467 500 486 477 483 479 466 481 496 482 449 440 456 464 460 428 410 439 456 450 452 483 468 455 468 451 464 455 458 458 452 435 388 440 496 491 464 457 429 433 424 438 424 418 443 444 417 474 446 458 476 489 471 468 474 465 445 425 432 430 447 448 486 449 457 413 418 405 412 424 421 433 445 434 435 469 483 474 472 448 413 426 454 489 456 432 411 448 438 450 435 432 442 428 423 434 454 494 483 466 486 489 456 431 458 444 412 426 436 430 401 405 432 426 429 453 486 503 483 467 468 453 453 451 448 478 474 452 420 452 484 503 496 459 434 457 437 429 417 470 479 465 456 420 386 428 450 465 438 464 480 479 454 461 448 415 406 423 442 456 443 468 484 478 429 420 451 441 438 416 448 463 476 462 452 438 450 460 447 461 454 452 465 457 466 439 432 444 450 493 462 443 429 434 424 442 445 450 442 425 454 451 434 439 429 441 441 434 440 469 462 435 451 459 444 439 408 414 426 431 430 447 465 465 458 434 454 484 486 477 438 435 442 472 455 413 402 412 440 474 491 476 482 505 463 448 434 405 458 419 436 405 428 450 464 458 453 470 448 446 450 447 447 429 393 387 402 417 405 379 419 439 431 434 441 472 465 502 496 453 473 451 435 383 418 434 409 421 412 426 426 452 456 456 484 495 467 448 474 462 451 431 453 462 443 421 424 445 458 458 425 461 461 486 495 476 470 440 418 433 417 401 419 427 421 398 375 416 389 391 408 416 436 445 479 513 476 434 442 442 434 463 470 498 430 398 433 409 424 429 403 440 441 446 444 452 475 477 499 496 474 433 394 440 472 491 511 494 506 492 479 443 453 474 436 424 449 445 448 485 448 448 437 427 447 457 433 448 475 465 456 477 485 457 474 451 453 461 459 473 468 479 452 448 457 501 459 443 474 456 443 445 453 457 440 450 421 429 441 401 394 413 456 466 441 432 440 437 445 445 426 428 453 477 427 419 458 484 475 507 522 526 503 
vem trace:

stid: 342
spdistance: 1268.83
radio trace:
459 437 433 438 440 468 471 476 492 493 434 435 435 429 427 437 433 436 445 447 469 432 424 442 437 432 443 410 412 426 434 450 447 426 423 451 473 447 460 472 465 440 452 414 423 462 459 454 469 513 468 477 495 479 475 455 465 451 461 461 464 466 442 447 442 452 456 453 447 466 462 497 477 457 478 443 448 469 453 458 447 454 462 433 434 446 450 445 433 444 430 417 430 438 451 431 452 465 448 449 456 457 451 477 478 487 472 481 455 434 430 422 446 450 484 516 504 480 447 426 430 434 455 444 459 462 442 440 461 462 441 430 430 431 419 431 454 466 471 470 452 426 419 434 456 473 497 477 479 492 487 507 491 485 457 479 499 476 438 445 446 447 446 476 464 474 465 458 474 453 454 451 456 441 476 483 467 449 479 477 454 463 455 430 402 413 406 419 446 438 436 454 439 448 459 437 417 432 428 413 470 477 487 471 405 422 443 415 424 444 454 399 412 427 437 463 478 504 471 466 457 448 458 439 443 443 460 458 469 443 413 429 473 470 438 443 469 501 486 476 476 489 493 493 440 428 447 446 466 471 452 467 389 400 427 443 457 443 447 433 464 492 498 469 437 455 471 469 432 430 427 438 449 449 467 449 461 470 495 506 489 453 451 464 448 422 422 466 499 455 464 485 487 476 460 471 456 462 503 501 474 491 475 461 469 449 412 417 434 443 450 429 435 434 453 459 484 476 442 452 454 460 458 469 451 430 441 440 438 459 452 452 460 500 497 479 471 468 465 452 443 441 431 428 437 448 455 461 447 472 499 505 465 417 404 412 406 418 440 478 473 474 464 481 467 461 456 447 441 456 472 425 436 434 432 459 443 423 443 479 447 475 484 465 463 465 432 448 435 451 445 440 444 452 424 417 431 445 477 466 472 477 459 462 459 449 441 456 482 469 447 456 438 416 431 453 482 491 474 482 482 463 461 451 437 419 439 442 420 447 460 458 444 444 442 423 470 449 429 462 437 449 456 428 439 434 443 456 455 443 434 451 473 429 439 422 441 472 488 475 446 450 449 449 466 482 494 504 490 494 504 517 488 492 488 474 434 433 441 470 462 456 484 458 430 424 454 475 484 486 475 489 484 465 468 469 427 430 444 457 455 454 478 490 483 471 461 456 469 464 433 471 463 435 462 449 470 489 473 452 430 434 451 459 435 421 402 427 444 451 455 443 460 478 470 445 438 462 447 463 453 457 488 486 496 459 450 470 495 479 442 419 437 430 411 425 436 462 468 461 478 469 465 462 461 437 449 450 449 475 465 490 474 465 455 474 486 472 461 463 453 426 440 439 444 425 439 459 462 437 430 440 429 466 477 437 421 457 482 471 464 475 483 494 475 482 457 450 435 446 438 464 463 467 465 487 476 476 461 483 481 481 472 488 464 464 449 454 470 464 434 411 408 440 446 437 466 493 472 468 477 468 437 465 434 412 397 422 442 431 460 472 479 486 440 454 454 430 420 436 442 474 499 495 472 490 426 444 449 464 436 439 420 442 416 428 411 414 453 454 465 470 472 488 478 477 466 433 424 438 444 483 490 481 453 471 456 457 455 477 475 465 514 518 497 475 434 429 427 434 459 453 428 430 444 488 475 455 426 456 474 464 457 453 463 459 453 463 486 494 451 448 414 445 434 427 443 448 456 456 423 448 431 402 434 432 437 451 446 458 431 443 451 428 468 437 405 424 470 439 415 430 412 422 425 432 423 413 
vem trace:

