SDId: 34641265
energy: 1.27885e+18
zenith: 0.657316
azimuth: 5.3226
GPSSeconc: 1126191904
stid: 341
spdistance: 7083.46
radio trace:
532 498 488 494 528 570 532 542 539 520 509 495 466 470 497 520 503 513 494 505 522 537 538 587 628 595 580 554 559 532 567 559 547 527 559 522 532 567 556 548 540 490 499 537 499 465 530 542 529 504 517 538 508 521 510 469 490 528 525 513 535 524 475 506 484 489 495 558 582 574 564 553 522 541 506 488 533 552 529 508 496 554 572 537 517 536 544 497 484 524 566 527 530 521 544 548 549 573 513 566 564 550 543 522 519 508 513 532 527 498 514 544 531 521 543 574 578 545 556 555 569 568 563 527 481 548 521 522 509 527 542 545 504 454 458 480 504 482 490 475 497 503 486 513 536 516 493 489 493 512 515 513 525 523 471 453 451 445 446 496 507 455 491 545 529 484 495 500 521 549 528 538 532 478 491 529 530 549 540 554 569 567 587 597 592 582 548 544 527 564 579 552 524 477 504 505 529 495 516 520 555 529 523 551 548 475 519 552 539 529 523 514 507 529 550 485 442 451 495 502 563 581 558 527 534 554 534 507 513 515 528 542 558 557 597 595 573 572 583 529 485 481 519 518 514 524 564 509 517 535 524 541 517 533 511 546 540 518 506 527 527 553 564 553 542 529 485 501 559 482 456 477 521 521 526 530 488 526 532 502 537 552 546 530 520 538 534 522 515 534 537 551 517 517 514 516 527 487 495 496 481 501 507 501 528 533 508 543 542 542 534 526 529 518 516 549 564 565 537 520 499 496 504 509 518 493 485 499 542 549 533 557 604 591 569 510 542 571 555 552 570 606 533 504 565 600 549 528 529 561 534 563 537 510 532 540 525 529 526 515 508 509 527 546 545 527 502 526 551 590 586 539 521 517 542 503 527 548 515 527 520 496 537 536 517 519 500 487 494 523 541 494 521 518 521 506 469 478 506 506 491 536 555 543 535 536 541 531 536 530 499 491 535 529 545 529 543 498 500 544 572 526 541 590 564 530 575 577 572 540 509 529 559 530 535 571 532 520 545 545 561 539 522 567 580 585 608 527 508 581 550 531 528 496 493 506 544 534 495 519 510 533 528 530 526 525 551 550 561 522 472 489 490 489 483 497 466 476 501 545 562 544 520 544 510 533 551 534 544 533 551 558 535 534 540 523 515 530 528 506 497 506 505 504 499 474 507 511 513 523 490 480 503 536 503 533 537 558 565 570 554 591 556 542 541 504 515 520 543 551 526 480 514 522 522 537 529 502 518 503 524 505 523 536 552 578 581 520 514 491 502 507 528 562 521 491 500 501 529 540 502 471 493 495 494 506 538 531 515 502 483 489 515 513 495 489 472 495 479 507 513 494 463 504 534 541 534 514 532 519 470 501 522 542 521 518 494 478 498 475 487 473 473 464 445 489 491 483 508 497 498 511 512 547 522 537 574 556 548 547 538 529 517 544 548 526 526 546 544 495 509 535 523 530 535 524 488 498 499 493 526 536 551 568 523 557 564 556 570 559 539 550 558 551 505 485 484 476 482 465 499 507 498 497 507 486 496 523 506 546 549 566 557 520 518 548 593 553 512 491 503 502 508 517 517 534 541 519 507 541 556 520 472 476 517 487 499 510 526 524 513 525 527 516 533 551 531 516 503 501 549 514 485 530 542 549 554 504 515 528 576 567 518 529 544 491 529 515 493 527 542 526 540 573 579 587 552 550 523 504 542 553 543 558 555 533 498 474 510 496 463 491 503 505 524 530 538 551 536 505 503 524 526 548 550 568 592 540 
vem trace:

stid: 341
spdistance: 7083.46
radio trace:
532 498 488 494 528 570 532 542 539 520 509 495 466 470 497 520 503 513 494 505 522 537 538 587 628 595 580 554 559 532 567 559 547 527 559 522 532 567 556 548 540 490 499 537 499 465 530 542 529 504 517 538 508 521 510 469 490 528 525 513 535 524 475 506 484 489 495 558 582 574 564 553 522 541 506 488 533 552 529 508 496 554 572 537 517 536 544 497 484 524 566 527 530 521 544 548 549 573 513 566 564 550 543 522 519 508 513 532 527 498 514 544 531 521 543 574 578 545 556 555 569 568 563 527 481 548 521 522 509 527 542 545 504 454 458 480 504 482 490 475 497 503 486 513 536 516 493 489 493 512 515 513 525 523 471 453 451 445 446 496 507 455 491 545 529 484 495 500 521 549 528 538 532 478 491 529 530 549 540 554 569 567 587 597 592 582 548 544 527 564 579 552 524 477 504 505 529 495 516 520 555 529 523 551 548 475 519 552 539 529 523 514 507 529 550 485 442 451 495 502 563 581 558 527 534 554 534 507 513 515 528 542 558 557 597 595 573 572 583 529 485 481 519 518 514 524 564 509 517 535 524 541 517 533 511 546 540 518 506 527 527 553 564 553 542 529 485 501 559 482 456 477 521 521 526 530 488 526 532 502 537 552 546 530 520 538 534 522 515 534 537 551 517 517 514 516 527 487 495 496 481 501 507 501 528 533 508 543 542 542 534 526 529 518 516 549 564 565 537 520 499 496 504 509 518 493 485 499 542 549 533 557 604 591 569 510 542 571 555 552 570 606 533 504 565 600 549 528 529 561 534 563 537 510 532 540 525 529 526 515 508 509 527 546 545 527 502 526 551 590 586 539 521 517 542 503 527 548 515 527 520 496 537 536 517 519 500 487 494 523 541 494 521 518 521 506 469 478 506 506 491 536 555 543 535 536 541 531 536 530 499 491 535 529 545 529 543 498 500 544 572 526 541 590 564 530 575 577 572 540 509 529 559 530 535 571 532 520 545 545 561 539 522 567 580 585 608 527 508 581 550 531 528 496 493 506 544 534 495 519 510 533 528 530 526 525 551 550 561 522 472 489 490 489 483 497 466 476 501 545 562 544 520 544 510 533 551 534 544 533 551 558 535 534 540 523 515 530 528 506 497 506 505 504 499 474 507 511 513 523 490 480 503 536 503 533 537 558 565 570 554 591 556 542 541 504 515 520 543 551 526 480 514 522 522 537 529 502 518 503 524 505 523 536 552 578 581 520 514 491 502 507 528 562 521 491 500 501 529 540 502 471 493 495 494 506 538 531 515 502 483 489 515 513 495 489 472 495 479 507 513 494 463 504 534 541 534 514 532 519 470 501 522 542 521 518 494 478 498 475 487 473 473 464 445 489 491 483 508 497 498 511 512 547 522 537 574 556 548 547 538 529 517 544 548 526 526 546 544 495 509 535 523 530 535 524 488 498 499 493 526 536 551 568 523 557 564 556 570 559 539 550 558 551 505 485 484 476 482 465 499 507 498 497 507 486 496 523 506 546 549 566 557 520 518 548 593 553 512 491 503 502 508 517 517 534 541 519 507 541 556 520 472 476 517 487 499 510 526 524 513 525 527 516 533 551 531 516 503 501 549 514 485 530 542 549 554 504 515 528 576 567 518 529 544 491 529 515 493 527 542 526 540 573 579 587 552 550 523 504 542 553 543 558 555 533 498 474 510 496 463 491 503 505 524 530 538 551 536 505 503 524 526 548 550 568 592 540 
vem trace:

