SDId: 34508281
energy: 1.49354e+17
zenith: 0.455347
azimuth: 2.56411
GPSSeconc: 1125309845
stid: 341
spdistance: 510.105
radio trace:
553 521 508 514 517 536 521 516 526 479 495 511 488 498 499 499 480 490 438 430 485 506 502 508 494 474 491 484 490 489 487 506 523 500 485 480 517 498 511 476 495 428 437 516 511 504 497 443 447 467 480 471 500 549 506 451 439 474 476 516 503 484 469 501 503 495 499 503 493 461 461 505 506 513 552 563 541 525 505 515 523 515 481 468 514 540 525 544 500 482 486 514 531 507 486 499 520 513 489 465 495 491 474 483 472 468 445 426 472 477 476 462 454 477 487 497 458 492 477 453 454 488 492 456 451 486 469 482 519 526 523 486 455 439 470 482 515 558 531 514 483 499 490 483 482 503 514 475 471 490 487 462 487 482 502 481 488 497 485 466 463 463 495 502 520 544 521 514 441 479 470 465 444 457 466 455 456 469 476 489 497 486 466 437 452 505 503 465 475 470 417 430 484 487 495 514 543 490 480 481 475 489 467 472 459 480 466 517 536 499 473 499 494 445 479 484 468 450 445 445 472 449 458 447 444 434 453 450 464 466 484 513 500 472 496 479 494 506 494 455 448 495 489 475 479 463 510 527 518 491 461 475 484 495 502 523 509 526 475 453 479 502 521 492 503 489 497 529 520 513 466 456 463 451 464 479 446 463 495 488 478 473 495 496 485 490 485 474 429 492 523 500 483 493 477 471 457 483 486 470 503 476 491 508 496 518 475 475 479 472 503 501 504 490 488 471 486 494 510 514 505 520 500 488 481 471 470 507 504 470 489 516 502 490 481 515 498 557 507 489 513 469 492 522 507 473 485 503 541 537 535 501 482 484 487 488 477 484 484 503 496 497 472 488 526 493 492 518 551 522 489 502 520 537 493 473 508 491 503 486 507 499 475 501 496 494 507 499 484 451 456 455 475 458 473 469 438 430 424 481 485 461 458 437 458 514 516 484 468 447 470 524 514 519 516 484 468 471 450 471 502 530 514 517 523 503 485 511 493 503 504 498 511 507 495 511 517 520 530 474 428 449 481 477 470 488 468 495 494 485 512 530 562 539 508 493 451 466 484 484 516 518 514 494 498 473 450 464 467 464 498 478 465 448 452 486 478 449 452 470 454 460 483 505 484 486 491 524 522 502 511 489 428 480 496 490 517 531 536 521 528 518 501 522 505 478 472 476 475 473 475 501 483 457 469 484 483 494 504 523 501 492 477 471 471 467 448 435 477 430 458 487 500 508 519 533 537 517 499 506 525 494 509 515 503 501 457 473 484 528 479 490 478 448 448 447 481 497 507 510 487 475 472 523 532 503 481 453 476 496 478 476 460 466 487 488 472 481 465 513 503 509 481 490 499 492 496 457 443 484 533 539 524 563 556 497 454 453 443 487 525 524 502 467 455 441 457 481 473 486 480 488 472 501 463 444 490 486 456 464 456 485 469 464 521 522 528 509 517 482 445 453 456 462 469 483 494 514 513 489 519 531 521 515 510 492 472 475 482 488 453 465 502 479 426 434 483 486 471 493 493 472 456 455 480 450 448 439 441 454 492 465 506 477 509 519 546 499 440 465 497 525 502 485 501 502 500 474 472 477 501 489 488 522 502 483 459 453 480 495 481 496 516 517 514 503 495 477 481 490 460 443 445 456 456 457 467 530 530 512 509 482 491 523 522 522 519 506 514 490 492 520 554 548 495 509 499 490 471 477 487 470 467 498 469 478 497 513 508 493 482 511 558 527 467 494 492 496 520 475 483 461 465 504 490 509 512 483 
vem trace:

stid: 341
spdistance: 510.105
radio trace:
553 521 508 514 517 536 521 516 526 479 495 511 488 498 499 499 480 490 438 430 485 506 502 508 494 474 491 484 490 489 487 506 523 500 485 480 517 498 511 476 495 428 437 516 511 504 497 443 447 467 480 471 500 549 506 451 439 474 476 516 503 484 469 501 503 495 499 503 493 461 461 505 506 513 552 563 541 525 505 515 523 515 481 468 514 540 525 544 500 482 486 514 531 507 486 499 520 513 489 465 495 491 474 483 472 468 445 426 472 477 476 462 454 477 487 497 458 492 477 453 454 488 492 456 451 486 469 482 519 526 523 486 455 439 470 482 515 558 531 514 483 499 490 483 482 503 514 475 471 490 487 462 487 482 502 481 488 497 485 466 463 463 495 502 520 544 521 514 441 479 470 465 444 457 466 455 456 469 476 489 497 486 466 437 452 505 503 465 475 470 417 430 484 487 495 514 543 490 480 481 475 489 467 472 459 480 466 517 536 499 473 499 494 445 479 484 468 450 445 445 472 449 458 447 444 434 453 450 464 466 484 513 500 472 496 479 494 506 494 455 448 495 489 475 479 463 510 527 518 491 461 475 484 495 502 523 509 526 475 453 479 502 521 492 503 489 497 529 520 513 466 456 463 451 464 479 446 463 495 488 478 473 495 496 485 490 485 474 429 492 523 500 483 493 477 471 457 483 486 470 503 476 491 508 496 518 475 475 479 472 503 501 504 490 488 471 486 494 510 514 505 520 500 488 481 471 470 507 504 470 489 516 502 490 481 515 498 557 507 489 513 469 492 522 507 473 485 503 541 537 535 501 482 484 487 488 477 484 484 503 496 497 472 488 526 493 492 518 551 522 489 502 520 537 493 473 508 491 503 486 507 499 475 501 496 494 507 499 484 451 456 455 475 458 473 469 438 430 424 481 485 461 458 437 458 514 516 484 468 447 470 524 514 519 516 484 468 471 450 471 502 530 514 517 523 503 485 511 493 503 504 498 511 507 495 511 517 520 530 474 428 449 481 477 470 488 468 495 494 485 512 530 562 539 508 493 451 466 484 484 516 518 514 494 498 473 450 464 467 464 498 478 465 448 452 486 478 449 452 470 454 460 483 505 484 486 491 524 522 502 511 489 428 480 496 490 517 531 536 521 528 518 501 522 505 478 472 476 475 473 475 501 483 457 469 484 483 494 504 523 501 492 477 471 471 467 448 435 477 430 458 487 500 508 519 533 537 517 499 506 525 494 509 515 503 501 457 473 484 528 479 490 478 448 448 447 481 497 507 510 487 475 472 523 532 503 481 453 476 496 478 476 460 466 487 488 472 481 465 513 503 509 481 490 499 492 496 457 443 484 533 539 524 563 556 497 454 453 443 487 525 524 502 467 455 441 457 481 473 486 480 488 472 501 463 444 490 486 456 464 456 485 469 464 521 522 528 509 517 482 445 453 456 462 469 483 494 514 513 489 519 531 521 515 510 492 472 475 482 488 453 465 502 479 426 434 483 486 471 493 493 472 456 455 480 450 448 439 441 454 492 465 506 477 509 519 546 499 440 465 497 525 502 485 501 502 500 474 472 477 501 489 488 522 502 483 459 453 480 495 481 496 516 517 514 503 495 477 481 490 460 443 445 456 456 457 467 530 530 512 509 482 491 523 522 522 519 506 514 490 492 520 554 548 495 509 499 490 471 477 487 470 467 498 469 478 497 513 508 493 482 511 558 527 467 494 492 496 520 475 483 461 465 504 490 509 512 483 
vem trace:

stid: 342
spdistance: 884.52
radio trace:
403 413 408 409 386 363 364 375 395 422 400 404 367 369 397 408 421 393 355 375 398 405 370 375 393 411 398 378 349 361 361 395 401 399 428 424 408 402 398 384 364 378 363 367 408 442 428 404 403 389 407 431 413 402 399 387 362 371 381 388 374 373 401 411 399 443 406 386 410 426 410 405 394 376 379 392 390 395 398 410 415 396 394 382 390 409 410 381 367 375 380 389 403 399 354 350 369 365 376 409 413 411 370 391 409 386 415 424 397 380 397 412 397 403 413 407 387 402 396 395 399 377 387 428 439 451 413 394 382 381 370 363 368 404 427 403 413 369 362 350 378 414 423 411 401 381 360 372 402 382 399 410 404 400 399 392 388 380 390 382 392 385 385 399 401 396 382 374 386 421 414 428 413 410 392 390 364 360 382 388 388 387 392 387 365 364 378 376 375 387 382 395 391 401 404 402 405 426 411 388 379 350 381 382 370 364 396 400 375 388 391 389 367 367 392 390 388 399 407 416 418 380 391 397 411 403 405 414 395 396 419 420 419 399 412 428 404 391 412 419 395 380 373 367 374 405 380 388 414 400 384 367 390 377 390 393 402 376 399 393 400 386 373 383 420 394 377 385 378 404 423 410 400 395 379 366 360 413 414 418 456 418 407 405 422 414 413 393 378 387 381 420 395 399 382 375 387 382 401 380 381 402 404 395 406 384 408 405 414 428 424 406 393 361 369 392 400 397 392 378 376 377 385 375 373 367 364 375 385 366 372 392 362 355 361 401 418 424 415 425 403 370 358 360 365 374 383 390 413 414 397 386 386 408 429 437 425 419 388 362 372 374 418 438 407 395 385 407 373 376 380 368 379 376 396 409 403 384 392 391 396 415 419 399 397 416 427 429 411 368 388 398 404 392 401 401 402 393 412 403 408 373 381 400 383 402 414 414 431 408 378 347 374 409 408 383 392 396 383 383 384 409 408 396 393 390 395 403 408 397 406 384 397 404 396 376 380 398 394 395 423 416 403 387 394 394 401 409 389 400 396 376 358 349 378 399 408 423 417 408 402 428 393 380 396 390 414 399 395 400 375 379 376 379 399 385 393 363 343 331 331 385 395 368 348 351 354 365 369 365 356 385 367 358 408 421 443 417 407 375 380 350 354 397 388 408 416 418 393 372 377 390 398 393 391 405 427 419 408 396 391 402 374 388 418 408 391 391 368 368 392 411 368 361 383 385 393 359 361 366 402 358 371 377 358 354 374 382 377 372 379 355 361 373 352 350 355 377 404 390 377 381 384 404 373 371 380 378 388 378 353 375 405 401 406 406 402 409 423 399 414 439 436 425 403 363 341 316 337 380 390 374 395 400 377 387 379 376 383 389 379 377 393 387 387 390 412 419 416 422 415 417 407 413 392 398 378 406 432 405 401 411 412 393 403 409 392 384 375 388 380 384 386 405 415 405 404 388 394 397 427 429 410 400 391 400 406 389 386 393 404 411 396 412 387 388 374 367 384 393 355 362 385 388 412 406 423 406 400 402 366 363 389 373 365 369 402 416 424 408 349 340 367 394 411 404 383 402 391 381 389 378 357 362 389 379 365 381 353 362 397 390 389 406 410 403 390 416 402 393 381 382 397 398 387 395 402 423 426 404 406 402 365 373 375 378 361 377 389 411 404 383 399 392 391 391 386 391 369 387 405 396 406 390 368 358 384 419 424 395 420 413 396 401 426 406 425 408 413 396 357 349 357 360 381 397 414 375 
vem trace:

stid: 332
spdistance: 1233.24
radio trace:
555 552 550 536 565 549 536 511 490 485 508 503 524 516 530 565 573 522 534 541 531 525 514 509 524 531 533 556 555 543 490 485 537 544 513 483 470 496 509 544 529 527 487 488 534 519 485 490 512 512 502 538 524 514 521 543 536 522 526 540 555 542 536 536 525 501 468 500 540 530 526 528 513 545 540 556 576 550 519 521 508 547 517 525 537 540 532 517 522 536 512 528 534 524 506 515 517 522 496 522 526 538 524 485 493 506 509 510 491 535 563 536 525 554 548 554 538 502 534 506 505 530 497 518 528 558 558 532 494 515 530 547 518 521 489 475 499 527 523 559 545 503 533 562 543 554 551 542 551 542 535 528 532 540 534 521 518 549 547 537 538 524 534 542 562 586 536 532 566 546 514 506 542 528 515 531 509 504 494 502 518 499 491 539 539 538 522 495 484 516 563 581 548 539 576 542 514 519 533 547 559 525 503 557 577 564 534 509 541 508 541 564 578 530 545 527 538 540 559 519 479 508 502 549 573 582 575 517 509 526 534 548 552 547 540 516 550 509 507 539 510 535 543 526 516 512 539 551 528 575 564 565 561 562 496 495 517 536 542 539 534 570 564 544 519 520 503 498 493 516 539 544 547 551 564 565 545 534 492 497 528 545 511 509 494 521 542 567 554 537 514 511 509 439 479 498 522 522 522 572 519 543 529 530 523 513 521 556 553 519 507 501 506 523 539 517 476 510 526 556 531 507 508 527 572 532 511 470 459 491 531 536 544 536 542 527 486 483 511 543 530 541 581 558 512 493 490 507 538 523 519 531 521 532 562 531 503 481 515 522 545 507 475 493 526 513 493 491 480 495 497 487 489 493 527 539 556 525 539 546 549 534 519 499 495 529 524 532 538 529 498 481 522 527 498 526 523 540 509 513 529 531 570 544 521 547 577 517 508 490 529 500 496 520 546 540 548 548 565 552 539 519 519 498 502 480 484 507 501 529 528 547 553 566 549 540 544 532 538 547 516 551 557 560 558 540 553 549 547 523 499 498 516 526 505 497 518 509 518 515 539 540 555 561 514 521 519 507 514 501 512 508 505 503 488 489 498 517 516 507 468 478 504 519 544 515 500 544 533 520 518 520 536 523 523 493 484 510 505 505 530 555 515 543 547 569 523 531 536 579 545 513 508 525 521 539 560 562 538 543 526 541 525 554 545 526 516 545 534 573 554 567 531 520 513 527 563 557 548 536 546 529 546 558 522 542 535 511 504 520 531 506 492 474 477 506 547 534 538 537 535 522 510 470 501 513 540 523 511 520 503 527 542 548 549 554 531 525 534 531 563 511 516 521 529 520 531 516 520 532 539 530 532 550 575 575 550 542 522 556 574 541 528 538 529 539 547 567 567 536 509 499 515 532 520 524 519 509 533 529 497 503 519 514 500 528 521 513 479 476 504 490 496 473 476 502 526 529 514 486 489 532 562 577 575 558 514 511 538 566 508 489 476 484 526 560 545 538 496 518 506 540 529 513 522 532 508 476 527 560 571 554 499 527 551 544 539 555 541 546 506 492 503 535 522 557 530 515 499 509 529 553 549 529 514 549 558 524 531 559 525 548 527 553 563 546 531 517 525 527 501 543 481 485 500 483 493 523 494 511 528 548 531 529 537 538 530 518 567 547 522 531 572 541 550 573 529 522 529 519 506 522 505 540 525 478 544 547 513 501 534 537 532 527 565 511 468 487 500 493 507 503 512 487 511 530 507 530 
vem trace:

