SDId: 34784044
energy: 4.44434e+17
zenith: 0.729684
azimuth: 2.33929
GPSSeconc: 1126977878
stid: 332
spdistance: 495.113
radio trace:
531 527 537 537 539 519 547 578 552 549 550 523 523 511 486 503 536 568 574 543 522 542 574 567 550 570 575 573 544 514 521 552 537 489 525 535 512 539 571 573 577 545 524 545 559 553 535 536 504 536 538 561 571 570 541 517 501 510 528 538 497 509 506 536 565 554 560 548 543 528 538 526 503 530 571 556 584 572 566 569 538 549 534 526 545 500 496 514 519 513 531 562 567 534 550 531 502 553 549 527 542 512 494 513 534 538 524 521 536 521 492 483 499 507 532 526 535 552 571 513 514 493 491 529 534 544 529 523 489 509 550 554 562 594 564 539 518 536 555 540 553 583 580 554 538 542 547 527 498 489 517 508 527 528 569 575 566 578 584 560 549 497 495 491 495 502 528 509 545 535 563 579 586 553 534 545 559 554 554 548 573 562 539 535 542 550 549 558 529 523 556 549 559 570 558 558 546 553 546 545 514 510 533 513 505 520 508 518 516 523 517 477 519 508 511 545 580 551 557 588 544 550 551 533 539 530 524 484 498 531 528 537 574 537 538 546 534 501 521 529 536 528 531 533 503 541 534 499 516 557 560 518 516 516 544 553 567 536 555 572 594 579 572 539 525 520 496 500 515 563 548 521 519 539 538 500 534 525 544 539 557 563 528 511 512 535 549 536 541 563 555 543 528 575 573 537 505 504 561 566 525 518 525 560 528 547 552 565 550 528 500 482 527 514 516 521 551 551 538 550 548 557 577 526 492 500 528 544 576 561 543 556 567 531 514 506 530 520 532 549 538 519 501 525 518 515 498 539 513 506 552 545 571 556 540 546 552 531 528 535 526 499 530 561 551 525 490 494 497 492 533 485 492 549 554 534 534 536 511 537 542 515 547 519 538 530 510 520 504 539 542 502 517 521 474 511 490 506 523 547 536 551 541 535 498 524 548 548 539 549 512 570 564 532 568 581 551 533 511 489 504 525 540 509 529 528 501 527 513 503 520 544 522 525 545 515 520 528 563 528 526 536 523 541 522 538 550 544 541 561 610 575 539 503 495 551 519 507 525 516 479 476 522 564 531 535 556 549 558 525 510 537 519 534 517 533 510 526 539 528 520 516 538 531 529 542 567 523 524 531 498 508 493 499 505 525 509 517 527 559 542 548 541 513 544 539 557 560 543 560 544 557 546 565 522 513 534 520 558 568 544 567 557 554 545 524 562 570 560 552 503 533 544 533 527 476 503 472 473 453 484 526 516 480 485 490 529 545 542 544 533 576 571 554 508 537 564 563 551 533 544 564 568 558 542 577 533 525 532 521 511 495 518 537 542 528 527 551 609 613 604 556 521 499 483 522 549 555 534 528 524 523 514 498 491 493 519 557 557 540 535 521 534 520 516 497 517 543 557 525 531 529 526 509 507 533 529 556 563 546 547 559 523 533 539 521 547 554 576 583 564 560 559 537 523 528 547 540 562 557 546 553 554 552 557 524 505 499 522 534 508 514 537 551 560 567 564 566 560 551 550 546 562 536 549 561 561 569 556 544 511 509 520 531 537 537 536 520 532 567 556 562 557 540 542 535 547 522 518 520 586 534 504 546 609 583 553 521 526 515 508 543 559 550 529 513 509 535 557 529 547 493 495 515 510 509 508 522 525 528 512 518 524 512 488 525 516 523 558 562 506 518 562 553 550 531 524 522 537 500 507 519 536 534 521 539 566 569 552 544 555 575 558 523 513 516 519 545 554 586 601 577 539 526 536 531 518 574 
vem trace:

stid: 333
spdistance: 932.986
radio trace:
454 446 429 437 410 447 476 459 466 452 477 494 466 460 421 455 461 486 488 455 466 503 512 452 445 408 429 445 454 449 463 446 436 446 450 424 443 426 428 430 467 464 466 423 455 454 441 452 436 448 450 446 394 417 444 421 432 464 480 453 448 427 451 436 472 517 507 464 415 410 415 439 465 452 438 458 493 486 449 455 445 468 458 470 463 453 468 476 478 498 476 460 454 462 454 454 463 459 455 461 462 475 492 496 456 432 417 459 482 484 485 457 444 443 441 425 433 450 452 403 415 426 464 446 416 411 423 456 450 467 445 424 440 443 419 397 417 421 420 430 455 428 428 415 417 415 397 424 412 413 419 388 416 418 394 421 423 424 416 453 436 428 435 442 418 402 395 455 468 476 452 439 418 423 406 407 427 403 422 426 397 437 437 434 429 449 438 426 444 448 448 441 472 493 492 493 450 458 445 400 426 438 448 478 495 460 455 449 437 437 397 424 457 435 421 450 421 384 396 404 424 452 451 466 443 440 434 442 424 410 417 437 428 452 445 421 460 479 422 439 470 452 463 431 419 424 413 435 469 511 481 421 441 419 427 438 423 425 440 448 464 471 467 459 452 448 435 439 407 444 440 433 424 462 447 419 450 439 439 479 435 450 463 449 422 419 432 454 437 431 426 438 449 436 447 467 490 466 459 447 443 415 420 456 470 432 464 463 479 484 478 473 416 432 444 435 462 453 458 466 459 430 438 461 479 460 497 480 442 444 496 483 462 457 480 471 481 480 469 476 434 444 442 441 411 420 417 441 452 443 435 433 457 494 473 458 440 439 440 444 443 451 485 443 441 434 435 406 446 404 391 406 409 427 444 410 396 415 412 445 425 416 452 420 401 421 403 421 468 454 437 483 474 474 475 460 517 488 464 432 465 499 492 469 464 464 454 410 414 439 442 457 436 461 456 428 391 381 438 415 423 411 400 448 412 399 413 467 462 483 475 432 430 415 379 383 427 444 412 411 422 400 413 408 428 445 449 445 465 464 486 502 502 435 404 421 427 446 417 415 443 429 447 463 442 456 433 434 454 437 436 435 411 421 432 427 472 466 436 425 418 428 461 442 411 408 411 416 418 433 435 396 399 438 388 413 447 437 440 414 414 429 439 415 436 451 455 421 422 424 462 427 428 411 402 417 417 404 432 461 492 519 479 467 443 455 472 466 443 410 399 383 382 386 394 423 392 397 419 418 427 459 449 440 408 397 419 416 432 426 461 442 435 490 440 458 408 412 441 431 428 453 445 463 437 459 467 448 427 402 437 430 444 437 475 447 440 452 424 471 450 445 413 382 432 428 439 464 455 459 435 436 420 435 427 454 450 465 438 441 448 471 470 462 436 423 425 405 410 439 505 463 436 444 427 435 441 442 412 406 384 374 404 385 406 410 392 438 438 402 394 406 418 408 442 432 434 465 437 440 421 432 452 452 407 401 380 375 405 417 465 460 464 477 493 514 481 429 444 430 436 441 481 513 516 439 420 438 456 427 407 436 417 431 435 441 432 440 468 485 465 455 430 441 433 427 421 367 371 374 399 444 454 449 437 443 407 413 432 422 461 474 463 456 435 439 452 449 431 445 439 448 435 450 422 419 422 419 432 448 409 426 434 411 412 420 424 431 441 446 428 441 443 430 426 425 424 470 460 440 432 433 445 450 460 458 432 422 422 422 449 448 421 453 449 474 472 457 457 480 449 446 441 405 409 403 416 416 
vem trace:

stid: 342
spdistance: 1017.78
radio trace:
455 435 431 452 453 443 434 465 464 454 466 457 481 490 489 484 469 460 438 450 450 433 408 411 415 403 416 449 442 419 445 448 462 462 476 428 422 438 457 451 410 469 446 449 475 459 467 425 448 460 480 470 487 441 425 411 451 462 420 414 437 442 456 477 477 460 468 455 429 423 452 436 458 482 435 462 445 440 441 491 484 498 484 467 467 458 428 442 452 451 426 406 430 462 452 447 468 458 451 463 456 464 486 455 425 412 412 413 422 431 436 437 415 431 466 453 453 461 488 477 461 436 412 462 465 433 451 439 460 479 435 452 462 465 438 428 438 468 452 450 438 432 448 480 443 440 423 405 396 446 429 459 444 435 389 406 405 412 419 412 414 433 448 470 451 447 438 405 427 446 451 472 470 475 444 428 464 478 485 494 465 452 468 423 421 420 437 465 458 450 439 468 495 498 482 453 464 485 476 449 459 487 475 467 440 478 490 475 467 426 431 457 437 418 428 452 446 455 433 409 407 446 445 443 450 453 454 453 444 447 433 470 471 444 417 405 424 449 474 474 450 440 456 459 442 443 443 434 414 420 397 468 447 434 429 424 427 405 443 476 465 452 453 435 447 457 443 424 440 445 449 453 462 443 439 438 436 424 432 443 466 482 470 483 471 450 439 427 425 429 451 424 410 426 421 409 431 438 457 470 493 476 433 447 461 466 479 459 453 434 467 490 496 471 435 445 414 412 452 466 478 464 461 438 446 442 443 427 426 432 421 452 448 483 512 497 460 422 433 450 407 413 397 390 435 466 433 441 451 423 461 480 477 455 449 466 440 410 401 425 429 435 415 429 431 455 472 460 436 422 471 465 440 441 437 448 431 463 458 443 462 467 433 446 479 468 458 480 477 444 463 468 427 416 461 445 428 437 444 415 426 459 455 426 418 434 424 404 411 409 400 426 435 409 368 389 409 420 418 419 459 476 460 440 439 486 446 450 468 456 460 432 414 434 468 463 455 453 455 491 484 452 437 445 466 468 445 449 468 444 452 449 416 398 411 404 417 459 500 491 483 474 435 461 449 430 395 415 442 456 454 466 476 469 453 429 465 469 466 449 439 438 461 474 468 461 473 478 440 423 390 408 458 487 482 460 443 430 410 428 448 444 462 441 451 442 444 410 416 438 433 429 447 437 450 454 472 482 476 456 472 481 477 471 486 474 448 430 401 406 444 433 447 482 493 463 464 466 446 457 461 443 460 448 429 419 430 450 457 448 430 440 441 429 449 410 416 451 474 455 466 461 435 449 463 473 445 461 467 434 429 440 477 484 471 441 424 422 424 448 437 421 452 463 466 466 457 428 469 480 444 460 474 419 423 440 483 439 436 467 505 460 428 454 466 469 490 474 470 498 477 469 485 459 446 426 468 467 422 427 437 473 463 431 435 427 432 439 433 439 439 438 422 421 442 448 458 464 456 448 458 446 468 435 444 424 437 432 439 446 471 475 472 459 469 492 462 449 426 449 443 434 450 440 481 445 413 430 412 420 448 469 463 446 431 440 475 452 467 459 437 423 448 454 435 455 443 458 430 417 408 396 386 387 439 469 449 449 484 485 456 424 431 430 423 433 455 456 467 460 452 421 446 460 463 464 453 432 444 428 457 467 443 420 412 426 432 426 442 461 477 456 470 445 467 476 448 461 423 436 481 462 427 417 442 442 405 393 390 409 426 451 454 454 483 493 467 438 422 432 415 414 428 444 456 447 468 470 
vem trace:

