SDId: 34494291
energy: 1.01862e+18
zenith: 0.660864
azimuth: 0.609661
GPSSeconc: 1125213685
stid: 332
spdistance: 363.354
radio trace:
528 562 545 547 548 597 572 567 542 503 520 590 577 581 587 549 495 502 498 529 528 530 524 505 512 532 499 482 486 466 519 505 509 538 538 521 527 519 517 489 506 534 569 541 567 509 506 494 491 494 540 531 515 511 534 544 563 535 566 574 527 539 537 511 507 535 563 540 492 503 505 488 501 508 520 541 528 519 527 535 515 518 539 526 550 597 576 567 572 553 549 541 549 557 507 537 538 521 520 489 491 538 526 482 484 536 527 488 501 500 501 523 519 472 478 514 513 510 518 540 564 554 546 530 556 547 477 499 519 534 508 503 528 501 526 511 520 482 485 486 518 537 536 520 512 510 532 517 532 534 541 531 516 532 545 537 546 546 529 529 523 534 580 559 521 524 554 556 538 519 528 510 508 489 511 525 543 572 585 584 593 581 584 554 501 529 535 498 505 503 480 467 521 512 513 520 511 530 534 507 532 550 540 543 517 507 485 568 557 554 530 571 547 561 552 533 535 522 519 549 510 527 513 506 505 560 596 545 563 564 574 549 529 538 529 576 539 512 547 542 547 535 528 571 552 525 542 515 485 480 483 526 557 547 551 536 539 509 511 524 507 489 509 509 538 526 518 554 519 529 499 497 512 561 528 492 517 501 534 498 517 530 539 504 508 483 479 479 489 506 509 531 532 528 554 566 560 527 533 552 544 521 497 447 514 568 543 542 527 524 571 520 526 535 523 553 514 468 466 524 538 547 560 514 534 531 555 576 584 575 549 530 520 518 538 553 585 627 576 549 497 494 509 489 503 504 489 488 499 502 520 551 513 495 533 525 562 575 549 530 487 513 488 499 487 519 520 558 550 567 579 590 603 531 507 513 507 508 472 481 525 528 514 561 560 545 536 537 518 502 509 544 549 526 513 492 464 494 518 522 545 526 539 523 502 494 519 529 513 476 495 504 518 529 550 554 517 496 490 500 503 493 522 507 475 534 565 549 539 531 529 523 511 522 546 521 509 493 486 505 480 491 532 546 546 521 553 547 533 517 552 543 520 529 529 550 536 512 486 493 523 531 523 556 563 564 568 568 536 526 519 491 479 497 474 465 512 512 515 507 529 539 525 528 494 520 515 534 526 522 518 513 527 524 526 501 476 455 505 551 527 546 481 490 540 547 508 506 466 496 494 507 520 546 534 509 536 545 550 526 541 556 509 508 517 511 532 542 552 520 526 506 512 526 534 555 525 526 526 531 517 556 552 534 483 544 560 533 528 521 480 503 531 550 558 518 474 524 536 531 510 514 545 599 557 505 535 514 505 509 486 479 513 500 518 529 539 502 529 529 515 483 489 457 481 492 520 529 534 535 527 520 507 487 536 573 533 518 547 514 520 508 529 531 514 521 529 556 540 502 518 498 551 545 574 535 500 538 551 538 547 530 512 518 519 568 550 497 520 539 547 534 521 532 546 528 503 530 483 467 538 551 556 538 533 511 546 540 506 535 549 553 556 525 487 480 488 507 522 502 491 512 511 504 485 508 509 500 533 531 524 518 524 506 529 505 506 533 557 568 544 517 549 474 498 492 525 527 504 492 503 564 593 559 563 578 552 548 555 527 523 554 561 491 508 551 558 559 549 505 519 535 544 526 534 549 545 542 536 543 554 548 528 501 500 508 512 522 526 555 554 560 550 595 555 543 558 586 571 547 511 559 576 547 551 515 528 511 535 523 510 492 514 505 537 546 538 543 527 512 514 541 547 533 555 542 546 520 
vem trace:

stid: 342
spdistance: 1598.56
radio trace:
405 381 396 391 407 412 387 382 419 400 420 427 423 373 375 403 402 404 404 381 409 379 397 392 384 385 395 389 388 413 397 405 413 411 410 375 373 380 378 402 395 390 392 399 398 378 388 399 395 408 389 371 376 377 386 401 381 407 406 415 416 412 412 391 407 416 402 413 421 410 397 389 392 423 428 436 431 414 369 351 372 389 422 421 387 393 415 374 375 403 431 405 381 373 391 401 385 378 386 401 406 404 406 414 439 422 408 382 383 364 352 383 394 413 400 398 404 389 399 404 386 371 366 362 363 391 375 385 365 358 371 391 376 384 388 402 395 417 417 404 400 395 393 413 412 428 399 404 388 387 397 391 378 370 402 393 396 398 403 382 378 380 402 401 394 416 426 439 426 411 409 400 413 427 432 421 415 416 408 396 392 417 412 406 409 408 395 357 397 414 411 426 407 397 398 369 376 409 410 410 384 394 427 406 399 397 428 436 427 382 359 365 362 382 390 411 398 408 396 407 389 359 376 404 392 398 421 397 381 403 392 395 377 385 382 372 368 397 392 406 383 386 402 401 391 396 420 416 412 424 424 396 410 402 388 391 379 378 416 415 412 388 367 366 371 408 380 410 413 403 431 431 403 430 413 399 385 409 409 413 422 414 367 355 375 402 392 394 415 407 405 413 419 418 391 376 392 409 411 405 410 401 424 408 413 420 402 401 405 410 417 394 398 423 418 407 393 410 410 410 425 394 386 398 396 416 396 388 386 409 392 380 398 403 396 384 421 417 422 423 408 416 403 413 417 416 421 390 401 369 371 385 362 395 367 387 383 374 360 359 372 394 402 389 393 380 363 385 398 408 409 406 396 417 414 382 406 406 401 381 397 396 383 389 410 431 417 405 406 373 365 372 380 353 358 361 383 381 399 407 406 398 410 410 410 406 397 402 380 379 388 383 385 379 416 401 372 370 414 429 395 373 379 408 414 410 382 392 382 381 388 413 387 391 404 389 397 386 402 419 388 395 411 403 415 424 432 410 412 397 390 394 392 417 411 401 396 392 409 421 401 395 394 410 378 401 397 395 414 414 407 418 420 422 400 402 374 367 378 412 410 408 394 387 391 383 384 365 388 413 403 397 401 410 417 433 440 428 427 398 401 411 372 381 366 372 389 389 381 401 410 393 385 395 405 409 400 400 421 421 420 421 398 399 372 368 392 401 412 378 375 357 340 378 397 391 380 408 410 409 404 404 382 388 391 386 402 378 378 398 419 416 369 335 340 363 367 395 366 378 419 403 422 421 434 422 415 375 366 408 438 463 424 411 404 415 413 410 405 405 408 416 407 421 411 389 376 402 386 392 397 385 371 355 398 425 432 437 412 424 419 416 408 418 381 414 430 435 415 400 394 362 353 382 418 399 393 384 363 358 380 403 399 415 391 381 399 395 399 430 410 419 419 401 406 393 382 358 381 433 428 430 432 390 358 361 368 385 417 395 381 385 372 374 367 358 350 350 396 413 387 404 385 385 399 413 405 416 426 429 410 406 402 423 408 388 372 374 390 403 409 381 373 385 376 395 402 379 386 394 363 380 418 406 379 414 424 402 395 398 395 405 389 412 403 380 379 402 401 386 387 361 380 420 404 400 411 398 393 400 386 381 383 404 382 393 418 401 376 385 393 384 401 403 403 389 387 408 412 402 401 415 400 399 395 391 382 377 390 399 417 374 371 408 407 415 454 449 425 385 404 391 373 359 365 393 399 383 
vem trace:

stid: 333
spdistance: 1346.79
radio trace:
387 398 386 423 438 469 416 382 346 342 369 390 426 437 458 466 446 427 428 482 486 448 444 445 448 439 430 427 451 464 461 438 429 413 395 390 403 389 378 393 387 397 383 419 407 408 406 392 440 452 414 427 441 445 433 396 410 426 404 396 420 411 430 398 380 404 411 420 436 461 440 443 437 449 449 386 395 421 398 410 423 447 447 428 434 472 439 434 425 449 457 446 424 430 424 432 424 400 400 422 410 441 441 421 410 413 425 438 446 424 422 429 389 381 396 424 417 421 401 402 397 409 445 430 401 439 459 439 430 446 434 405 426 414 422 432 442 451 439 411 421 445 433 441 478 474 444 453 439 408 421 435 436 412 410 432 403 384 394 406 419 426 386 425 418 395 365 390 438 432 459 466 477 426 389 433 460 450 405 413 413 427 424 425 428 436 384 385 449 473 416 414 442 420 443 452 449 417 371 385 408 393 395 409 421 402 444 427 433 446 432 448 444 430 414 410 402 435 455 442 430 442 422 421 424 423 426 427 412 394 396 427 456 436 411 394 382 355 357 402 423 417 452 442 454 451 404 407 430 430 453 446 468 438 429 420 455 450 444 435 422 414 441 399 377 397 403 427 421 431 421 423 420 434 408 406 431 438 419 420 437 439 410 371 379 393 422 421 429 414 430 427 409 378 419 407 383 379 414 424 451 419 393 431 433 406 407 432 441 440 421 389 394 399 419 449 465 436 443 402 387 354 424 438 412 418 459 448 446 447 419 441 422 448 468 470 446 399 409 449 433 451 435 411 401 386 449 426 425 365 402 404 421 428 427 431 437 442 456 435 462 444 420 450 464 450 467 456 410 423 443 467 439 415 420 451 465 441 450 453 471 414 392 440 441 438 407 414 414 446 432 421 421 446 413 385 391 396 406 471 471 474 453 437 419 421 427 424 435 416 436 451 472 487 448 427 405 390 368 383 388 440 458 420 406 442 431 443 428 434 429 418 410 380 396 411 406 431 447 431 405 407 442 456 435 446 490 429 418 423 433 421 407 433 438 429 420 396 410 387 421 448 470 463 464 453 425 428 430 420 447 451 439 461 474 436 404 390 386 429 453 461 443 407 434 435 446 446 451 441 430 451 442 443 419 414 427 429 408 425 416 425 373 404 420 437 432 414 438 459 466 414 403 407 411 461 419 443 444 446 430 440 438 449 437 421 428 428 453 449 454 448 412 427 449 476 475 450 446 405 385 416 438 436 461 422 417 390 366 424 449 432 444 434 436 426 437 441 438 435 426 437 413 396 389 393 415 389 448 470 435 390 361 379 419 434 438 439 395 381 419 421 437 426 445 442 444 442 414 389 419 441 438 396 412 403 418 405 384 357 402 421 439 408 412 443 455 436 436 426 443 430 417 416 424 431 424 403 431 423 412 419 441 459 431 397 364 378 417 470 473 446 453 432 412 420 458 449 419 401 389 390 393 403 449 418 443 417 414 405 397 399 405 413 426 414 426 430 394 381 391 428 433 439 412 420 427 421 425 423 428 454 453 464 448 443 460 431 447 438 462 430 432 447 386 390 388 385 419 461 463 445 428 431 442 470 435 428 417 425 432 404 405 417 442 469 432 444 458 440 424 406 423 424 432 448 462 405 424 440 464 469 471 432 415 419 429 471 450 413 405 404 430 440 444 460 429 428 423 431 446 451 429 414 431 445 414 432 417 432 398 424 455 456 488 493 462 439 430 388 392 421 438 413 417 411 403 404 
vem trace:

