SDId: 34799611
energy: 4.31463e+17
zenith: 0.667965
azimuth: 5.09375
GPSSeconc: 1127079528
stid: 342
spdistance: 665.766
radio trace:
462 455 457 459 434 442 455 430 445 460 416 433 431 423 467 469 434 432 432 424 431 452 478 471 468 443 406 411 419 442 464 448 464 479 486 497 490 490 469 455 456 440 454 487 480 478 461 470 460 460 451 472 471 456 457 428 453 467 488 464 478 459 460 440 442 429 447 456 450 486 501 482 453 450 472 488 470 483 482 480 490 506 477 466 452 438 484 482 469 486 487 469 469 478 475 517 475 443 477 454 468 465 454 445 470 469 495 441 438 432 467 429 445 480 466 449 471 462 467 494 458 444 425 457 453 459 466 470 507 455 426 433 421 455 461 436 426 446 466 482 452 425 458 472 468 477 458 451 420 441 474 470 472 501 457 465 467 447 416 413 450 498 484 464 469 475 448 462 453 439 452 460 457 463 455 413 430 446 442 472 484 504 450 429 437 490 479 456 456 441 453 467 449 417 436 447 488 476 483 461 467 459 439 450 451 454 476 475 488 488 450 451 433 441 461 467 464 477 424 435 464 485 465 489 466 457 448 456 456 451 432 440 464 485 485 490 489 479 461 504 485 453 441 453 455 463 440 439 433 465 465 471 459 477 471 500 472 433 461 460 449 459 445 450 453 442 423 396 409 440 460 448 444 464 452 455 491 488 478 461 457 462 476 434 432 428 420 411 460 451 465 442 440 473 461 464 473 465 436 465 441 419 450 435 422 442 455 462 489 455 464 462 468 440 428 450 421 432 442 463 466 478 492 478 481 483 447 468 449 469 438 464 471 497 479 489 473 467 471 464 465 467 488 491 464 446 448 434 454 454 465 470 441 465 470 479 479 443 486 469 428 439 424 425 418 430 474 463 471 487 474 460 466 437 430 446 469 479 458 466 470 468 444 447 442 451 451 441 425 432 456 454 419 411 430 440 430 452 470 471 474 478 475 434 467 489 486 482 451 448 463 484 434 464 477 468 445 455 416 433 447 480 450 461 484 466 438 442 452 440 460 490 505 500 465 461 474 495 509 471 457 453 472 446 445 459 434 429 452 445 424 448 463 471 467 447 460 460 437 458 449 435 442 454 440 434 487 480 472 466 451 444 440 464 483 495 483 455 436 433 414 440 433 462 465 478 476 468 450 451 465 445 453 475 499 517 517 462 418 432 469 462 438 431 448 449 458 467 488 472 457 448 428 422 454 454 453 452 455 444 467 476 454 470 468 473 433 431 440 426 431 442 474 460 455 456 495 485 469 464 443 461 473 494 459 457 474 470 511 450 455 471 481 475 451 418 424 436 444 455 455 437 427 482 471 475 486 490 485 476 501 506 470 484 442 477 461 466 458 437 475 488 471 460 448 443 454 474 479 493 514 484 439 433 440 415 418 433 477 457 436 443 484 481 470 420 430 453 460 465 429 440 460 486 490 465 454 475 439 438 478 484 455 484 479 495 472 474 444 459 457 447 464 454 438 457 447 481 467 424 424 410 443 459 435 430 484 470 434 418 416 419 462 497 487 482 462 461 433 443 473 477 428 447 468 459 434 442 424 466 447 442 472 465 447 440 440 452 477 470 452 453 462 457 481 487 465 455 458 468 472 459 437 458 436 450 439 473 464 443 446 481 482 496 486 482 456 458 451 458 453 461 471 448 461 472 464 461 475 465 468 465 471 451 438 442 460 474 452 455 440 443 434 428 473 473 446 452 444 437 433 433 444 446 424 438 466 460 446 442 442 435 465 465 475 456 472 462 451 442 461 428 409 421 465 446 467 511 
vem trace:

stid: 341
spdistance: 859.46
radio trace:
498 495 500 494 520 552 558 532 564 569 546 525 496 491 457 485 492 506 505 521 535 527 511 530 572 603 550 557 529 512 505 490 513 502 505 465 477 513 477 509 547 558 558 549 508 497 493 510 510 532 492 502 562 536 561 556 567 540 496 496 514 535 526 519 525 571 536 515 544 572 582 556 546 517 557 539 537 520 515 516 502 485 507 582 556 525 505 512 557 548 550 552 550 525 513 519 532 525 516 513 486 486 493 489 487 532 569 500 491 497 500 517 518 507 542 585 547 541 548 552 517 514 509 513 519 505 522 549 591 556 532 548 540 558 559 527 493 520 528 534 482 472 455 515 551 558 564 540 537 535 542 553 522 522 537 556 536 518 529 488 515 543 539 525 524 523 479 479 499 536 551 564 545 583 520 530 550 563 589 531 527 550 538 549 532 534 530 545 547 519 522 478 496 514 499 506 534 516 521 520 544 590 551 526 564 544 563 527 498 526 536 543 534 537 516 534 548 521 549 554 537 546 543 530 539 584 600 581 560 529 517 498 477 456 483 507 504 498 526 476 473 523 514 530 509 539 539 524 529 527 501 481 506 506 508 515 508 505 489 551 516 495 480 478 494 493 539 522 506 512 544 537 577 546 531 540 525 517 513 498 508 478 493 502 551 529 501 508 544 545 573 547 530 522 533 517 492 482 532 506 514 513 507 511 503 492 480 467 491 512 522 539 533 516 563 567 534 512 475 493 521 486 517 526 528 511 519 500 521 506 570 533 498 520 493 544 564 530 519 493 491 519 535 526 512 525 520 515 489 514 457 431 496 539 519 508 479 502 526 507 531 553 528 498 489 490 506 533 585 591 563 587 561 573 552 498 451 463 510 542 533 539 530 531 529 482 471 465 502 539 515 456 481 480 506 518 531 534 512 524 498 482 524 525 518 518 495 516 528 516 521 510 489 507 529 535 556 540 552 560 583 574 578 538 553 507 492 522 525 534 562 557 569 537 503 511 512 530 523 529 542 533 551 529 540 530 546 549 525 536 542 497 519 513 487 508 525 531 509 501 526 515 523 540 560 538 562 566 537 521 508 497 512 538 555 606 546 516 534 532 497 552 576 565 525 528 548 561 596 560 523 512 532 532 532 550 551 570 545 510 487 527 525 528 503 502 522 509 509 532 490 482 522 534 521 514 488 501 479 509 520 509 519 544 537 532 525 518 522 517 527 525 549 561 588 555 544 499 487 534 570 573 565 558 551 510 513 502 525 599 546 522 518 529 492 508 511 512 489 546 561 544 507 488 511 519 486 523 519 499 490 510 521 501 506 488 473 502 517 535 555 541 488 475 511 495 485 533 582 569 578 591 578 569 538 549 548 549 515 537 538 537 504 502 519 519 524 501 499 477 466 488 472 511 537 517 525 528 558 540 492 500 472 482 511 526 512 530 524 551 549 558 536 486 523 537 494 526 546 522 503 494 526 483 490 509 531 541 534 525 529 509 520 532 498 498 527 531 537 546 540 533 512 501 508 540 567 568 543 536 544 550 533 541 534 551 560 540 554 560 561 556 549 546 551 506 507 522 527 490 527 526 503 455 496 499 523 504 462 464 498 521 531 555 528 525 515 508 466 474 534 571 549 573 579 554 559 517 546 550 531 537 520 541 514 512 486 514 527 519 544 557 585 590 544 521 528 526 493 528 532 509 490 459 481 500 480 500 532 507 488 496 509 521 490 485 525 519 509 508 523 483 482 512 505 498 536 531 
vem trace:

stid: 341
spdistance: 859.46
radio trace:
498 495 500 494 520 552 558 532 564 569 546 525 496 491 457 485 492 506 505 521 535 527 511 530 572 603 550 557 529 512 505 490 513 502 505 465 477 513 477 509 547 558 558 549 508 497 493 510 510 532 492 502 562 536 561 556 567 540 496 496 514 535 526 519 525 571 536 515 544 572 582 556 546 517 557 539 537 520 515 516 502 485 507 582 556 525 505 512 557 548 550 552 550 525 513 519 532 525 516 513 486 486 493 489 487 532 569 500 491 497 500 517 518 507 542 585 547 541 548 552 517 514 509 513 519 505 522 549 591 556 532 548 540 558 559 527 493 520 528 534 482 472 455 515 551 558 564 540 537 535 542 553 522 522 537 556 536 518 529 488 515 543 539 525 524 523 479 479 499 536 551 564 545 583 520 530 550 563 589 531 527 550 538 549 532 534 530 545 547 519 522 478 496 514 499 506 534 516 521 520 544 590 551 526 564 544 563 527 498 526 536 543 534 537 516 534 548 521 549 554 537 546 543 530 539 584 600 581 560 529 517 498 477 456 483 507 504 498 526 476 473 523 514 530 509 539 539 524 529 527 501 481 506 506 508 515 508 505 489 551 516 495 480 478 494 493 539 522 506 512 544 537 577 546 531 540 525 517 513 498 508 478 493 502 551 529 501 508 544 545 573 547 530 522 533 517 492 482 532 506 514 513 507 511 503 492 480 467 491 512 522 539 533 516 563 567 534 512 475 493 521 486 517 526 528 511 519 500 521 506 570 533 498 520 493 544 564 530 519 493 491 519 535 526 512 525 520 515 489 514 457 431 496 539 519 508 479 502 526 507 531 553 528 498 489 490 506 533 585 591 563 587 561 573 552 498 451 463 510 542 533 539 530 531 529 482 471 465 502 539 515 456 481 480 506 518 531 534 512 524 498 482 524 525 518 518 495 516 528 516 521 510 489 507 529 535 556 540 552 560 583 574 578 538 553 507 492 522 525 534 562 557 569 537 503 511 512 530 523 529 542 533 551 529 540 530 546 549 525 536 542 497 519 513 487 508 525 531 509 501 526 515 523 540 560 538 562 566 537 521 508 497 512 538 555 606 546 516 534 532 497 552 576 565 525 528 548 561 596 560 523 512 532 532 532 550 551 570 545 510 487 527 525 528 503 502 522 509 509 532 490 482 522 534 521 514 488 501 479 509 520 509 519 544 537 532 525 518 522 517 527 525 549 561 588 555 544 499 487 534 570 573 565 558 551 510 513 502 525 599 546 522 518 529 492 508 511 512 489 546 561 544 507 488 511 519 486 523 519 499 490 510 521 501 506 488 473 502 517 535 555 541 488 475 511 495 485 533 582 569 578 591 578 569 538 549 548 549 515 537 538 537 504 502 519 519 524 501 499 477 466 488 472 511 537 517 525 528 558 540 492 500 472 482 511 526 512 530 524 551 549 558 536 486 523 537 494 526 546 522 503 494 526 483 490 509 531 541 534 525 529 509 520 532 498 498 527 531 537 546 540 533 512 501 508 540 567 568 543 536 544 550 533 541 534 551 560 540 554 560 561 556 549 546 551 506 507 522 527 490 527 526 503 455 496 499 523 504 462 464 498 521 531 555 528 525 515 508 466 474 534 571 549 573 579 554 559 517 546 550 531 537 520 541 514 512 486 514 527 519 544 557 585 590 544 521 528 526 493 528 532 509 490 459 481 500 480 500 532 507 488 496 509 521 490 485 525 519 509 508 523 483 482 512 505 498 536 531 
vem trace:

stid: 332
spdistance: 878.364
radio trace:
569 596 589 572 559 508 514 509 541 560 568 581 547 507 530 539 533 537 555 555 547 541 556 551 573 562 543 552 565 528 517 523 561 566 551 536 525 533 549 568 575 553 533 529 556 575 570 584 585 594 573 550 514 483 507 531 544 550 542 563 579 583 572 592 596 590 568 569 558 525 539 556 559 560 576 548 544 561 541 498 510 541 563 556 515 544 569 580 568 562 527 567 532 517 524 535 537 537 542 531 534 520 540 571 513 525 559 506 499 516 517 548 586 591 545 537 542 548 586 592 576 597 569 562 575 549 541 564 549 584 601 575 572 596 565 565 590 540 555 563 570 593 568 553 572 561 565 579 588 603 564 589 573 564 560 542 540 546 580 585 577 573 569 566 561 551 575 593 539 523 527 534 526 529 528 544 549 521 545 543 558 548 524 540 546 554 536 528 560 538 577 578 600 586 587 529 554 571 569 585 593 577 583 559 536 586 553 542 566 569 538 519 555 513 520 556 569 572 583 573 554 567 546 527 562 577 561 523 556 560 557 578 613 619 582 558 575 594 588 535 543 538 562 576 583 593 572 537 538 535 550 525 547 579 547 527 539 526 577 608 580 596 585 588 573 571 532 515 546 563 556 571 573 538 560 531 533 530 540 550 540 537 578 605 591 538 550 576 541 522 555 557 534 538 561 564 588 598 562 596 570 575 557 520 524 558 561 517 561 570 581 588 537 487 514 541 564 564 581 594 576 539 538 539 543 538 545 504 505 555 565 542 536 534 524 554 554 533 542 492 509 540 509 540 553 579 561 585 557 530 522 511 536 527 563 569 577 561 555 559 570 556 558 551 586 572 548 567 537 525 547 576 593 580 560 593 545 531 536 563 549 534 565 575 537 551 542 511 500 544 548 536 546 576 565 573 577 560 537 529 581 552 557 552 546 528 526 538 557 538 536 555 565 558 551 561 563 564 540 547 530 529 572 579 570 542 552 555 555 542 584 572 586 601 587 596 602 586 569 570 566 542 572 579 584 547 581 577 589 537 533 544 579 542 530 557 566 576 555 535 544 555 589 597 562 543 537 536 571 580 628 616 601 554 568 550 573 534 540 569 566 595 580 578 583 581 560 567 608 619 576 589 561 598 589 563 558 567 581 547 540 545 510 535 548 530 544 558 547 536 565 538 566 570 559 555 584 582 542 529 536 519 565 568 526 564 517 557 570 582 593 553 555 577 567 558 573 578 563 536 550 555 555 572 574 587 581 551 557 575 570 551 544 557 555 571 559 525 548 564 578 568 540 555 574 585 585 579 582 526 544 533 545 567 588 569 567 534 582 546 549 581 575 562 531 517 515 568 543 546 532 580 593 604 597 591 571 553 518 545 565 563 537 551 535 531 544 546 539 522 523 545 563 552 558 540 529 534 556 544 581 591 594 598 541 513 489 486 480 520 554 561 544 533 575 542 560 540 560 540 545 583 608 607 582 581 578 569 538 556 570 557 590 562 539 533 577 594 614 614 585 589 566 589 587 552 529 536 584 589 585 557 535 534 527 531 543 547 540 520 533 517 591 549 541 528 529 556 543 570 590 558 563 563 547 567 584 582 513 516 567 563 539 545 541 549 576 545 575 555 586 560 532 503 508 549 541 538 510 509 533 539 554 557 522 545 547 570 590 566 572 552 525 537 571 616 594 549 571 550 564 562 540 550 560 546 557 561 562 572 562 598 608 612 554 554 588 594 556 553 572 554 554 580 547 571 576 557 
vem trace:

stid: 343
spdistance: 1277.09
radio trace:
448 446 457 448 468 443 482 472 463 497 514 480 458 431 443 441 445 477 490 475 489 460 455 477 498 473 455 483 476 480 481 466 460 440 454 470 446 463 472 486 446 459 451 436 432 459 472 460 442 465 465 469 464 441 437 454 431 470 503 491 467 489 468 449 466 455 449 484 461 463 461 448 450 460 449 466 470 436 459 471 466 467 451 436 457 447 437 452 481 469 465 442 449 483 504 502 511 486 486 502 474 461 479 471 473 508 491 486 466 436 437 456 442 454 480 468 453 463 466 441 461 455 468 463 461 472 472 488 494 504 497 502 496 481 453 460 456 450 457 447 460 484 497 467 495 468 485 503 488 465 474 470 471 472 490 497 504 481 484 455 463 447 460 475 497 513 488 473 480 483 475 444 456 475 473 458 466 481 478 459 474 455 449 477 473 471 468 479 494 490 487 469 469 475 476 473 477 494 476 474 474 475 505 486 479 475 467 469 438 469 461 464 473 475 489 486 464 471 480 463 466 461 450 469 458 482 495 499 485 447 410 450 444 439 450 467 464 490 477 474 490 494 461 481 484 461 453 452 454 451 476 452 466 458 434 462 440 454 461 449 470 488 471 486 510 497 512 513 481 493 494 477 467 469 496 495 493 458 452 470 475 449 475 488 478 449 457 460 463 439 458 463 494 488 473 479 478 475 451 478 473 465 416 440 434 470 454 454 432 450 436 454 476 478 477 465 463 469 470 447 452 465 486 481 491 461 433 408 414 436 464 455 461 463 441 480 467 474 469 469 478 489 489 482 477 455 459 478 467 469 491 474 444 446 478 462 474 466 442 489 492 482 445 462 450 447 433 459 440 454 474 465 471 448 461 468 479 499 481 505 492 484 481 457 472 483 470 485 485 453 486 490 475 477 458 435 467 455 480 460 463 493 491 484 465 471 483 488 473 472 478 478 480 499 463 449 459 460 432 450 502 501 480 433 430 470 457 454 462 475 470 462 474 483 499 462 461 472 483 448 471 496 476 488 495 471 439 441 455 447 452 467 485 484 490 458 441 452 472 484 472 462 468 441 452 447 445 442 472 492 474 473 484 504 496 472 474 463 463 471 463 460 458 451 468 476 479 480 473 471 472 454 454 443 460 440 468 478 462 458 452 445 444 433 468 473 462 491 502 483 460 471 494 478 433 454 463 449 441 483 488 490 507 485 455 496 484 483 499 463 458 452 461 462 476 469 476 470 475 462 461 490 492 499 446 437 431 464 472 486 480 458 440 450 455 445 459 462 463 471 484 470 471 469 496 472 456 496 476 455 459 463 505 498 459 450 435 437 470 467 493 481 486 476 438 419 456 466 471 465 486 485 475 485 499 493 501 517 496 479 474 451 470 490 466 467 466 442 442 462 466 483 482 472 488 495 486 462 456 448 446 465 454 421 414 446 472 463 449 448 453 458 469 481 498 507 511 502 516 467 464 458 465 457 464 461 476 448 439 461 460 462 458 476 469 482 493 503 499 500 478 485 472 482 473 452 457 478 457 453 460 462 454 479 458 453 442 458 492 489 471 475 473 469 460 482 494 493 465 459 458 476 478 454 471 464 463 472 471 484 497 491 480 485 455 454 433 460 471 481 506 498 485 509 478 453 460 442 462 464 455 441 467 458 480 483 476 492 443 452 489 500 477 488 468 455 451 462 452 449 461 466 461 468 457 472 492 472 482 489 466 439 463 474 464 479 479 489 476 476 468 467 469 453 458 470 477 463 
vem trace:

