SDId: 34875403
energy: 1.43082e+18
zenith: 0.802904
azimuth: 5.47665
GPSSeconc: 1127560320
stid: 332
spdistance: 381.459
radio trace:
515 526 540 569 588 606 569 552 559 538 543 533 514 514 537 522 534 518 550 566 556 571 560 583 539 506 558 576 544 534 528 532 536 550 542 529 551 578 585 556 548 522 529 538 510 513 518 520 554 548 543 534 518 547 570 575 557 553 553 537 523 548 544 520 533 549 545 552 567 566 535 544 577 562 534 524 555 558 554 523 555 554 551 527 533 548 574 589 591 560 571 567 594 588 581 546 532 512 524 548 546 538 578 566 568 544 531 512 548 563 562 539 533 526 551 546 541 549 561 544 527 544 534 547 547 537 554 580 537 513 528 597 576 581 588 561 540 531 534 535 554 552 552 519 499 485 505 502 525 552 552 562 590 593 560 541 540 525 497 533 544 564 538 534 504 520 548 581 564 499 540 532 547 578 588 566 563 544 517 498 491 529 551 583 555 545 547 487 471 532 573 583 566 536 530 530 515 504 529 532 555 547 557 549 564 541 532 531 546 533 524 543 571 568 588 586 589 568 543 520 572 562 527 518 530 524 513 567 558 541 535 557 570 559 538 535 534 557 536 525 527 500 502 515 498 514 546 554 521 541 545 572 572 569 535 490 507 535 542 521 541 549 583 552 539 528 534 541 574 597 608 545 539 520 536 526 540 543 542 524 507 527 558 545 548 498 505 515 521 511 510 524 512 528 545 547 581 540 549 550 563 568 559 547 577 563 559 552 576 546 570 558 535 537 562 572 578 579 575 573 551 552 561 557 544 499 520 511 525 559 570 538 537 541 571 581 576 539 533 514 509 537 550 555 553 552 555 531 487 489 464 502 535 532 546 526 540 550 557 553 545 531 558 557 531 533 527 539 527 559 551 533 566 556 569 581 575 562 543 534 558 523 514 554 561 546 526 528 561 564 552 546 554 541 532 552 569 582 584 567 587 564 535 543 565 576 583 541 496 489 555 572 534 528 552 556 527 502 520 539 553 574 544 556 585 585 553 566 567 599 552 522 550 560 570 603 588 563 557 536 547 559 560 576 556 536 565 572 569 544 549 558 523 540 530 522 502 540 540 542 549 531 535 546 534 514 549 538 544 556 548 539 534 521 534 568 567 538 550 526 562 537 532 535 496 521 531 527 531 551 537 502 535 559 531 535 502 505 516 556 561 579 544 525 553 548 544 551 522 563 531 522 548 572 573 548 505 517 536 549 503 514 525 506 535 588 561 567 566 544 560 536 514 519 554 538 527 552 575 609 579 562 537 539 550 568 581 542 534 544 522 536 533 521 558 568 565 566 533 522 516 525 520 539 554 538 563 553 550 519 512 533 547 566 553 541 563 579 584 612 578 555 601 577 566 539 577 592 563 583 548 556 588 577 560 551 541 558 527 562 519 550 540 561 572 595 577 546 526 551 555 527 542 499 506 519 546 536 539 525 533 533 544 561 564 566 552 516 548 573 546 562 527 549 517 540 552 560 545 530 557 581 552 562 523 510 503 531 515 552 540 551 584 591 593 555 530 531 523 556 530 571 543 583 573 556 552 552 548 544 514 518 535 513 513 524 545 549 555 547 527 554 562 537 516 525 539 601 583 570 565 553 543 536 573 552 568 532 527 528 523 533 527 577 586 570 559 548 546 570 568 527 516 485 509 518 522 534 530 539 550 523 524 539 547 574 578 559 528 498 525 519 539 543 555 558 561 592 569 549 579 586 546 533 536 544 534 529 536 517 552 557 561 534 550 546 544 511 471 504 547 566 596 582 566 537 544 531 
vem trace:

stid: 341
spdistance: 754.828
radio trace:
471 499 508 513 487 486 489 479 505 515 482 461 485 513 494 503 521 523 543 515 502 474 480 506 495 488 491 512 481 462 464 466 506 526 501 488 535 544 519 499 493 481 479 487 486 532 512 531 495 490 477 478 464 491 496 553 543 537 570 537 516 528 480 487 543 540 506 547 587 582 545 565 512 506 498 485 516 515 520 499 471 490 530 496 518 494 465 459 476 448 442 465 463 446 453 466 497 471 497 539 525 544 519 489 475 474 491 502 521 532 518 544 540 532 495 519 528 535 529 520 517 459 448 475 492 469 489 499 526 506 534 502 496 468 486 485 493 492 481 468 502 477 494 510 483 446 488 516 491 481 492 490 460 450 499 495 497 527 543 578 542 506 528 516 512 503 515 482 449 470 548 533 494 506 516 523 495 511 521 513 500 490 519 547 503 515 515 510 481 490 524 555 517 490 492 497 485 488 487 452 467 486 470 486 487 518 510 517 504 529 512 488 465 413 410 447 480 493 503 503 469 471 492 533 523 499 494 524 499 494 506 521 526 530 509 558 540 523 525 533 492 490 479 471 479 510 502 485 483 465 483 531 515 490 484 473 481 490 545 565 523 500 487 489 493 497 525 495 485 516 524 499 490 475 483 532 522 532 522 490 482 480 487 468 507 496 505 526 513 501 519 541 520 509 486 480 495 492 452 443 482 507 575 544 556 547 513 494 485 466 464 482 498 484 513 523 507 516 501 515 510 480 501 494 517 538 513 500 491 493 486 511 521 496 498 496 501 496 480 486 492 502 468 473 501 535 528 479 469 486 501 522 521 529 532 488 545 544 512 530 486 461 449 449 470 502 474 450 474 512 496 504 490 499 487 508 526 527 537 527 551 494 482 476 457 445 477 492 481 458 494 506 509 498 503 518 487 511 505 532 529 530 524 552 532 537 552 537 506 520 526 511 485 555 560 504 502 495 502 518 539 513 514 517 525 458 430 435 410 428 452 455 475 493 508 496 470 486 520 522 485 466 451 473 485 497 511 502 538 547 529 491 488 482 512 530 484 511 485 509 485 505 489 488 512 519 536 491 481 466 446 496 508 532 506 494 512 499 527 529 511 536 505 477 501 504 513 498 499 519 488 492 500 545 535 514 496 510 501 515 519 512 492 499 520 531 510 505 535 528 505 542 530 530 556 535 521 533 534 536 509 527 536 513 477 480 529 521 490 502 495 502 480 449 454 495 498 523 532 491 451 477 521 535 517 513 506 541 485 521 525 508 495 491 501 466 483 532 527 505 487 481 512 499 553 580 531 529 520 492 516 537 569 514 514 495 512 585 571 504 529 546 537 514 496 526 522 487 457 475 483 480 520 490 490 470 472 452 470 510 524 526 526 508 541 534 498 473 473 492 486 460 445 429 458 477 472 497 504 495 480 460 481 512 515 473 439 476 515 512 470 465 508 499 501 498 516 528 505 501 500 496 496 527 512 487 508 520 473 470 482 492 498 514 475 475 480 497 519 494 468 473 471 462 475 461 518 518 469 488 505 521 484 489 495 516 523 529 523 488 481 479 523 504 502 479 503 458 493 471 539 518 519 530 512 500 503 514 490 499 527 546 534 530 508 510 479 485 483 490 479 486 489 519 519 515 492 525 507 525 536 542 536 527 503 457 473 474 503 504 546 523 531 514 512 489 500 497 485 506 475 506 531 510 481 510 529 525 483 474 496 521 487 486 480 428 474 495 493 481 448 453 464 521 553 534 530 500 
vem trace:

stid: 341
spdistance: 754.828
radio trace:
471 499 508 513 487 486 489 479 505 515 482 461 485 513 494 503 521 523 543 515 502 474 480 506 495 488 491 512 481 462 464 466 506 526 501 488 535 544 519 499 493 481 479 487 486 532 512 531 495 490 477 478 464 491 496 553 543 537 570 537 516 528 480 487 543 540 506 547 587 582 545 565 512 506 498 485 516 515 520 499 471 490 530 496 518 494 465 459 476 448 442 465 463 446 453 466 497 471 497 539 525 544 519 489 475 474 491 502 521 532 518 544 540 532 495 519 528 535 529 520 517 459 448 475 492 469 489 499 526 506 534 502 496 468 486 485 493 492 481 468 502 477 494 510 483 446 488 516 491 481 492 490 460 450 499 495 497 527 543 578 542 506 528 516 512 503 515 482 449 470 548 533 494 506 516 523 495 511 521 513 500 490 519 547 503 515 515 510 481 490 524 555 517 490 492 497 485 488 487 452 467 486 470 486 487 518 510 517 504 529 512 488 465 413 410 447 480 493 503 503 469 471 492 533 523 499 494 524 499 494 506 521 526 530 509 558 540 523 525 533 492 490 479 471 479 510 502 485 483 465 483 531 515 490 484 473 481 490 545 565 523 500 487 489 493 497 525 495 485 516 524 499 490 475 483 532 522 532 522 490 482 480 487 468 507 496 505 526 513 501 519 541 520 509 486 480 495 492 452 443 482 507 575 544 556 547 513 494 485 466 464 482 498 484 513 523 507 516 501 515 510 480 501 494 517 538 513 500 491 493 486 511 521 496 498 496 501 496 480 486 492 502 468 473 501 535 528 479 469 486 501 522 521 529 532 488 545 544 512 530 486 461 449 449 470 502 474 450 474 512 496 504 490 499 487 508 526 527 537 527 551 494 482 476 457 445 477 492 481 458 494 506 509 498 503 518 487 511 505 532 529 530 524 552 532 537 552 537 506 520 526 511 485 555 560 504 502 495 502 518 539 513 514 517 525 458 430 435 410 428 452 455 475 493 508 496 470 486 520 522 485 466 451 473 485 497 511 502 538 547 529 491 488 482 512 530 484 511 485 509 485 505 489 488 512 519 536 491 481 466 446 496 508 532 506 494 512 499 527 529 511 536 505 477 501 504 513 498 499 519 488 492 500 545 535 514 496 510 501 515 519 512 492 499 520 531 510 505 535 528 505 542 530 530 556 535 521 533 534 536 509 527 536 513 477 480 529 521 490 502 495 502 480 449 454 495 498 523 532 491 451 477 521 535 517 513 506 541 485 521 525 508 495 491 501 466 483 532 527 505 487 481 512 499 553 580 531 529 520 492 516 537 569 514 514 495 512 585 571 504 529 546 537 514 496 526 522 487 457 475 483 480 520 490 490 470 472 452 470 510 524 526 526 508 541 534 498 473 473 492 486 460 445 429 458 477 472 497 504 495 480 460 481 512 515 473 439 476 515 512 470 465 508 499 501 498 516 528 505 501 500 496 496 527 512 487 508 520 473 470 482 492 498 514 475 475 480 497 519 494 468 473 471 462 475 461 518 518 469 488 505 521 484 489 495 516 523 529 523 488 481 479 523 504 502 479 503 458 493 471 539 518 519 530 512 500 503 514 490 499 527 546 534 530 508 510 479 485 483 490 479 486 489 519 519 515 492 525 507 525 536 542 536 527 503 457 473 474 503 504 546 523 531 514 512 489 500 497 485 506 475 506 531 510 481 510 529 525 483 474 496 521 487 486 480 428 474 495 493 481 448 453 464 521 553 534 530 500 
vem trace:

stid: 333
spdistance: 1276.58
radio trace:
425 418 431 427 395 387 402 390 415 417 390 356 385 391 412 419 415 407 399 416 466 441 384 383 391 421 383 374 384 380 412 408 411 441 447 401 419 403 405 398 410 422 446 465 457 453 448 434 454 418 443 440 434 445 432 392 433 444 411 428 388 402 389 398 394 438 433 418 429 455 410 417 396 408 449 440 451 443 436 439 426 430 456 423 412 432 501 485 463 458 424 405 414 445 451 433 458 460 468 458 420 437 444 434 437 455 426 437 422 422 437 420 412 429 417 410 411 421 453 432 429 431 424 462 428 438 440 455 430 435 440 423 443 434 424 439 472 453 420 413 415 440 470 478 449 466 487 460 430 396 433 420 408 416 425 451 423 398 427 455 431 387 413 442 421 439 437 409 397 397 392 453 435 424 418 453 398 432 432 409 435 428 419 404 450 466 454 420 373 396 423 413 448 417 440 429 424 411 401 405 466 449 472 442 444 422 378 399 383 399 429 472 451 454 427 393 390 424 428 397 432 427 460 431 409 419 432 421 430 444 426 422 428 450 450 446 420 416 387 410 418 406 428 428 413 414 396 396 386 376 363 387 408 427 448 465 454 460 424 418 422 394 380 385 393 423 448 462 457 419 377 405 435 438 439 417 432 457 454 435 443 446 417 420 439 436 434 421 386 360 391 451 480 461 428 423 431 433 424 409 390 412 418 430 413 411 440 433 456 452 429 452 435 444 455 436 428 424 438 446 424 400 373 385 392 415 434 431 421 403 434 453 464 431 476 505 473 470 426 443 453 425 448 464 450 424 425 420 430 421 418 393 391 404 401 420 452 452 469 447 448 444 419 444 457 441 429 413 410 415 437 426 420 453 442 437 430 438 420 422 474 472 421 382 392 422 450 453 449 449 439 420 438 451 445 421 436 425 399 408 425 393 363 422 440 431 445 473 444 394 382 391 406 406 443 469 449 446 428 428 444 432 438 450 421 431 442 448 436 409 399 438 402 397 382 408 377 380 379 410 424 455 417 430 429 411 430 417 408 390 430 440 411 392 421 421 414 421 410 439 441 473 453 435 420 444 450 451 433 433 422 449 449 473 458 465 465 429 445 446 448 440 438 441 435 427 436 424 414 411 435 432 424 465 423 404 424 429 443 425 420 425 436 399 406 429 434 434 450 441 431 421 435 439 425 422 439 418 437 425 422 417 413 448 449 444 431 439 422 432 424 433 443 422 438 414 431 402 372 377 418 454 466 456 445 437 432 437 444 434 393 419 427 435 438 414 410 425 409 408 411 452 455 453 451 434 431 417 428 419 443 431 449 450 459 484 437 421 431 462 458 456 429 434 440 431 442 428 425 412 425 378 347 362 403 435 444 461 459 442 430 417 482 484 457 433 400 404 449 445 458 445 393 418 409 407 420 418 391 422 455 434 464 455 428 431 485 453 426 448 472 453 452 475 501 475 468 395 408 405 432 420 402 404 434 401 406 458 463 457 461 465 420 425 433 446 461 454 455 469 454 477 463 446 441 453 453 463 455 456 452 445 420 440 415 423 413 446 424 414 389 428 420 442 429 419 430 452 461 427 466 434 415 430 468 468 430 460 449 394 381 410 432 450 467 435 444 467 459 412 443 452 458 485 479 445 433 468 455 435 414 434 455 455 456 430 453 458 485 471 448 450 434 449 425 411 441 453 429 446 444 432 434 422 440 452 425 403 401 397 368 401 389 383 382 408 418 432 404 401 395 422 421 408 426 461 449 414 
vem trace:

stid: 342
spdistance: 1171.19
radio trace:
427 431 444 463 478 484 431 425 428 402 417 440 443 442 447 419 446 466 463 441 429 420 403 431 436 431 426 426 451 453 453 436 424 436 441 428 428 416 391 401 407 412 440 454 437 426 432 431 385 371 380 379 431 444 433 453 424 410 430 434 455 465 453 443 460 446 442 416 402 378 414 400 398 390 427 441 422 450 427 440 448 447 449 452 442 446 436 419 443 448 448 432 415 402 394 411 426 441 449 435 407 424 434 421 409 409 452 463 449 412 418 453 454 417 414 412 399 376 418 407 420 431 436 449 395 414 420 426 425 407 409 432 405 411 431 427 418 475 443 400 433 453 428 411 412 390 418 437 405 411 395 426 445 483 468 451 459 442 436 428 443 457 457 445 418 410 430 420 439 441 442 419 397 393 418 399 410 442 472 454 433 409 418 448 458 441 449 455 471 468 450 425 400 410 412 395 410 411 411 401 406 407 391 413 407 431 456 456 482 450 434 433 422 385 406 409 394 379 402 437 442 419 427 437 443 453 435 396 416 449 448 452 430 409 412 447 447 423 439 459 464 454 472 461 456 459 446 462 459 439 423 432 420 446 458 471 467 429 424 457 433 408 421 416 453 443 448 448 438 439 407 400 429 423 418 408 424 424 434 433 450 434 422 440 454 470 480 434 417 394 414 415 426 434 426 450 464 483 456 457 449 410 403 404 423 422 416 434 453 454 442 434 444 442 453 468 467 441 430 436 444 442 476 473 467 435 431 418 415 402 411 419 430 410 400 420 420 449 476 452 418 406 406 436 425 410 439 438 418 438 443 449 395 406 407 424 435 438 428 416 401 440 457 441 439 419 413 410 424 419 427 433 420 443 420 428 450 422 417 429 430 447 405 408 418 421 424 440 464 403 397 400 412 438 430 458 441 405 411 424 433 436 415 447 433 432 428 434 421 421 409 410 403 396 440 467 426 439 424 434 438 454 442 412 398 383 410 435 442 434 440 433 446 415 410 399 410 413 406 417 411 433 438 433 435 436 457 441 475 473 457 451 447 440 415 433 439 449 458 433 431 440 435 442 462 440 457 456 459 441 423 444 436 437 450 428 417 425 423 416 420 438 442 429 437 455 463 452 405 394 400 422 425 418 412 416 437 424 421 416 395 399 419 401 381 422 462 445 396 405 392 400 412 420 414 423 428 430 430 475 448 426 433 423 444 454 428 432 452 453 435 427 430 453 427 429 415 414 401 413 446 443 443 439 388 410 415 404 410 421 422 429 439 421 410 430 459 468 442 436 422 423 432 438 436 475 463 426 397 410 406 417 418 422 427 430 422 396 390 433 411 417 426 458 475 484 444 424 423 418 384 418 441 432 434 426 406 425 426 445 448 429 444 421 425 454 437 403 399 412 417 425 461 449 433 435 444 415 419 438 417 404 409 437 450 460 403 419 398 405 419 429 434 430 425 416 443 439 421 423 437 429 433 431 411 410 431 440 419 425 420 445 439 427 412 415 429 444 459 453 428 438 422 425 443 436 401 408 429 436 425 406 411 440 445 439 446 455 444 450 436 450 440 413 435 397 386 392 413 418 407 400 382 381 398 417 436 433 410 438 429 434 419 422 435 440 412 394 402 407 415 434 430 424 444 427 412 401 405 415 428 456 436 404 413 430 442 447 414 397 411 436 445 425 428 408 421 454 431 444 459 442 448 451 445 439 474 453 434 436 451 441 423 419 440 444 425 464 457 432 417 403 414 411 427 425 395 395 
vem trace:

