SDId: 34653695
energy: 2.62736e+19
zenith: 0.73822
azimuth: 1.39814
GPSSeconc: 1126251598
stid: 333
spdistance: 349.434
radio trace:
429 448 404 414 423 433 443 428 433 406 409 432 458 402 405 395 403 413 406 402 436 462 442 455 474 459 427 407 401 441 426 443 454 402 359 398 405 422 372 390 393 434 459 473 465 430 420 423 448 437 435 430 403 397 380 380 378 419 463 421 380 417 408 439 462 445 442 382 403 420 403 368 370 396 406 430 484 484 468 444 432 415 433 442 430 419 412 452 448 466 466 460 432 424 427 453 432 444 408 417 392 384 435 450 430 443 402 394 395 413 425 414 401 388 402 431 464 456 421 460 403 414 412 420 440 461 437 448 443 440 421 413 394 368 362 385 429 443 430 440 452 438 484 468 418 411 399 435 459 440 421 414 427 432 425 430 431 408 408 363 354 398 402 400 408 459 463 424 395 405 408 399 404 397 403 384 362 409 449 466 427 404 417 436 422 407 425 439 462 445 447 396 388 426 415 419 395 432 423 415 418 405 433 414 403 376 389 404 404 410 440 416 377 415 408 421 400 379 413 422 430 430 414 414 432 453 463 411 395 387 389 420 421 446 456 451 415 410 407 453 452 455 476 454 392 377 422 479 417 419 449 441 394 390 428 427 435 427 415 383 401 418 435 446 428 458 461 443 444 436 449 422 424 443 406 416 441 418 410 440 434 413 422 414 431 406 421 421 428 406 427 419 450 465 455 478 434 430 441 430 423 445 437 437 421 448 440 457 447 427 437 417 392 407 429 413 422 448 478 440 429 422 412 455 474 471 479 453 435 407 432 430 411 435 445 437 429 430 437 456 419 411 421 428 430 439 415 421 443 447 412 434 426 434 425 458 463 438 422 410 428 470 447 416 426 437 421 429 419 437 423 440 420 444 426 398 376 379 407 421 433 444 437 409 426 439 422 410 455 440 437 403 385 408 439 466 468 453 423 427 418 445 424 402 400 415 438 446 436 432 413 446 432 419 397 407 372 384 389 397 403 467 466 451 436 432 446 429 402 443 458 455 433 448 443 422 422 435 416 409 425 412 433 450 442 428 442 453 463 433 428 434 394 353 360 400 443 454 455 440 466 471 482 493 459 451 464 427 409 427 422 403 429 453 471 437 442 434 460 466 465 430 399 410 392 418 444 450 458 445 444 427 419 406 400 391 394 413 414 406 411 417 427 401 385 379 400 444 450 420 421 435 438 457 445 467 483 458 435 407 402 391 415 435 449 427 401 401 393 397 429 438 441 448 418 404 393 419 444 418 436 422 417 424 431 433 432 419 412 425 431 433 439 451 435 418 426 448 439 417 407 401 411 441 405 426 412 451 436 467 428 419 413 425 438 428 419 395 414 423 428 443 419 439 445 462 443 448 430 413 395 421 406 388 402 391 431 460 451 440 452 486 476 488 468 427 404 438 437 425 431 457 439 448 448 427 403 410 417 406 427 431 425 427 414 413 385 378 378 412 436 427 432 443 444 443 442 456 434 428 430 414 386 413 431 413 412 439 439 423 406 416 467 437 444 459 403 402 408 422 443 436 438 429 437 420 417 425 422 430 429 409 404 433 437 469 441 429 430 431 436 440 439 423 431 420 405 398 412 422 437 440 422 430 440 431 394 409 403 411 455 403 405 399 397 414 442 412 435 440 426 411 411 395 373 397 423 386 400 378 382 387 400 448 429 443 438 426 410 425 406 428 425 406 396 388 405 410 370 413 445 454 411 436 416 422 434 428 433 398 409 402 401 399 406 420 444 429 431 447 435 399 374 420 442 424 434 403 
vem trace:

stid: 332
spdistance: 1573.43
radio trace:
520 508 523 524 535 565 570 542 530 512 503 512 494 502 525 522 489 511 527 522 543 522 472 496 479 487 487 493 497 515 535 538 536 555 524 505 516 517 515 516 510 506 516 543 557 557 534 554 550 499 492 507 533 518 537 515 524 522 502 487 471 515 489 522 491 533 558 555 561 563 551 533 537 526 516 507 495 521 540 540 549 529 511 532 518 499 503 496 487 500 548 575 545 507 519 530 525 497 509 479 471 509 568 588 556 530 515 491 480 473 497 524 525 534 533 569 548 505 540 551 560 549 532 506 583 538 525 538 510 550 544 507 521 521 508 544 524 535 553 563 497 494 524 522 542 500 537 552 518 524 548 544 536 552 536 546 540 513 521 521 542 580 571 522 504 532 512 502 489 491 495 470 497 516 503 503 485 501 514 540 563 559 563 560 555 550 550 554 521 518 496 527 532 523 510 530 522 522 525 564 566 559 571 523 509 503 530 557 531 519 523 505 486 464 487 541 529 488 521 522 528 539 556 553 585 548 568 570 551 516 541 515 481 451 466 434 449 490 529 528 498 548 541 547 526 516 532 519 524 507 531 547 563 550 525 507 539 507 530 522 494 497 510 448 478 507 504 485 537 505 510 514 532 534 533 528 545 518 515 538 515 516 519 528 549 509 498 523 481 482 566 551 528 531 548 547 534 510 504 558 579 572 528 517 546 491 502 503 505 521 505 510 497 527 561 546 518 522 529 537 499 502 534 564 550 573 527 519 508 557 566 564 515 520 557 530 494 534 512 548 557 543 543 564 542 568 508 525 525 529 528 515 499 501 504 542 535 528 536 546 544 572 537 529 536 532 545 526 508 524 517 491 528 522 558 558 559 526 529 562 548 546 539 545 498 538 513 539 541 526 530 527 539 534 537 537 570 525 527 517 512 501 513 520 536 521 527 530 524 526 531 535 558 572 538 528 526 514 516 507 521 534 514 535 528 530 529 529 513 478 482 497 534 521 512 495 495 517 528 532 549 561 547 537 530 544 537 525 528 510 531 537 537 523 516 541 554 533 518 528 491 511 492 487 503 533 514 499 521 498 520 508 523 531 520 535 537 550 551 559 609 586 539 532 531 559 546 536 568 571 529 526 529 532 542 521 534 557 528 524 521 534 524 512 509 544 539 537 569 557 502 526 516 546 491 464 531 537 511 517 476 472 501 480 486 526 557 540 525 524 560 562 548 533 519 539 519 524 508 490 494 538 561 578 537 534 573 562 583 536 520 531 523 534 540 565 536 523 508 487 484 510 521 503 505 536 495 525 517 518 538 508 520 527 538 559 576 559 512 504 514 528 504 534 521 500 504 508 538 530 547 543 532 538 538 536 486 479 483 528 507 509 546 544 564 576 563 566 564 532 508 526 559 569 562 570 583 540 517 531 539 546 515 510 508 521 553 585 536 514 489 495 529 531 490 494 505 486 482 521 506 522 527 514 514 511 506 523 499 505 511 526 529 533 520 539 576 524 537 552 537 528 539 546 536 565 554 523 483 483 487 517 514 532 542 557 538 534 526 545 546 578 573 551 515 541 539 523 516 484 518 541 545 549 539 562 534 534 534 530 509 498 501 500 528 494 497 506 502 508 507 539 529 535 503 507 479 512 513 522 490 511 520 519 544 545 540 512 486 476 519 534 555 530 474 466 489 515 547 553 509 537 542 526 537 523 494 522 531 544 551 530 517 519 506 527 515 529 490 500 556 559 562 568 542 578 577 536 
vem trace:

stid: 342
spdistance: 1587.6
radio trace:
431 415 386 374 372 384 415 438 422 426 442 458 458 439 436 437 418 409 436 440 422 413 395 397 414 411 404 426 431 418 431 402 392 420 419 409 402 408 405 423 396 402 415 387 372 394 404 400 405 409 415 408 411 406 416 440 432 411 445 442 415 392 401 398 401 428 417 423 392 409 412 412 395 407 413 415 429 424 414 410 425 420 416 388 377 382 376 405 390 373 358 370 376 383 398 385 379 404 428 414 406 420 377 370 368 381 393 436 393 401 412 409 378 379 397 387 401 418 427 408 424 436 424 426 412 406 387 366 373 411 397 402 401 399 413 390 397 381 388 410 394 413 420 415 416 412 402 384 394 412 432 441 432 422 404 404 437 428 395 413 412 384 403 418 410 395 429 445 407 385 391 395 382 398 390 432 436 433 434 406 394 391 380 390 401 392 388 404 385 392 397 411 401 398 424 431 408 416 413 414 427 428 434 427 413 403 401 392 405 408 395 388 391 402 371 416 428 412 395 393 395 382 390 366 400 423 420 415 400 409 414 416 402 401 408 429 429 422 412 428 455 434 434 450 445 428 407 413 429 406 408 390 396 408 401 396 423 431 443 432 394 402 399 397 407 392 405 400 363 361 395 402 401 414 401 417 407 411 409 420 413 392 382 410 415 431 414 393 406 414 439 428 423 387 366 364 386 406 419 407 428 432 409 424 399 398 388 390 387 396 402 389 403 390 403 414 407 392 403 383 379 397 412 395 407 411 418 425 440 435 434 413 383 383 400 425 387 403 401 385 387 373 379 389 398 403 422 414 388 402 401 409 411 415 420 413 448 457 441 413 425 416 411 409 420 415 412 392 413 433 437 446 428 415 394 400 389 379 400 419 389 396 415 412 394 381 404 415 407 418 400 368 361 392 406 394 407 402 393 377 388 399 432 432 435 398 370 382 393 409 429 427 446 438 444 444 428 383 392 410 397 385 403 395 414 407 405 395 403 400 393 389 392 398 405 406 403 412 399 388 394 401 405 436 422 425 408 433 446 462 436 407 384 363 398 411 407 403 386 354 376 369 390 387 396 409 406 386 383 401 383 393 387 381 395 400 413 429 401 409 381 386 373 409 431 409 429 436 458 462 431 405 421 440 433 399 389 413 414 390 384 407 400 428 418 416 404 403 433 417 396 397 400 385 373 377 398 394 426 419 420 425 399 388 408 439 424 405 393 409 400 396 397 421 397 403 381 399 391 413 422 442 452 449 423 391 404 421 428 415 395 439 431 424 386 410 427 421 421 425 388 393 398 396 399 417 415 394 418 436 408 341 360 387 405 417 410 413 406 406 398 412 436 457 427 409 413 391 392 423 439 421 394 416 404 385 399 414 411 380 419 444 425 456 443 437 406 401 425 419 411 419 417 429 436 430 442 449 432 408 400 377 415 420 434 447 428 422 430 403 397 403 395 401 396 396 386 414 404 414 417 412 412 401 390 413 428 433 411 385 378 372 389 409 436 423 403 404 394 403 418 408 408 405 427 431 437 416 404 396 392 395 402 411 404 396 379 407 390 384 419 424 415 417 433 435 417 406 402 405 409 419 397 394 394 413 428 399 393 403 430 447 444 417 419 416 406 381 391 421 430 438 404 386 392 390 422 416 422 410 405 408 409 401 393 389 394 396 406 432 409 397 397 406 441 415 403 390 424 439 416 399 403 388 367 375 406 419 425 413 408 410 421 412 391 385 391 394 394 382 372 409 414 393 404 393 386 385 
vem trace:

