SDId: 34703899
energy: 6.21401e+17
zenith: 0.89834
azimuth: 4.61035
GPSSeconc: 1126508784
stid: 342
spdistance: 593.513
radio trace:
431 438 439 423 435 434 427 430 423 423 401 403 425 411 392 391 401 408 409 420 403 385 361 390 382 379 377 412 402 413 402 400 396 387 370 390 400 406 409 393 398 371 390 396 366 386 411 407 410 396 417 416 395 434 444 437 424 416 437 421 411 391 405 403 407 386 384 410 400 380 413 416 407 409 386 363 367 395 395 419 379 387 406 430 416 390 385 382 370 397 388 402 408 431 418 394 408 381 363 386 377 373 394 389 365 416 424 393 396 397 383 393 400 401 423 414 370 382 381 411 399 372 391 415 393 378 406 400 421 405 375 389 399 419 433 402 420 390 416 419 415 400 385 395 403 382 377 374 375 400 413 428 413 418 419 404 425 401 380 384 403 375 396 413 426 431 397 412 411 418 425 402 373 393 415 382 377 394 403 420 401 399 396 382 372 382 372 367 380 401 412 413 384 387 392 425 393 381 354 360 388 413 398 393 397 396 438 418 402 393 401 379 385 394 411 406 397 392 388 411 401 403 392 395 414 424 414 391 405 424 428 424 409 403 396 379 386 394 401 401 409 436 399 411 432 426 419 425 416 410 410 418 391 383 405 387 407 401 443 439 416 403 399 403 398 376 397 416 420 406 418 424 410 390 396 417 424 379 384 394 407 411 402 425 389 379 380 388 367 362 393 413 415 415 407 384 375 411 402 398 419 391 390 407 405 412 374 367 397 419 420 414 402 390 399 405 407 394 413 411 400 388 398 408 389 367 359 402 384 404 415 391 389 365 384 424 439 422 405 393 384 388 400 430 430 422 429 431 410 403 391 391 411 421 434 437 424 415 405 388 391 391 374 385 395 404 399 394 382 361 383 381 380 374 373 359 410 408 376 400 395 396 392 339 361 377 409 391 390 418 424 402 402 398 382 404 429 400 369 377 407 427 416 407 417 422 422 414 405 409 409 428 428 409 420 432 426 420 410 394 413 424 417 400 402 410 420 408 377 383 408 397 392 376 378 384 358 410 396 419 421 410 411 431 381 392 417 425 416 407 409 393 416 405 381 397 397 422 425 437 433 419 390 400 403 380 379 355 363 386 411 439 441 428 411 411 426 410 386 395 394 381 382 371 362 363 391 396 373 387 416 411 413 394 414 408 408 389 378 395 427 419 403 382 369 394 404 394 373 372 369 351 381 393 405 410 405 399 419 411 419 399 424 424 425 419 421 426 395 408 412 421 407 388 391 400 413 379 374 382 397 394 378 388 425 442 417 422 437 396 389 389 399 391 393 418 409 412 411 405 449 440 411 378 376 401 397 417 399 431 434 392 402 398 353 342 360 369 397 390 409 416 385 390 397 368 370 385 392 395 387 374 416 396 395 371 355 397 395 394 391 398 396 383 420 407 397 404 420 424 392 404 399 401 400 368 383 380 359 372 417 410 409 426 395 399 417 417 401 405 420 398 359 389 414 427 408 386 390 399 401 378 388 373 385 409 415 422 407 401 368 350 377 375 361 369 372 384 383 408 380 381 404 412 427 443 421 409 394 384 390 404 407 400 383 387 386 386 352 341 370 388 404 407 397 420 435 408 386 381 378 397 402 402 399 404 417 407 384 382 403 411 386 389 400 401 374 392 410 409 423 427 396 417 402 414 396 374 389 362 376 377 417 407 421 438 423 400 390 371 370 375 389 381 380 407 442 433 403 406 424 411 382 411 433 436 438 380 371 363 392 410 412 405 424 412 395 391 367 399 403 409 391 398 380 394 394 418 
vem trace:

stid: 341
spdistance: 2083.4
radio trace:
491 501 510 505 492 516 532 548 520 503 532 511 477 487 456 470 489 507 516 500 514 476 467 466 475 501 506 488 488 476 462 455 446 476 508 465 455 462 446 453 456 448 489 480 467 488 486 429 437 458 492 464 461 482 502 515 501 501 461 500 523 502 501 502 461 445 476 484 467 471 486 502 506 492 492 501 500 493 461 438 441 470 509 434 498 516 502 527 520 532 532 503 484 484 470 449 495 486 479 491 501 499 500 479 479 460 436 460 448 483 464 516 511 469 441 471 483 469 509 493 500 542 547 501 499 491 522 579 561 490 485 426 472 475 497 526 528 476 492 499 489 479 478 518 493 504 497 506 486 483 461 445 463 486 457 454 468 479 493 528 519 485 460 448 471 500 507 486 491 523 525 492 464 499 522 537 535 504 532 537 531 518 505 508 472 505 483 506 488 464 489 491 455 478 483 475 464 450 461 461 478 462 467 472 477 482 480 476 456 457 463 522 543 517 523 512 517 476 486 516 509 503 533 516 491 497 470 439 435 492 491 521 510 490 475 502 487 505 500 504 484 491 497 478 471 486 487 479 470 450 480 512 502 522 530 521 509 536 526 474 487 499 532 494 465 504 498 512 479 486 475 497 489 555 496 491 491 482 495 496 511 524 504 485 474 483 484 482 458 515 535 521 510 511 493 470 474 486 498 543 539 531 507 493 492 509 468 456 483 538 545 498 486 505 506 517 531 521 547 504 489 494 507 525 473 480 506 504 499 475 489 447 441 477 476 455 445 405 418 396 453 468 485 506 479 516 488 464 442 479 436 467 494 482 457 489 512 534 532 509 489 492 501 440 422 461 518 536 555 541 516 506 471 496 492 469 483 479 493 481 500 484 519 510 522 520 516 491 452 469 454 452 497 523 508 525 514 492 511 562 531 517 493 489 498 521 516 518 490 497 488 497 516 502 503 507 525 535 523 488 490 502 530 529 551 551 493 438 431 397 399 454 456 468 502 509 504 526 505 486 500 471 479 477 486 472 482 469 491 522 500 515 507 502 504 496 469 484 483 492 459 464 481 518 515 499 542 552 508 562 541 535 560 515 523 509 494 488 464 447 457 476 481 487 435 418 449 482 491 467 485 486 485 506 520 512 488 508 476 469 456 442 446 473 479 496 482 494 515 466 470 496 466 459 483 497 506 497 518 521 560 509 504 476 487 472 483 495 505 512 468 480 534 549 519 467 485 512 512 479 497 500 469 479 448 460 484 466 414 457 441 417 462 515 528 535 549 518 509 543 547 528 520 518 500 503 508 532 519 462 482 465 459 492 473 462 475 497 516 492 515 511 508 504 469 482 483 514 497 482 472 514 513 486 485 492 472 475 499 488 495 475 452 430 459 472 495 522 517 499 492 483 555 525 530 499 471 504 480 489 470 471 462 479 474 451 454 428 447 457 495 515 497 477 500 529 495 486 487 495 514 542 541 517 482 426 436 474 494 495 494 503 496 529 507 496 474 481 486 509 478 491 499 512 515 538 515 528 527 509 489 481 472 488 505 518 532 487 446 442 484 524 518 487 476 475 447 477 468 496 507 490 450 462 515 473 485 473 522 535 526 516 478 461 489 497 494 488 478 459 437 475 521 554 546 503 513 506 494 534 524 503 457 454 481 477 485 455 443 449 477 502 482 511 516 519 522 479 490 490 506 473 474 490 485 535 555 538 500 496 462 432 429 455 462 505 485 486 502 546 542 505 498 513 524 525 532 525 
vem trace:

stid: 341
spdistance: 2083.4
radio trace:
491 501 510 505 492 516 532 548 520 503 532 511 477 487 456 470 489 507 516 500 514 476 467 466 475 501 506 488 488 476 462 455 446 476 508 465 455 462 446 453 456 448 489 480 467 488 486 429 437 458 492 464 461 482 502 515 501 501 461 500 523 502 501 502 461 445 476 484 467 471 486 502 506 492 492 501 500 493 461 438 441 470 509 434 498 516 502 527 520 532 532 503 484 484 470 449 495 486 479 491 501 499 500 479 479 460 436 460 448 483 464 516 511 469 441 471 483 469 509 493 500 542 547 501 499 491 522 579 561 490 485 426 472 475 497 526 528 476 492 499 489 479 478 518 493 504 497 506 486 483 461 445 463 486 457 454 468 479 493 528 519 485 460 448 471 500 507 486 491 523 525 492 464 499 522 537 535 504 532 537 531 518 505 508 472 505 483 506 488 464 489 491 455 478 483 475 464 450 461 461 478 462 467 472 477 482 480 476 456 457 463 522 543 517 523 512 517 476 486 516 509 503 533 516 491 497 470 439 435 492 491 521 510 490 475 502 487 505 500 504 484 491 497 478 471 486 487 479 470 450 480 512 502 522 530 521 509 536 526 474 487 499 532 494 465 504 498 512 479 486 475 497 489 555 496 491 491 482 495 496 511 524 504 485 474 483 484 482 458 515 535 521 510 511 493 470 474 486 498 543 539 531 507 493 492 509 468 456 483 538 545 498 486 505 506 517 531 521 547 504 489 494 507 525 473 480 506 504 499 475 489 447 441 477 476 455 445 405 418 396 453 468 485 506 479 516 488 464 442 479 436 467 494 482 457 489 512 534 532 509 489 492 501 440 422 461 518 536 555 541 516 506 471 496 492 469 483 479 493 481 500 484 519 510 522 520 516 491 452 469 454 452 497 523 508 525 514 492 511 562 531 517 493 489 498 521 516 518 490 497 488 497 516 502 503 507 525 535 523 488 490 502 530 529 551 551 493 438 431 397 399 454 456 468 502 509 504 526 505 486 500 471 479 477 486 472 482 469 491 522 500 515 507 502 504 496 469 484 483 492 459 464 481 518 515 499 542 552 508 562 541 535 560 515 523 509 494 488 464 447 457 476 481 487 435 418 449 482 491 467 485 486 485 506 520 512 488 508 476 469 456 442 446 473 479 496 482 494 515 466 470 496 466 459 483 497 506 497 518 521 560 509 504 476 487 472 483 495 505 512 468 480 534 549 519 467 485 512 512 479 497 500 469 479 448 460 484 466 414 457 441 417 462 515 528 535 549 518 509 543 547 528 520 518 500 503 508 532 519 462 482 465 459 492 473 462 475 497 516 492 515 511 508 504 469 482 483 514 497 482 472 514 513 486 485 492 472 475 499 488 495 475 452 430 459 472 495 522 517 499 492 483 555 525 530 499 471 504 480 489 470 471 462 479 474 451 454 428 447 457 495 515 497 477 500 529 495 486 487 495 514 542 541 517 482 426 436 474 494 495 494 503 496 529 507 496 474 481 486 509 478 491 499 512 515 538 515 528 527 509 489 481 472 488 505 518 532 487 446 442 484 524 518 487 476 475 447 477 468 496 507 490 450 462 515 473 485 473 522 535 526 516 478 461 489 497 494 488 478 459 437 475 521 554 546 503 513 506 494 534 524 503 457 454 481 477 485 455 443 449 477 502 482 511 516 519 522 479 490 490 506 473 474 490 485 535 555 538 500 496 462 432 429 455 462 505 485 486 502 546 542 505 498 513 524 525 532 525 
vem trace:

stid: 333
spdistance: 757.773
radio trace:
446 432 426 368 376 394 421 420 451 447 443 438 435 408 422 435 392 365 358 410 449 463 475 426 380 410 432 439 425 413 421 393 398 390 381 411 414 385 379 402 383 383 405 431 381 366 376 380 357 344 410 408 402 381 363 362 370 413 429 439 434 435 440 420 426 437 445 426 456 466 460 403 397 419 408 401 400 396 433 436 421 391 411 410 443 444 423 419 439 452 417 393 385 384 398 406 429 407 403 412 405 415 418 426 402 386 378 408 427 409 416 451 455 454 424 448 435 457 470 438 443 450 427 435 438 426 403 413 433 426 408 417 412 423 401 416 430 436 419 430 399 401 420 441 419 389 422 422 444 452 431 431 438 435 468 444 412 403 405 403 400 413 408 440 438 435 443 460 413 385 412 414 426 453 442 448 432 431 451 428 447 464 463 409 392 374 378 389 383 384 408 399 403 395 432 428 422 421 404 403 408 420 436 442 434 431 420 437 438 412 408 398 386 405 400 391 370 390 414 417 423 433 462 414 392 407 425 435 461 421 458 449 467 434 423 409 441 429 443 445 439 383 377 403 409 415 444 466 430 411 386 395 402 421 418 381 384 389 398 397 397 394 428 451 446 407 414 426 420 433 443 434 413 407 394 418 416 458 454 436 415 423 402 386 419 447 464 432 356 361 409 395 402 394 418 418 422 430 438 410 433 432 469 462 440 424 405 417 432 383 377 395 384 342 392 445 443 450 407 386 394 408 416 383 438 450 446 423 398 404 428 407 387 413 402 419 417 399 427 416 441 425 436 425 427 416 418 436 455 438 385 393 447 433 418 424 467 429 414 423 431 398 410 441 447 446 392 411 406 440 465 459 456 434 401 425 436 428 478 455 435 412 405 409 413 412 404 408 410 408 425 409 396 429 403 428 473 492 453 449 439 454 468 444 442 434 403 398 431 441 441 403 400 446 430 430 427 453 388 377 379 409 473 418 413 409 436 416 402 416 412 401 433 454 445 445 433 408 378 380 394 402 409 405 377 383 442 440 420 401 416 421 422 430 436 412 412 412 418 420 438 431 409 418 426 410 415 447 464 449 449 433 457 453 427 437 416 447 424 442 441 449 455 444 456 448 482 479 451 432 432 433 432 423 399 403 392 428 473 432 408 397 376 403 398 404 391 388 402 425 404 410 408 418 442 446 439 397 390 387 424 423 411 411 394 396 410 419 411 419 418 468 490 468 466 465 470 442 464 481 445 464 426 423 383 430 463 451 451 420 408 384 388 432 412 424 413 385 409 407 399 433 408 436 398 378 393 407 423 415 436 387 406 428 426 434 422 390 399 389 378 424 433 399 406 440 437 451 423 413 452 430 430 449 445 450 424 409 380 440 432 425 434 445 449 440 397 386 378 414 381 370 376 405 415 414 405 406 400 434 440 419 408 403 411 410 398 438 408 422 396 411 416 409 423 418 417 429 414 425 384 368 424 467 457 420 427 435 445 467 454 438 414 406 387 380 411 405 389 394 417 399 422 456 431 376 397 394 418 416 408 418 408 419 386 410 418 442 444 414 445 463 445 417 403 399 400 391 397 407 398 390 410 412 394 401 386 359 348 385 423 444 456 451 436 441 458 415 411 415 420 413 401 434 451 450 434 412 433 449 402 382 380 443 471 453 417 440 455 463 452 450 452 447 435 419 420 431 407 406 419 410 398 432 414 422 406 398 404 436 416 412 421 410 386 376 402 425 432 397 415 388 398 416 427 431 440 390 
vem trace:

