SDId: 34566306
energy: 1.94445e+18
zenith: 0.160721
azimuth: 4.0572
GPSSeconc: 1125721645
stid: 341
spdistance: 6446.31
radio trace:
540 565 562 544 523 546 544 562 558 522 520 552 520 507 506 483 493 486 508 474 480 507 517 541 538 496 499 511 515 504 519 532 529 511 498 486 499 507 520 501 506 484 489 509 482 472 501 546 523 516 506 486 463 475 498 505 503 510 508 526 525 520 539 527 499 534 522 507 517 506 517 521 524 523 507 457 456 498 493 524 557 555 552 551 523 519 545 520 518 510 489 506 524 500 572 537 532 530 526 513 476 513 503 513 532 517 495 542 581 565 533 550 508 478 540 518 480 483 480 496 502 504 512 497 506 534 528 543 552 508 510 505 498 498 514 524 517 528 527 465 528 548 512 511 526 528 548 511 516 504 505 522 539 504 495 503 477 511 488 512 545 519 490 452 459 478 498 477 490 509 541 553 528 480 501 507 515 526 531 507 459 477 507 507 499 536 520 535 531 513 505 508 554 558 544 534 545 545 546 513 523 518 530 556 570 543 542 493 480 468 505 521 528 481 483 504 489 491 485 499 500 491 476 470 488 496 521 529 493 504 485 456 464 493 501 472 480 518 520 496 530 559 481 500 520 490 512 532 555 535 570 588 552 537 532 535 520 501 492 533 536 538 508 497 494 525 549 500 529 490 444 460 493 507 499 519 503 507 508 520 510 516 470 461 470 496 477 504 520 516 513 495 465 486 541 532 488 489 481 506 531 517 514 509 501 450 488 496 505 468 478 503 510 544 521 523 517 461 473 517 509 510 523 511 536 499 505 506 511 504 525 534 523 495 518 524 513 464 521 523 500 506 485 489 514 509 497 476 500 495 510 514 517 530 430 467 495 571 572 512 494 491 508 519 496 465 502 532 546 535 487 447 447 452 478 477 474 482 470 477 469 523 546 563 542 508 470 479 497 526 510 509 544 527 551 512 519 500 520 546 495 517 576 516 464 498 500 499 486 496 484 476 482 486 463 493 497 482 488 471 437 430 480 471 455 456 441 456 493 536 542 542 533 493 434 470 460 493 512 520 493 478 474 487 507 538 516 481 480 487 520 523 488 492 480 495 472 493 514 511 497 519 522 499 491 457 447 452 472 461 462 493 516 508 522 513 510 541 515 514 533 518 499 509 522 519 535 515 549 544 524 531 532 555 551 534 498 496 501 499 472 494 506 551 537 494 503 514 535 534 514 517 538 540 506 493 486 501 515 501 526 504 531 522 552 508 501 513 494 470 529 501 467 496 490 517 521 497 472 476 486 463 465 491 485 532 535 523 533 558 548 499 492 497 487 494 509 499 505 511 532 521 485 473 530 540 520 501 488 524 509 488 470 511 522 531 503 537 539 531 491 514 528 523 520 517 532 527 507 544 527 533 504 513 519 495 483 486 533 565 539 529 503 539 538 526 502 500 462 510 519 496 472 498 530 516 511 552 503 466 465 440 466 478 477 462 466 497 545 529 504 506 496 490 471 482 503 499 477 470 494 485 483 502 474 455 454 485 492 528 513 526 506 516 511 503 479 466 484 519 511 512 491 513 489 495 527 495 508 511 546 550 563 512 529 521 506 502 527 506 515 473 453 484 490 509 540 515 480 490 515 527 528 543 551 520 523 507 490 489 478 514 469 454 467 498 488 485 498 510 512 525 549 509 513 525 475 468 478 462 479 472 489 486 512 512 475 518 512 502 539 513 507 500 493 511 514 521 499 482 477 514 507 497 471 478 495 509 522 456 474 492 480 495 507 521 503 504 531 508 480 443 447 483 527 530 535 543 
vem trace:

stid: 341
spdistance: 6446.31
radio trace:
540 565 562 544 523 546 544 562 558 522 520 552 520 507 506 483 493 486 508 474 480 507 517 541 538 496 499 511 515 504 519 532 529 511 498 486 499 507 520 501 506 484 489 509 482 472 501 546 523 516 506 486 463 475 498 505 503 510 508 526 525 520 539 527 499 534 522 507 517 506 517 521 524 523 507 457 456 498 493 524 557 555 552 551 523 519 545 520 518 510 489 506 524 500 572 537 532 530 526 513 476 513 503 513 532 517 495 542 581 565 533 550 508 478 540 518 480 483 480 496 502 504 512 497 506 534 528 543 552 508 510 505 498 498 514 524 517 528 527 465 528 548 512 511 526 528 548 511 516 504 505 522 539 504 495 503 477 511 488 512 545 519 490 452 459 478 498 477 490 509 541 553 528 480 501 507 515 526 531 507 459 477 507 507 499 536 520 535 531 513 505 508 554 558 544 534 545 545 546 513 523 518 530 556 570 543 542 493 480 468 505 521 528 481 483 504 489 491 485 499 500 491 476 470 488 496 521 529 493 504 485 456 464 493 501 472 480 518 520 496 530 559 481 500 520 490 512 532 555 535 570 588 552 537 532 535 520 501 492 533 536 538 508 497 494 525 549 500 529 490 444 460 493 507 499 519 503 507 508 520 510 516 470 461 470 496 477 504 520 516 513 495 465 486 541 532 488 489 481 506 531 517 514 509 501 450 488 496 505 468 478 503 510 544 521 523 517 461 473 517 509 510 523 511 536 499 505 506 511 504 525 534 523 495 518 524 513 464 521 523 500 506 485 489 514 509 497 476 500 495 510 514 517 530 430 467 495 571 572 512 494 491 508 519 496 465 502 532 546 535 487 447 447 452 478 477 474 482 470 477 469 523 546 563 542 508 470 479 497 526 510 509 544 527 551 512 519 500 520 546 495 517 576 516 464 498 500 499 486 496 484 476 482 486 463 493 497 482 488 471 437 430 480 471 455 456 441 456 493 536 542 542 533 493 434 470 460 493 512 520 493 478 474 487 507 538 516 481 480 487 520 523 488 492 480 495 472 493 514 511 497 519 522 499 491 457 447 452 472 461 462 493 516 508 522 513 510 541 515 514 533 518 499 509 522 519 535 515 549 544 524 531 532 555 551 534 498 496 501 499 472 494 506 551 537 494 503 514 535 534 514 517 538 540 506 493 486 501 515 501 526 504 531 522 552 508 501 513 494 470 529 501 467 496 490 517 521 497 472 476 486 463 465 491 485 532 535 523 533 558 548 499 492 497 487 494 509 499 505 511 532 521 485 473 530 540 520 501 488 524 509 488 470 511 522 531 503 537 539 531 491 514 528 523 520 517 532 527 507 544 527 533 504 513 519 495 483 486 533 565 539 529 503 539 538 526 502 500 462 510 519 496 472 498 530 516 511 552 503 466 465 440 466 478 477 462 466 497 545 529 504 506 496 490 471 482 503 499 477 470 494 485 483 502 474 455 454 485 492 528 513 526 506 516 511 503 479 466 484 519 511 512 491 513 489 495 527 495 508 511 546 550 563 512 529 521 506 502 527 506 515 473 453 484 490 509 540 515 480 490 515 527 528 543 551 520 523 507 490 489 478 514 469 454 467 498 488 485 498 510 512 525 549 509 513 525 475 468 478 462 479 472 489 486 512 512 475 518 512 502 539 513 507 500 493 511 514 521 499 482 477 514 507 497 471 478 495 509 522 456 474 492 480 495 507 521 503 504 531 508 480 443 447 483 527 530 535 543 
vem trace:

