SDId: 34869059
energy: 9.43336e+17
zenith: 0.86403
azimuth: 3.98979
GPSSeconc: 1127519911
stid: 342
spdistance: 680.568
radio trace:
460 445 466 454 443 441 471 498 484 444 414 437 437 430 446 423 402 430 456 479 486 486 442 421 427 431 430 474 461 454 461 449 448 447 442 458 465 449 449 446 438 455 462 471 493 458 465 466 463 472 443 459 450 432 454 453 451 431 403 434 414 441 467 473 469 431 412 415 444 436 457 466 487 461 458 475 476 464 470 455 461 482 488 488 456 451 463 443 455 445 423 423 422 446 453 448 427 458 430 442 429 445 484 509 480 431 443 473 464 446 436 418 446 465 470 463 457 445 450 461 409 437 448 441 438 471 443 433 440 466 468 465 437 451 491 468 442 440 454 468 455 443 419 457 444 466 455 457 446 423 442 467 446 442 453 450 448 426 427 437 449 481 456 430 408 401 455 427 444 465 458 424 415 427 445 475 471 458 466 446 416 466 500 450 468 476 473 489 486 476 452 467 468 443 429 429 442 445 460 443 432 461 468 457 449 419 420 388 400 457 433 418 420 427 457 468 469 439 450 459 457 465 462 421 428 459 460 466 462 470 494 515 522 478 478 454 464 505 486 474 462 449 472 466 485 480 486 493 459 459 474 466 446 472 430 459 471 456 445 428 423 421 414 457 435 435 458 473 441 427 456 418 409 410 419 458 482 485 462 453 451 441 436 431 425 420 424 475 457 456 482 487 471 441 445 478 477 445 444 458 455 466 428 409 443 476 468 457 458 442 450 453 474 463 461 437 448 419 439 438 454 463 457 437 467 469 450 421 444 474 452 438 434 445 492 441 468 474 457 452 459 449 417 420 434 450 442 442 466 482 471 455 430 447 436 420 438 456 427 463 485 464 440 447 427 461 444 466 457 451 478 466 414 434 459 477 474 440 422 424 451 476 481 506 474 491 524 504 472 457 440 465 506 474 439 458 461 462 483 472 463 462 463 436 454 464 442 414 445 419 446 454 460 461 451 447 442 466 441 443 476 463 415 425 432 424 452 440 434 456 472 487 466 458 451 451 459 463 457 463 438 413 403 394 414 434 452 461 459 423 444 451 485 481 488 483 463 461 449 448 460 407 417 430 452 495 507 483 463 440 446 457 446 461 424 433 434 450 431 446 426 428 403 405 488 477 452 434 451 442 433 446 447 397 414 412 399 391 413 421 443 450 443 419 429 460 459 476 438 438 436 415 449 484 466 464 422 436 434 441 453 462 469 459 426 443 434 455 478 474 432 463 470 451 412 436 450 436 410 423 425 438 444 427 430 433 456 471 474 488 489 472 436 455 500 508 492 472 439 447 433 470 458 480 476 434 442 445 455 474 461 465 464 428 453 451 436 464 448 421 419 396 422 455 470 448 454 457 461 468 436 460 463 450 450 451 436 465 458 452 451 457 418 458 465 469 445 431 422 441 450 453 419 429 446 425 439 491 506 502 469 462 449 453 436 443 480 456 445 439 431 462 478 467 455 466 448 467 464 445 439 440 433 436 441 436 444 474 499 428 414 447 467 469 454 455 486 472 462 472 451 457 461 474 478 454 462 458 440 443 459 436 442 439 413 451 480 459 450 469 466 479 486 461 488 479 481 456 436 448 463 439 427 438 419 428 437 472 465 448 464 450 435 418 445 450 460 454 437 429 443 460 482 475 483 465 438 418 422 436 441 437 461 461 481 472 452 445 460 449 431 439 462 456 452 450 456 433 456 474 455 471 454 440 433 437 423 443 481 488 481 469 469 464 462 423 399 391 423 432 440 445 453 437 443 478 469 465 
vem trace:

stid: 333
spdistance: 972.291
radio trace:
475 449 473 516 527 496 484 469 452 474 466 444 454 443 430 380 407 444 440 441 462 466 450 502 474 481 480 445 452 498 517 484 433 426 448 448 454 466 481 506 466 447 473 442 447 438 462 443 420 451 506 490 468 485 490 481 405 407 432 434 448 462 454 447 447 437 437 427 436 429 445 429 457 463 446 447 455 476 473 464 498 475 463 479 466 454 431 426 453 419 411 415 429 413 432 433 444 450 460 465 464 441 443 442 468 455 443 463 452 473 464 486 498 503 489 495 438 418 432 436 444 439 447 460 493 459 459 460 470 471 462 454 445 439 426 445 413 418 433 418 421 440 450 446 441 455 480 454 449 427 402 418 436 424 432 433 443 457 471 472 446 454 458 443 441 431 453 436 469 463 441 449 455 456 495 445 437 398 399 454 466 483 435 448 440 441 450 462 484 470 431 441 432 455 432 441 418 413 415 429 409 422 384 383 442 461 442 438 434 431 433 464 451 456 454 462 425 452 441 405 431 463 460 463 459 443 446 460 493 470 458 425 443 427 445 421 436 429 447 461 470 455 476 461 454 441 436 474 459 475 461 418 433 434 419 439 439 421 403 436 446 436 451 459 484 435 447 429 442 456 465 483 469 453 425 400 419 395 443 457 482 463 441 439 436 381 417 425 408 402 397 394 407 428 437 465 454 468 462 457 465 476 469 438 458 439 442 447 473 440 457 450 438 460 485 419 404 446 470 499 464 482 484 471 493 491 472 466 429 454 432 427 429 432 467 494 473 478 465 477 435 446 427 462 433 459 468 416 453 430 451 443 457 456 439 446 421 406 426 434 394 421 437 452 461 456 475 478 485 459 456 452 468 467 502 471 476 457 464 432 430 429 421 434 407 404 429 435 418 432 419 422 424 434 466 481 496 505 483 513 507 502 477 462 481 420 447 457 426 417 439 454 456 455 464 482 455 453 450 425 429 436 460 442 440 470 443 475 435 451 438 426 414 411 440 450 432 461 472 478 452 407 435 457 483 459 436 456 450 449 448 461 464 486 444 455 444 489 481 477 446 469 486 442 450 475 479 440 425 449 425 393 414 440 436 403 425 452 452 443 476 441 428 443 438 414 379 385 434 455 489 475 455 436 425 424 446 434 413 401 422 467 463 441 449 441 423 425 460 418 437 456 445 467 489 489 476 457 451 453 427 486 434 416 449 434 442 452 462 446 436 440 422 400 376 395 427 428 436 443 476 444 457 454 418 439 448 429 394 387 429 451 414 429 452 483 504 500 459 447 453 488 492 501 495 506 495 497 490 480 484 428 445 425 450 466 450 483 487 453 487 452 447 443 433 444 451 460 474 476 463 439 432 440 459 453 454 477 446 476 476 464 440 443 468 438 459 446 430 449 440 449 474 484 468 463 496 471 436 439 435 448 437 421 376 437 459 464 492 505 490 445 428 434 453 441 465 448 451 433 424 425 460 455 423 429 454 466 433 463 460 494 525 485 495 492 511 485 498 488 461 441 461 472 470 495 479 490 478 454 463 432 448 447 418 419 400 431 445 451 448 447 456 469 484 469 458 444 435 437 457 453 437 444 455 477 436 426 415 418 438 425 437 425 447 435 430 410 420 431 444 437 454 410 417 449 436 418 411 407 438 444 453 476 489 470 466 517 496 459 444 425 432 450 408 404 421 424 427 427 406 431 462 482 443 448 454 451 438 435 428 482 468 489 493 431 406 453 427 428 458 498 500 467 460 475 479 437 
vem trace:

stid: 419
spdistance: 1165.34
radio trace:
504 501 493 516 457 464 475 456 490 458 423 436 457 460 474 427 463 481 488 484 513 539 480 499 503 499 500 451 514 492 457 471 484 499 456 481 507 505 510 487 510 538 495 496 521 534 491 496 506 478 477 490 518 541 551 530 509 497 507 465 453 424 446 483 438 443 439 428 479 472 456 455 499 467 478 477 494 473 449 475 474 481 479 476 473 528 467 442 444 518 506 478 433 435 480 485 487 515 511 497 462 425 479 478 420 401 455 490 517 525 461 485 514 481 505 549 517 467 500 532 549 515 511 523 537 483 476 464 462 494 511 469 451 426 467 508 506 506 508 528 503 532 490 471 486 487 499 485 464 509 449 444 489 495 516 519 506 461 451 421 477 492 483 476 509 523 493 434 470 480 472 457 440 416 455 522 499 492 523 504 460 480 524 499 476 484 480 494 483 475 497 498 471 476 465 467 481 479 513 450 454 496 512 469 470 438 449 466 461 455 471 487 492 446 427 422 439 462 441 460 471 500 529 538 490 465 487 500 514 531 509 491 495 449 420 454 454 443 474 526 495 463 476 475 473 486 491 452 468 433 452 456 446 458 496 522 485 509 483 483 480 448 452 492 507 499 503 522 513 513 500 487 513 480 469 462 435 427 423 451 504 521 532 491 529 541 542 540 511 512 454 478 520 511 482 484 484 488 501 500 473 489 523 511 454 414 459 465 483 458 436 460 514 480 487 506 535 510 507 476 459 488 508 520 511 544 568 506 444 417 440 477 450 448 446 472 498 462 453 453 489 492 489 443 436 462 461 487 468 467 438 429 453 500 508 517 524 538 566 509 476 513 517 515 518 515 508 485 480 447 433 426 441 509 503 490 512 510 478 492 554 527 510 487 478 482 494 495 476 479 492 469 447 475 494 474 487 437 459 485 506 524 511 500 472 479 497 509 491 477 481 494 518 422 439 494 501 506 481 466 439 428 462 457 497 473 501 530 489 454 457 420 438 484 496 496 463 474 524 525 525 543 508 489 486 482 461 467 481 449 492 489 509 534 514 466 448 420 470 454 483 420 450 498 491 497 483 481 455 424 493 477 478 500 504 472 464 488 434 456 499 471 504 514 527 532 524 520 541 517 489 470 485 490 517 476 513 500 504 477 508 500 489 468 479 457 471 506 523 512 503 462 473 456 475 469 453 464 491 503 515 492 515 501 472 451 497 527 501 474 459 466 514 531 477 475 447 485 509 506 496 474 482 514 474 483 484 469 468 438 432 447 476 493 488 503 522 503 457 467 480 522 528 522 529 514 552 538 504 468 433 458 437 446 466 439 487 488 487 464 491 515 495 480 483 452 475 463 473 450 452 427 472 470 496 487 461 465 527 528 475 466 465 477 430 452 486 487 492 510 488 503 539 499 464 504 496 500 494 482 483 469 466 493 474 453 461 474 508 467 493 502 490 484 506 537 525 538 558 562 519 486 514 502 521 497 509 479 490 491 482 467 488 521 517 504 479 477 447 451 467 457 480 505 488 533 518 524 498 465 473 489 484 478 493 470 476 501 526 506 449 432 485 503 530 489 461 512 512 501 501 481 459 468 476 496 529 518 486 475 473 449 463 466 474 474 458 452 473 500 470 488 448 498 514 516 492 512 486 485 488 513 535 521 532 526 541 514 449 406 411 479 496 477 500 485 498 500 501 502 456 486 512 437 425 453 467 482 512 489 440 472 485 478 494 504 465 452 426 422 478 464 490 496 505 481 467 473 
vem trace:

