SDId: 34841114
energy: 4.48706e+17
zenith: 0.629132
azimuth: 3.54119
GPSSeconc: 1127345449
stid: 332
spdistance: 441.274
radio trace:
565 578 582 585 557 551 556 560 547 547 523 567 578 564 594 571 547 551 542 521 520 561 565 559 555 526 532 520 526 533 542 572 558 558 533 565 590 592 577 554 562 547 541 559 548 539 550 548 521 526 546 534 565 567 619 586 584 552 525 560 549 551 567 575 577 573 578 570 565 558 557 556 550 555 538 538 529 528 545 537 575 604 590 583 550 554 573 587 599 567 577 535 535 557 527 528 544 548 517 546 564 549 499 548 534 533 572 496 482 519 559 550 518 514 521 545 556 558 527 544 580 581 559 546 513 511 509 537 560 570 576 587 579 589 598 587 585 587 593 568 558 551 557 565 571 540 545 539 563 548 500 536 544 513 502 509 496 557 586 579 546 529 524 535 556 579 541 561 550 559 537 551 549 544 527 528 518 521 533 556 576 575 573 587 567 549 546 559 514 517 534 542 542 551 526 518 522 569 555 570 599 633 624 581 572 571 577 574 564 590 586 573 586 575 586 533 522 551 571 580 583 557 573 530 527 545 555 565 553 544 558 554 518 505 525 541 548 582 570 519 555 566 575 540 553 563 544 532 568 563 578 542 531 560 568 577 594 536 529 563 546 558 542 552 588 589 561 556 568 559 546 567 574 545 517 520 551 533 521 550 556 569 553 556 572 572 580 566 547 561 545 534 530 497 533 546 549 574 556 526 536 575 577 587 555 523 544 568 574 610 596 539 579 586 574 591 577 576 537 543 530 558 556 560 561 542 527 519 521 566 536 569 583 562 514 517 547 566 611 592 576 557 551 573 520 503 487 535 555 543 532 536 562 575 554 555 575 583 548 538 562 564 551 574 567 511 522 535 559 547 536 554 543 555 550 565 540 540 551 526 582 593 588 554 516 547 586 533 502 508 546 540 530 541 502 537 563 511 491 516 509 541 564 586 593 569 560 564 563 576 542 539 554 574 572 544 558 561 562 567 562 542 520 545 578 596 574 584 575 570 573 553 587 579 568 555 553 584 525 524 563 535 524 549 545 557 581 587 563 574 586 591 549 540 545 562 527 544 535 537 531 562 543 532 527 512 539 531 537 548 578 559 541 571 541 542 573 596 570 589 576 552 540 544 522 540 550 555 546 556 559 555 585 559 563 563 563 556 555 552 570 549 513 529 545 523 540 567 571 564 524 559 568 561 519 525 496 512 518 546 495 521 528 532 538 570 553 528 548 544 544 574 592 557 591 571 541 550 549 558 528 532 568 560 562 575 560 549 555 571 583 571 609 590 604 571 566 563 584 573 553 560 555 559 529 543 548 542 552 550 539 549 550 560 513 545 570 515 540 532 539 535 559 573 541 521 525 557 552 531 489 507 544 569 564 562 559 548 518 517 497 524 558 533 533 542 540 550 555 591 588 571 535 521 534 549 580 533 519 525 563 549 570 581 558 582 561 535 542 533 532 560 581 578 576 574 567 572 591 600 584 555 568 549 553 541 528 524 523 521 549 576 569 541 505 497 495 517 562 563 559 535 569 574 566 549 551 570 555 548 527 526 523 539 551 555 565 540 557 581 533 547 545 568 563 587 592 567 543 524 521 544 555 524 557 575 593 605 583 592 575 560 597 547 521 556 586 581 592 545 556 548 570 540 525 561 578 566 570 527 547 520 529 519 504 519 534 523 544 565 569 593 603 569 530 553 526 548 585 545 536 548 575 572 591 550 539 525 550 579 589 562 560 539 544 549 557 534 546 573 590 578 596 598 621 600 580 563 
vem trace:

stid: 342
spdistance: 980.499
radio trace:
438 460 421 432 420 446 461 431 427 445 436 445 439 458 455 461 463 456 483 476 453 435 452 462 443 456 454 463 470 457 468 465 462 465 434 416 416 430 438 453 482 447 443 454 430 406 430 449 444 486 495 453 445 452 450 433 413 411 442 463 449 448 451 457 459 470 468 475 450 438 443 427 425 438 432 431 446 467 431 454 461 455 467 456 427 406 419 429 451 432 450 452 448 476 489 464 472 446 456 487 483 465 433 450 445 459 471 463 439 456 463 456 476 445 429 451 456 443 414 418 423 438 424 458 458 444 432 413 444 442 448 448 432 441 458 461 415 388 403 437 425 408 432 423 448 403 402 416 428 454 446 438 434 424 435 451 476 443 408 420 428 435 452 465 450 460 469 462 447 452 460 453 456 415 416 456 448 462 435 464 459 437 429 471 481 465 475 477 483 468 460 426 416 421 425 413 417 423 435 437 473 492 458 463 446 470 459 424 438 406 404 420 437 418 449 424 431 451 443 440 449 459 421 397 426 441 451 501 477 446 462 429 430 465 418 418 453 454 423 404 435 398 405 452 445 435 453 439 434 424 441 485 481 456 473 479 479 476 476 475 468 462 451 439 474 479 444 443 471 468 466 450 446 444 453 472 472 452 469 456 443 438 426 399 439 443 460 444 437 446 464 464 475 457 453 418 427 455 439 463 427 418 406 395 418 413 433 459 452 459 455 448 429 441 445 432 427 438 411 399 439 439 439 442 440 453 473 465 461 438 450 438 439 442 445 449 460 476 445 452 430 440 431 405 404 411 428 439 424 438 443 443 448 431 445 462 451 466 447 458 425 453 459 452 450 435 450 478 451 429 432 447 425 445 442 460 460 435 429 445 453 462 457 460 470 466 449 447 446 459 468 416 418 425 428 436 429 449 472 433 429 425 418 437 465 461 453 439 444 453 488 486 457 418 386 401 452 443 417 451 476 481 445 452 443 441 430 450 425 398 429 434 457 476 465 452 432 467 480 453 437 445 441 450 473 449 450 412 443 461 449 439 422 460 432 381 407 446 453 457 471 458 421 398 432 462 459 477 475 453 433 425 414 403 398 422 451 447 451 472 483 459 456 473 458 428 466 478 460 461 450 461 457 459 455 442 436 446 430 425 439 441 442 448 449 453 461 475 446 449 464 481 464 462 459 440 434 452 465 452 461 466 442 475 454 456 447 441 433 407 431 481 489 497 496 445 422 416 393 382 395 412 403 442 463 450 449 462 438 453 440 432 431 419 425 412 422 433 445 423 419 424 447 447 445 433 445 426 412 433 476 429 430 422 418 421 446 450 434 438 450 412 407 438 443 424 413 427 438 458 466 456 433 457 411 419 425 453 444 413 426 420 446 468 485 488 470 456 450 456 470 440 431 427 450 452 461 443 442 434 418 442 445 411 417 415 412 447 456 471 461 452 436 456 469 454 427 412 422 458 445 452 456 466 456 460 460 468 461 474 442 438 467 460 451 451 428 406 433 450 447 458 459 472 487 475 460 465 457 436 433 430 413 462 469 427 448 438 448 426 426 445 419 432 420 456 478 459 452 449 442 466 436 435 433 459 459 440 436 417 453 480 450 412 432 423 427 445 451 445 424 435 437 465 449 458 478 477 440 448 479 448 429 460 447 451 427 416 443 454 421 433 442 415 430 428 474 470 454 464 462 459 456 443 406 410 425 423 429 436 451 426 443 401 412 454 473 471 467 446 445 461 436 464 463 474 442 438 
vem trace:

