SDId: 34543628
energy: 1.81984e+17
zenith: 0.550631
azimuth: 4.26536
GPSSeconc: 1125513376
stid: 419
spdistance: 876.289
radio trace:
562 581 503 509 530 499 480 473 485 495 511 521 543 519 528 508 527 512 496 502 517 536 528 469 491 520 514 516 505 455 459 489 526 506 515 504 517 549 531 496 508 555 573 528 508 472 501 489 485 494 529 538 464 448 468 463 446 473 480 441 424 474 520 511 514 483 463 468 452 470 407 412 476 457 470 513 488 482 455 459 513 460 436 456 460 485 459 490 456 481 503 517 522 520 504 493 470 501 500 533 522 520 517 470 487 524 507 494 509 495 456 493 504 507 528 495 458 476 462 501 526 510 485 469 462 466 496 505 527 544 523 525 533 520 515 512 511 498 492 539 491 470 488 475 487 485 479 491 523 538 524 498 526 517 525 521 507 467 511 527 513 490 506 535 531 522 512 495 523 522 488 501 511 492 474 467 500 477 471 463 494 498 508 519 503 524 521 572 549 540 530 533 500 505 542 544 538 490 481 522 537 535 500 479 547 506 546 540 510 492 501 518 496 483 462 455 547 526 497 509 488 518 491 471 511 548 516 495 506 519 496 473 477 471 455 473 489 468 480 501 538 500 499 487 497 487 481 537 566 520 484 507 495 498 488 535 508 474 446 440 456 502 535 538 526 572 523 494 524 541 547 537 561 553 537 509 525 535 529 508 504 548 553 565 543 551 553 521 516 507 500 478 490 488 483 450 476 501 505 496 490 484 448 498 479 507 508 497 485 505 485 511 511 492 444 472 469 500 476 497 469 469 511 517 483 481 496 512 517 522 550 545 530 540 529 496 515 471 469 447 487 504 487 467 451 471 443 456 488 498 455 457 443 469 496 523 516 505 466 492 504 525 547 538 544 515 518 465 473 459 506 512 531 510 470 447 481 522 528 549 519 493 537 526 486 470 499 542 488 485 503 489 522 488 468 514 530 520 519 494 501 498 520 532 488 508 507 492 494 460 488 446 398 413 478 500 555 542 538 486 509 541 491 461 468 458 505 523 521 527 513 508 484 532 557 517 495 516 542 528 491 508 474 476 495 522 528 533 492 511 515 500 530 531 573 550 551 557 517 509 517 500 526 552 499 432 428 461 518 532 522 549 550 524 551 536 532 527 527 513 512 447 477 523 549 521 496 517 557 545 528 476 519 497 521 530 517 491 446 462 476 465 499 529 518 532 506 498 503 486 479 480 469 502 496 473 515 539 573 538 524 513 508 534 518 541 509 530 509 519 532 489 478 491 540 553 554 540 506 503 502 470 455 464 508 493 499 463 504 537 548 553 518 475 493 467 513 480 490 480 483 493 450 486 496 477 464 467 507 519 478 496 509 499 485 479 499 518 531 503 479 438 502 515 487 449 459 520 531 527 479 467 478 484 464 461 493 496 496 548 554 526 506 486 494 451 446 470 509 511 545 521 522 514 486 498 457 492 472 482 483 499 510 545 532 488 504 522 522 465 519 503 495 492 505 490 505 507 504 505 502 522 490 449 458 463 518 532 535 553 564 529 506 476 494 461 460 489 481 465 475 493 531 559 514 534 559 569 543 511 528 492 468 519 526 532 506 491 494 456 470 502 522 538 518 536 534 533 492 477 470 485 508 495 508 503 554 541 535 542 503 472 531 515 517 526 533 523 477 469 499 501 519 523 532 531 502 530 538 493 505 520 490 460 475 489 512 469 504 520 510 470 468 472 477 509 531 505 516 516 536 550 491 473 496 514 522 521 510 468 472 487 450 499 511 516 508 478 475 484 537 536 520 522 510 486 483 476 
vem trace:

stid: 342
spdistance: 930.078
radio trace:
478 518 531 502 487 506 509 493 484 508 513 506 476 495 518 549 545 504 477 493 486 517 536 547 517 492 512 514 497 486 506 489 498 524 504 479 485 497 516 512 491 467 493 503 472 466 467 460 444 460 484 478 442 450 463 492 517 531 532 497 495 545 544 499 489 482 476 479 464 463 473 479 498 485 483 535 529 488 475 477 451 465 487 494 500 521 496 472 513 525 495 488 509 502 462 464 493 495 476 472 475 480 465 476 452 474 471 486 480 496 506 512 482 455 482 483 492 479 517 514 484 493 504 480 477 477 505 494 487 490 514 501 488 465 450 486 506 514 500 488 495 491 493 507 501 497 516 522 497 471 498 478 464 489 457 456 455 466 445 489 493 484 503 466 488 491 493 478 496 456 482 499 493 474 503 525 529 520 515 515 494 468 485 490 507 497 502 501 493 504 512 496 478 496 510 523 499 477 451 459 481 448 441 470 504 500 495 468 498 518 502 482 485 482 481 466 499 516 512 488 481 517 512 462 467 450 476 495 484 470 483 511 516 509 502 511 494 502 519 526 516 521 478 480 493 470 473 477 482 527 525 524 513 523 504 493 500 499 513 497 474 497 510 485 467 500 467 460 452 461 464 468 499 503 501 484 467 469 493 484 485 479 486 480 480 487 494 477 473 505 479 439 464 468 480 509 524 523 491 499 501 518 525 530 509 508 510 509 521 506 497 478 486 482 491 522 480 487 493 502 495 491 518 529 509 454 453 524 500 497 508 515 490 482 471 501 533 515 511 470 442 457 467 529 530 529 506 529 529 506 507 518 525 513 507 520 503 469 492 504 547 502 517 516 528 513 488 471 483 517 517 492 526 494 473 493 497 494 487 505 482 513 500 528 506 452 453 488 447 453 472 522 496 465 487 492 483 455 456 483 478 494 489 497 488 482 483 484 474 505 489 506 524 516 494 522 535 529 538 545 560 497 512 516 526 538 511 484 482 508 502 496 535 537 534 493 512 504 518 534 496 522 502 505 498 495 477 481 481 456 469 513 506 481 485 486 467 469 466 481 496 513 515 515 462 447 457 471 452 489 489 503 471 503 514 533 508 451 467 502 510 509 532 526 510 488 493 505 475 488 490 469 441 442 480 463 499 501 505 482 481 489 489 471 490 508 500 501 489 460 478 495 479 477 464 447 434 502 522 529 496 472 456 440 462 490 498 490 491 501 506 483 465 490 502 516 540 545 551 498 475 469 475 495 497 478 513 508 467 456 492 484 497 486 501 502 490 496 495 510 490 484 513 480 480 508 473 485 516 519 518 493 499 515 520 488 472 466 495 505 500 480 491 465 459 489 506 477 496 484 490 484 500 524 501 481 490 489 489 456 459 460 497 508 523 496 518 498 493 513 510 464 446 471 477 515 471 466 491 472 487 471 496 532 535 520 506 507 461 457 523 486 444 495 497 485 510 507 510 500 478 472 498 507 523 497 490 488 498 474 467 496 490 499 518 453 483 471 485 478 475 476 500 520 506 526 513 511 474 482 513 547 523 490 507 530 539 520 518 525 518 497 483 471 478 501 493 495 480 480 493 470 510 521 523 523 519 522 498 480 502 482 470 477 483 480 515 502 477 486 476 470 504 528 548 530 513 513 496 488 495 522 512 495 508 498 504 493 482 515 512 506 475 460 460 465 471 489 519 547 519 510 474 460 431 482 489 465 463 495 503 498 530 533 542 507 460 473 488 488 507 510 523 528 500 473 494 471 
vem trace:

