SDId: 34512069
energy: 1.77826e+18
zenith: 0.758966
azimuth: 5.32075
GPSSeconc: 1125336013
stid: 419
spdistance: 383.113
radio trace:
456 466 472 471 488 479 501 504 519 470 477 516 505 488 491 461 482 493 483 505 481 467 491 503 516 462 475 456 449 457 494 496 515 501 489 444 466 465 471 469 521 471 490 465 508 513 498 460 461 495 554 572 517 486 498 514 512 507 505 517 507 528 514 491 506 475 482 483 463 549 523 505 472 486 472 536 519 518 521 470 483 513 530 531 508 527 515 490 461 490 478 495 483 517 534 528 521 511 512 512 541 548 541 544 490 495 509 541 513 508 502 501 497 507 490 468 445 442 446 463 500 519 498 489 516 546 551 506 513 500 506 463 514 537 507 517 487 479 465 465 417 440 482 485 504 522 484 499 495 485 482 483 489 480 464 492 497 499 451 433 449 481 492 480 495 543 567 530 509 516 486 488 493 502 513 452 460 482 483 486 482 458 493 545 496 449 489 525 540 465 449 476 525 527 500 538 502 461 481 507 506 503 533 525 495 478 506 528 550 501 460 468 483 476 496 477 479 486 492 496 507 514 532 517 499 487 471 467 460 527 494 504 494 497 452 476 477 514 509 477 486 438 486 491 500 480 469 474 509 530 558 537 539 533 490 490 524 528 510 496 478 493 522 546 558 562 530 520 500 496 492 495 498 533 523 501 505 515 492 467 460 470 484 515 498 514 522 481 487 494 449 469 490 478 497 512 499 512 482 509 457 429 430 464 473 484 515 519 496 507 505 487 489 496 487 487 516 507 546 508 484 505 531 540 541 569 557 502 472 480 518 540 520 515 487 531 460 462 488 502 511 505 519 536 541 509 526 519 506 518 503 478 494 501 465 479 475 492 515 524 492 520 511 519 531 532 508 548 533 518 465 468 505 481 482 477 514 499 487 472 509 547 536 485 468 494 479 463 497 535 532 533 525 495 519 538 551 539 541 523 486 485 451 456 457 540 573 545 549 507 505 519 504 511 534 519 510 516 531 510 504 500 497 497 513 474 496 508 487 489 494 496 498 501 513 529 523 521 508 557 543 529 499 500 470 499 506 464 454 493 524 517 495 469 473 452 496 503 478 505 501 485 470 449 444 439 468 507 492 505 500 506 533 504 519 512 481 476 457 485 507 484 495 516 512 518 557 568 553 579 558 562 556 549 521 515 500 507 494 500 500 472 503 518 534 517 520 507 479 482 441 461 506 522 478 484 466 478 464 507 506 533 546 545 520 502 488 491 533 507 490 513 533 508 479 483 544 483 482 504 470 480 519 547 509 489 513 514 496 476 520 510 539 519 501 504 475 510 480 493 476 439 464 472 510 538 512 517 508 498 477 448 471 494 490 486 503 513 505 503 460 464 462 501 510 539 583 540 464 474 458 493 490 523 488 470 422 433 481 517 467 486 519 471 468 453 460 486 504 480 514 469 492 472 473 473 447 477 484 515 490 489 459 477 526 548 524 527 531 503 465 509 500 462 500 478 472 479 501 498 509 510 515 482 504 506 505 507 510 514 533 491 470 444 476 454 464 476 460 477 492 503 519 517 512 487 483 516 497 537 555 500 551 528 472 458 492 492 453 481 530 519 530 497 514 506 469 492 490 498 469 420 468 513 508 478 489 494 469 472 524 504 499 492 492 479 471 520 539 468 460 486 433 515 523 565 525 482 521 544 508 531 494 467 456 493 525 517 531 535 525 484 487 517 528 482 483 490 512 532 536 546 550 521 505 461 476 502 511 513 513 509 529 534 508 527 503 500 499 467 530 523 506 477 461 477 487 513 
vem trace:

stid: 343
spdistance: 996.135
radio trace:
487 455 458 458 458 499 506 459 462 486 490 501 489 496 503 499 489 508 458 482 510 464 447 451 482 467 431 442 463 482 463 436 472 483 498 491 479 463 451 480 466 478 494 475 462 450 456 458 460 453 472 451 444 435 449 472 476 479 498 479 456 451 459 490 495 445 459 495 490 479 456 454 456 459 486 490 503 482 472 456 481 477 442 445 469 495 481 483 453 428 431 483 469 465 451 469 459 472 480 492 470 464 455 462 471 455 451 446 425 471 472 476 469 455 459 446 444 433 413 419 421 452 466 472 510 498 498 502 475 460 450 434 497 496 493 479 458 442 465 465 460 477 471 481 453 472 509 480 469 487 476 494 500 499 484 502 462 475 462 464 510 511 480 474 477 449 460 484 497 495 469 478 483 445 444 460 496 471 447 466 455 439 452 466 474 486 475 476 458 459 477 463 471 461 433 455 492 472 462 470 465 469 481 461 467 462 497 500 467 492 494 482 477 501 504 499 488 470 461 477 484 468 466 485 502 505 464 483 474 435 457 465 455 459 453 460 491 464 495 478 486 477 472 464 483 473 453 458 475 476 465 476 484 459 456 450 475 466 448 469 494 471 477 516 485 469 467 490 473 467 452 460 455 459 484 490 435 452 457 469 462 447 467 486 490 503 461 473 483 482 462 472 485 461 454 439 461 470 447 432 438 466 448 470 487 462 468 483 498 495 503 467 450 473 458 420 419 437 472 471 485 496 454 446 434 430 433 470 481 512 509 469 480 485 442 454 457 483 462 415 424 457 438 447 469 464 464 425 434 452 428 414 450 474 469 435 463 460 448 453 471 475 495 496 499 506 502 468 438 465 505 481 470 473 468 481 473 474 487 493 499 491 476 505 499 487 478 466 473 485 457 459 464 471 478 482 496 470 485 495 473 469 474 490 466 464 467 450 420 443 474 491 490 467 497 476 454 451 453 448 447 453 445 458 473 477 492 494 478 457 443 450 446 442 464 427 443 448 484 475 468 485 480 481 479 483 503 521 533 523 516 494 474 454 453 450 427 445 458 474 460 444 466 468 472 455 486 478 486 492 487 474 475 495 479 447 438 420 435 489 482 501 500 482 488 482 492 485 464 472 492 461 441 443 442 478 486 508 486 459 470 499 475 467 468 466 474 485 503 481 496 494 464 483 476 442 464 480 483 471 473 459 471 470 469 485 499 489 492 494 498 439 443 478 500 480 478 472 468 476 469 455 463 472 485 459 459 440 415 458 473 475 461 448 442 455 460 485 480 464 461 480 498 478 489 482 465 444 460 484 464 464 463 459 466 473 488 482 461 475 492 497 504 507 483 461 450 452 443 444 437 432 468 464 462 491 485 467 472 460 485 466 457 468 483 462 466 484 498 497 476 462 451 451 465 470 478 475 463 427 438 459 436 458 508 513 481 461 478 463 466 447 472 498 521 506 468 507 497 461 465 472 440 456 474 450 456 461 479 505 498 491 485 486 468 497 489 493 483 486 475 469 454 442 430 437 445 453 471 458 452 475 501 495 473 450 452 473 496 458 450 455 482 480 491 467 468 494 472 450 444 471 470 457 457 441 440 467 473 501 518 488 455 459 473 467 482 451 458 449 455 463 474 457 467 462 438 450 456 463 477 462 453 455 475 493 494 476 434 429 475 492 474 459 468 502 480 487 463 473 487 512 520 505 478 477 466 479 467 481 471 473 507 495 463 440 469 451 478 495 505 487 459 453 458 462 477 492 
vem trace:

stid: 342
spdistance: 1177.68
radio trace:
460 451 483 511 512 492 519 521 513 501 501 499 490 479 470 455 485 496 456 470 429 471 500 484 470 460 455 463 463 474 474 461 447 459 451 462 482 481 482 525 512 485 483 473 512 481 484 505 489 499 488 460 481 490 489 492 462 482 506 487 504 480 507 502 521 507 504 480 506 513 507 485 467 479 485 485 486 485 470 475 480 507 475 493 447 464 477 468 448 458 491 514 521 498 455 481 513 526 535 507 489 480 497 498 498 488 448 456 472 494 512 494 501 499 504 497 488 446 474 477 467 459 466 483 494 475 484 475 455 451 466 448 436 438 419 437 499 492 507 515 513 506 512 484 441 440 480 510 463 458 455 491 486 472 481 454 466 484 469 474 498 471 469 483 486 505 489 475 472 479 493 497 465 493 495 493 473 473 482 492 470 472 488 509 532 484 509 485 483 500 535 532 503 487 482 460 472 482 466 474 510 509 520 507 519 504 493 527 517 499 465 463 476 526 501 480 471 457 487 463 447 475 475 496 462 473 500 494 520 508 508 544 535 464 444 458 443 456 456 427 442 495 550 526 489 459 461 478 497 488 490 454 482 466 497 479 474 496 477 470 435 463 502 495 519 532 539 538 482 485 479 475 494 456 474 488 500 521 529 520 505 510 501 476 465 465 446 471 451 495 487 473 468 449 456 451 438 444 494 505 508 516 498 515 523 474 430 439 475 471 451 460 459 460 477 476 476 481 474 452 493 499 506 484 512 483 500 496 471 455 459 478 496 486 499 463 474 471 463 478 501 516 498 518 486 460 476 479 487 494 492 510 474 485 490 467 460 489 493 502 477 486 499 508 493 466 456 449 481 487 475 461 462 472 460 483 485 487 491 495 481 475 459 479 479 493 494 476 486 503 514 489 483 450 463 482 511 486 457 464 475 478 484 503 506 510 527 509 493 484 484 486 469 468 449 477 466 464 490 508 499 486 471 485 483 482 486 466 476 508 509 525 522 491 485 526 541 532 494 467 429 462 470 444 480 519 514 507 498 537 520 505 466 446 472 484 466 471 464 472 488 496 522 508 469 489 489 465 441 452 453 465 481 451 467 464 458 494 508 508 500 480 478 509 496 498 477 491 491 493 469 488 528 532 547 501 518 507 514 512 498 476 497 458 472 507 505 475 506 493 464 458 473 497 491 486 488 484 479 474 451 463 503 503 535 509 490 496 477 504 485 488 507 487 484 501 518 496 516 519 470 460 445 462 488 484 453 450 473 471 492 487 503 468 498 485 492 506 471 462 496 501 488 508 512 504 484 466 486 490 487 457 490 472 490 488 481 460 471 517 528 525 520 501 494 481 508 474 477 470 475 490 511 491 494 502 478 478 474 503 528 507 495 482 475 468 503 507 505 493 510 497 468 480 475 488 478 486 498 493 498 467 486 480 480 449 458 464 466 462 455 487 495 504 481 491 505 507 498 489 475 456 460 459 454 458 442 489 529 500 481 431 418 434 422 446 461 465 470 501 479 482 462 470 474 439 439 455 457 435 456 466 481 522 511 508 527 492 504 481 503 479 499 492 494 525 494 498 482 490 492 480 484 480 444 468 472 477 471 464 445 457 415 458 527 493 506 514 487 478 465 449 475 482 455 454 468 477 474 479 479 467 485 473 463 488 461 450 476 478 474 468 470 470 486 512 467 470 497 502 511 487 496 468 482 477 457 485 499 509 496 484 446 467 454 486 501 465 494 488 497 484 468 461 438 447 441 448 
vem trace:

