SDId: 34825696
energy: 1.87018e+17
zenith: 0.344241
azimuth: 2.14475
GPSSeconc: 1127245510
stid: 342
spdistance: 639.563
radio trace:
484 519 475 417 428 432 468 487 473 453 444 428 439 473 465 465 468 495 468 474 490 486 473 501 473 503 511 534 529 520 482 493 512 475 490 468 450 460 494 504 488 489 455 421 445 475 476 461 475 458 463 470 442 467 482 456 489 489 490 500 503 515 537 532 537 477 488 479 511 453 459 491 462 469 500 499 476 482 486 475 502 489 494 484 488 477 485 532 537 510 498 473 470 512 504 511 523 503 482 460 449 484 514 527 461 470 455 465 454 451 467 477 488 529 505 500 477 469 496 485 530 523 500 482 475 480 510 533 497 511 473 448 428 463 476 509 482 463 471 498 485 493 459 488 501 462 468 479 481 514 489 495 480 463 491 470 465 445 471 482 484 508 485 481 453 431 473 473 515 508 529 519 501 459 482 500 523 529 530 504 486 520 472 464 492 486 518 482 494 473 479 505 527 502 521 519 516 509 483 491 514 480 486 463 482 488 479 491 512 496 444 410 435 445 426 438 429 416 453 453 456 464 495 470 460 498 517 493 487 472 467 483 477 453 452 453 442 436 474 477 478 451 454 477 456 429 436 469 467 472 474 479 488 477 466 448 458 453 475 454 462 502 509 508 513 520 510 488 489 516 494 502 515 469 444 491 493 518 505 460 504 507 478 506 489 517 540 516 488 483 491 503 528 521 539 550 517 482 512 509 514 484 458 469 459 477 464 467 470 464 468 476 479 479 466 504 474 467 483 490 514 510 506 507 494 496 493 521 489 469 462 482 477 480 451 455 486 489 473 476 469 470 500 517 496 494 496 488 489 478 459 459 495 469 458 463 467 486 492 493 518 498 515 515 505 496 482 506 527 511 512 503 515 450 494 512 505 471 470 472 462 477 503 465 449 473 444 462 493 512 516 515 511 523 522 525 514 495 468 464 519 480 469 461 481 468 442 451 469 514 525 535 516 484 488 495 522 511 468 424 436 489 490 492 487 466 457 481 485 464 494 479 460 499 519 496 470 470 488 521 476 498 527 522 504 473 481 480 507 496 494 481 503 482 521 496 491 484 486 512 491 458 481 493 480 494 503 503 491 450 488 490 491 489 530 508 504 502 472 464 471 463 478 457 457 476 505 522 523 475 489 501 485 499 483 486 496 474 510 503 498 487 486 468 466 483 477 502 491 461 467 468 475 478 496 489 464 489 488 482 503 530 548 539 524 493 492 508 520 512 518 518 510 496 500 497 521 515 529 506 502 480 472 482 507 486 480 492 490 499 492 492 493 518 496 485 499 465 477 494 483 486 500 512 478 465 472 479 477 497 496 480 488 528 482 453 439 498 492 504 506 479 481 467 493 502 479 498 492 493 465 451 466 473 483 505 497 487 498 518 503 478 474 470 462 474 481 484 485 483 461 447 495 519 494 489 509 486 506 490 485 470 501 510 518 525 493 516 468 481 509 501 511 515 500 505 493 513 499 449 452 478 520 491 496 507 493 469 490 507 491 490 460 450 453 488 527 524 545 540 534 495 457 487 464 454 490 501 467 464 442 467 457 466 497 507 490 467 458 461 482 468 481 495 470 455 484 490 504 529 505 495 486 467 491 482 490 470 472 494 452 465 459 512 496 496 483 464 506 467 483 492 519 560 509 457 470 505 505 475 476 451 486 507 532 493 500 506 528 475 453 503 501 468 465 488 466 465 478 465 444 448 501 469 482 501 475 465 483 469 460 464 472 487 490 465 456 503 515 485 477 470 465 486 492 490 482 504 
vem trace:

stid: 332
spdistance: 863.337
radio trace:
577 615 583 568 568 553 557 535 535 484 522 517 569 573 528 514 507 516 528 540 543 538 546 559 553 534 544 551 559 529 537 539 562 573 570 580 523 490 535 558 595 567 567 578 562 566 563 554 539 575 550 498 525 558 549 587 547 569 544 528 546 557 529 543 572 543 580 583 557 539 557 559 569 542 546 558 555 542 541 533 541 558 589 584 598 596 586 571 576 573 547 536 549 500 528 563 553 562 556 554 549 517 519 550 575 570 557 552 556 555 543 535 544 515 549 568 591 576 586 574 585 573 545 554 565 576 575 517 530 565 558 561 546 529 524 534 533 504 505 498 552 578 579 545 545 543 554 563 572 578 535 537 521 514 529 544 550 532 562 569 551 559 547 558 591 561 566 534 524 541 540 548 532 514 521 537 568 569 548 551 578 610 590 601 584 573 577 565 530 550 562 547 573 589 555 533 559 567 560 576 619 609 589 557 557 546 562 560 558 538 536 550 533 503 525 549 559 555 556 548 530 522 522 542 529 508 529 523 531 548 575 587 577 559 567 574 563 571 574 580 580 534 547 555 572 591 553 562 569 581 577 557 547 519 545 537 535 529 585 559 565 603 580 555 571 579 561 563 569 582 576 562 563 542 541 550 536 555 549 534 553 558 553 537 546 577 576 570 599 605 620 619 608 563 606 560 550 566 564 570 596 568 536 569 573 580 584 571 576 548 563 566 575 562 590 582 545 500 513 514 523 537 545 582 581 563 562 564 563 567 545 565 554 567 576 588 573 598 584 590 565 532 561 592 562 561 557 528 541 525 532 571 578 574 553 538 535 551 550 554 562 569 570 554 562 548 588 590 598 580 580 582 559 581 564 567 529 503 584 570 543 529 536 546 532 549 563 570 564 579 580 584 551 581 575 566 557 541 585 596 591 553 569 582 583 584 536 539 560 553 548 570 555 556 557 561 553 544 563 518 581 578 547 565 564 556 550 531 544 527 552 561 583 571 560 549 553 553 574 590 578 549 553 599 602 597 577 541 526 553 569 546 532 540 535 556 585 549 565 573 615 578 538 550 534 569 557 546 538 534 573 570 578 586 563 556 577 559 549 585 556 582 549 526 565 570 579 568 545 556 574 522 532 523 544 558 578 566 605 598 567 590 566 587 562 569 591 575 546 534 527 500 531 590 584 598 601 568 536 524 528 537 558 585 533 542 566 571 571 556 572 581 552 539 536 538 546 584 581 544 550 529 561 572 549 521 521 540 561 568 584 551 589 559 548 535 546 544 522 513 540 563 578 598 618 584 565 544 524 556 567 577 566 538 563 572 505 516 568 553 518 540 558 562 613 608 578 579 556 528 554 532 523 546 562 580 565 581 586 571 565 556 572 532 539 560 589 591 569 540 572 598 597 585 553 557 565 575 561 536 556 580 556 558 582 527 536 548 548 563 540 560 533 560 541 551 574 558 545 506 513 524 510 528 561 576 580 551 559 520 534 547 551 542 546 529 560 605 560 544 561 592 560 555 542 583 593 570 543 544 559 541 531 530 497 508 512 516 546 608 561 546 546 526 541 566 564 589 564 555 562 555 557 534 561 564 561 554 566 546 564 567 545 542 568 575 553 547 508 543 549 575 572 561 600 602 573 575 536 535 554 547 566 579 556 569 548 558 547 552 524 547 547 555 548 555 583 594 582 537 575 602 568 576 558 557 541 524 517 553 567 579 587 592 578 541 530 536 541 516 527 511 517 513 482 519 532 552 
vem trace:

stid: 341
spdistance: 1140
radio trace:
527 504 543 543 535 529 546 515 519 515 528 547 574 554 539 529 562 578 576 549 546 541 550 536 564 571 595 508 479 488 539 564 542 534 537 564 546 564 593 593 537 557 538 548 565 539 562 534 516 516 514 518 530 502 500 520 519 541 574 563 527 526 544 580 572 520 489 531 553 556 562 566 540 539 555 530 524 551 547 546 544 546 539 543 519 540 535 514 552 576 557 554 538 526 535 528 508 565 572 557 569 560 549 596 606 600 561 521 508 534 524 518 531 555 531 507 532 592 604 533 494 532 551 553 590 568 587 584 603 571 522 549 541 520 527 552 575 554 554 539 537 513 520 528 539 553 554 551 539 531 553 571 528 555 634 579 567 531 582 578 579 586 581 536 540 523 516 539 572 537 506 502 530 567 580 565 554 521 511 532 539 528 527 574 557 509 465 483 504 526 565 578 515 500 525 556 527 486 487 511 504 481 522 526 536 542 543 519 495 556 576 585 537 504 524 565 533 565 529 531 523 537 523 533 475 499 553 529 510 492 535 514 507 544 557 561 576 554 532 546 520 545 555 532 520 576 586 581 535 521 536 566 538 526 510 512 537 536 574 563 519 513 536 517 525 568 550 540 561 518 514 518 525 541 541 535 550 581 545 538 548 545 522 514 544 562 566 596 603 628 595 549 505 555 587 565 560 584 570 518 509 525 551 564 516 531 506 513 570 540 552 589 555 522 510 496 513 491 483 501 544 522 530 535 533 538 548 566 561 501 513 553 581 590 518 513 557 543 546 541 529 540 510 517 450 470 518 520 548 557 576 586 587 583 542 533 569 603 556 534 560 543 537 532 500 496 514 530 519 512 538 599 577 555 558 535 543 536 569 556 547 561 559 538 505 514 504 540 553 538 561 541 531 564 587 610 546 502 507 480 484 498 538 553 502 479 498 501 508 524 518 548 573 597 551 543 541 574 564 550 553 551 550 547 548 533 513 466 586 582 575 585 574 557 540 522 520 535 537 551 582 550 540 515 527 500 505 564 535 502 524 561 567 535 535 541 531 534 533 498 505 566 542 548 517 527 519 543 558 552 559 537 584 571 551 562 538 528 555 531 492 485 480 503 503 529 536 539 525 542 551 527 532 548 518 519 546 487 497 508 537 523 550 532 530 500 506 522 511 523 561 532 517 518 510 528 535 537 516 517 525 511 518 505 512 558 576 550 544 562 539 478 503 514 536 553 567 530 549 547 520 502 525 576 547 490 463 478 534 532 552 554 537 520 536 542 517 540 541 536 529 556 534 531 559 526 503 509 553 532 539 512 485 510 531 562 532 527 569 529 531 547 513 509 527 557 537 541 560 542 521 541 543 528 532 505 548 537 555 559 571 625 615 541 496 498 554 568 568 570 556 582 589 591 556 537 526 527 569 547 546 521 575 528 504 516 535 549 519 525 510 524 544 537 553 588 535 527 510 528 541 540 516 514 515 543 566 528 578 553 508 499 535 544 555 537 557 629 608 600 591 595 583 574 600 576 568 561 551 550 585 571 577 535 545 607 569 535 525 517 479 494 502 521 515 491 520 519 504 556 559 570 582 533 508 532 531 560 538 544 524 549 556 539 499 526 545 573 575 566 540 540 541 533 522 515 493 486 480 524 540 541 529 519 518 537 565 508 500 529 540 530 516 533 535 511 554 477 500 554 560 517 512 497 499 514 511 527 567 552 527 542 511 519 541 528 504 494 532 523 516 505 507 519 529 555 569 558 
vem trace:

stid: 341
spdistance: 1140
radio trace:
527 504 543 543 535 529 546 515 519 515 528 547 574 554 539 529 562 578 576 549 546 541 550 536 564 571 595 508 479 488 539 564 542 534 537 564 546 564 593 593 537 557 538 548 565 539 562 534 516 516 514 518 530 502 500 520 519 541 574 563 527 526 544 580 572 520 489 531 553 556 562 566 540 539 555 530 524 551 547 546 544 546 539 543 519 540 535 514 552 576 557 554 538 526 535 528 508 565 572 557 569 560 549 596 606 600 561 521 508 534 524 518 531 555 531 507 532 592 604 533 494 532 551 553 590 568 587 584 603 571 522 549 541 520 527 552 575 554 554 539 537 513 520 528 539 553 554 551 539 531 553 571 528 555 634 579 567 531 582 578 579 586 581 536 540 523 516 539 572 537 506 502 530 567 580 565 554 521 511 532 539 528 527 574 557 509 465 483 504 526 565 578 515 500 525 556 527 486 487 511 504 481 522 526 536 542 543 519 495 556 576 585 537 504 524 565 533 565 529 531 523 537 523 533 475 499 553 529 510 492 535 514 507 544 557 561 576 554 532 546 520 545 555 532 520 576 586 581 535 521 536 566 538 526 510 512 537 536 574 563 519 513 536 517 525 568 550 540 561 518 514 518 525 541 541 535 550 581 545 538 548 545 522 514 544 562 566 596 603 628 595 549 505 555 587 565 560 584 570 518 509 525 551 564 516 531 506 513 570 540 552 589 555 522 510 496 513 491 483 501 544 522 530 535 533 538 548 566 561 501 513 553 581 590 518 513 557 543 546 541 529 540 510 517 450 470 518 520 548 557 576 586 587 583 542 533 569 603 556 534 560 543 537 532 500 496 514 530 519 512 538 599 577 555 558 535 543 536 569 556 547 561 559 538 505 514 504 540 553 538 561 541 531 564 587 610 546 502 507 480 484 498 538 553 502 479 498 501 508 524 518 548 573 597 551 543 541 574 564 550 553 551 550 547 548 533 513 466 586 582 575 585 574 557 540 522 520 535 537 551 582 550 540 515 527 500 505 564 535 502 524 561 567 535 535 541 531 534 533 498 505 566 542 548 517 527 519 543 558 552 559 537 584 571 551 562 538 528 555 531 492 485 480 503 503 529 536 539 525 542 551 527 532 548 518 519 546 487 497 508 537 523 550 532 530 500 506 522 511 523 561 532 517 518 510 528 535 537 516 517 525 511 518 505 512 558 576 550 544 562 539 478 503 514 536 553 567 530 549 547 520 502 525 576 547 490 463 478 534 532 552 554 537 520 536 542 517 540 541 536 529 556 534 531 559 526 503 509 553 532 539 512 485 510 531 562 532 527 569 529 531 547 513 509 527 557 537 541 560 542 521 541 543 528 532 505 548 537 555 559 571 625 615 541 496 498 554 568 568 570 556 582 589 591 556 537 526 527 569 547 546 521 575 528 504 516 535 549 519 525 510 524 544 537 553 588 535 527 510 528 541 540 516 514 515 543 566 528 578 553 508 499 535 544 555 537 557 629 608 600 591 595 583 574 600 576 568 561 551 550 585 571 577 535 545 607 569 535 525 517 479 494 502 521 515 491 520 519 504 556 559 570 582 533 508 532 531 560 538 544 524 549 556 539 499 526 545 573 575 566 540 540 541 533 522 515 493 486 480 524 540 541 529 519 518 537 565 508 500 529 540 530 516 533 535 511 554 477 500 554 560 517 512 497 499 514 511 527 567 552 527 542 511 519 541 528 504 494 532 523 516 505 507 519 529 555 569 558 
vem trace:

