SDId: 34703572
energy: 1.59395e+18
zenith: 0.845268
azimuth: 4.98845
GPSSeconc: 1126507733
stid: 341
spdistance: 850.011
radio trace:
498 460 478 482 524 471 455 439 469 429 434 430 483 517 501 497 461 477 492 501 485 493 478 503 490 518 501 521 507 458 473 498 474 488 510 519 497 506 522 507 512 519 524 512 514 514 503 472 429 442 454 442 441 471 507 517 549 525 501 470 501 514 536 529 477 490 508 516 516 500 488 501 479 466 479 532 513 489 485 497 488 492 486 496 504 470 494 493 465 444 438 451 447 474 487 491 521 503 471 467 489 515 471 464 506 483 512 497 487 483 478 455 444 472 500 502 479 471 467 499 463 453 514 505 514 485 445 500 480 485 534 542 514 498 500 528 526 507 491 470 434 425 439 476 480 472 475 509 529 522 488 484 469 492 513 479 510 495 501 515 494 529 555 553 532 515 514 535 525 465 413 428 455 491 508 494 449 430 446 459 494 511 468 502 499 492 501 510 469 478 477 481 441 460 473 493 468 430 429 473 471 465 484 492 499 469 461 447 468 485 491 503 504 504 481 469 477 474 504 501 502 493 501 498 526 508 514 479 476 482 495 486 500 536 529 498 502 522 509 497 504 482 460 464 497 537 511 471 480 503 519 505 488 467 472 465 482 464 492 526 527 484 511 489 511 527 552 517 482 453 462 473 480 485 483 501 467 522 548 515 493 483 502 541 546 527 494 496 494 505 488 493 486 539 494 453 442 464 471 500 489 485 523 486 489 555 551 527 504 488 476 480 473 463 459 471 491 489 484 495 509 526 508 523 533 505 489 496 494 469 505 514 491 504 506 502 481 459 509 480 485 487 467 490 533 527 499 512 552 511 481 462 457 469 482 468 500 517 526 540 531 533 498 460 482 499 454 456 482 484 492 497 478 514 479 431 458 472 438 485 496 461 459 478 479 462 515 469 482 470 477 494 439 437 469 492 476 479 502 482 512 476 464 483 504 510 510 533 503 476 483 519 547 519 520 543 463 435 458 493 471 483 443 495 503 523 495 490 487 507 526 490 484 458 456 492 493 521 551 573 552 531 523 529 446 448 473 495 535 514 485 511 513 484 493 471 517 515 514 478 450 509 516 497 442 455 446 415 445 493 529 498 506 533 479 484 482 520 543 533 490 493 470 497 542 498 471 461 465 452 439 463 513 547 520 440 474 492 495 488 504 548 534 549 547 515 515 504 497 444 441 459 478 518 530 507 507 496 489 465 499 477 460 455 449 496 502 485 484 480 511 539 494 486 506 486 519 511 479 483 496 481 499 523 514 478 474 479 514 495 481 493 493 481 517 497 500 510 522 536 507 495 498 487 485 472 469 488 466 453 457 487 474 439 446 512 508 505 489 511 496 497 496 516 510 514 484 496 485 503 500 504 501 521 508 476 468 466 449 427 410 431 472 459 505 512 514 519 526 515 469 523 547 492 503 500 487 478 484 510 498 489 504 481 489 496 474 493 506 507 510 486 481 500 470 515 506 488 465 480 479 456 456 473 496 499 507 490 478 503 442 451 470 473 499 459 473 469 497 491 514 468 466 494 453 470 466 452 449 454 493 522 508 512 500 496 524 525 509 475 498 504 498 504 486 487 541 567 556 514 495 484 452 465 476 474 489 467 478 478 442 457 450 466 487 514 503 488 509 503 489 508 549 515 492 531 518 503 488 490 516 463 494 466 470 466 453 436 459 457 488 467 495 445 471 493 509 510 502 517 527 508 535 472 464 467 519 544 493 491 500 466 464 467 468 470 466 448 494 524 501 493 536 525 495 499 505 506 
vem trace:

stid: 341
spdistance: 850.011
radio trace:
498 460 478 482 524 471 455 439 469 429 434 430 483 517 501 497 461 477 492 501 485 493 478 503 490 518 501 521 507 458 473 498 474 488 510 519 497 506 522 507 512 519 524 512 514 514 503 472 429 442 454 442 441 471 507 517 549 525 501 470 501 514 536 529 477 490 508 516 516 500 488 501 479 466 479 532 513 489 485 497 488 492 486 496 504 470 494 493 465 444 438 451 447 474 487 491 521 503 471 467 489 515 471 464 506 483 512 497 487 483 478 455 444 472 500 502 479 471 467 499 463 453 514 505 514 485 445 500 480 485 534 542 514 498 500 528 526 507 491 470 434 425 439 476 480 472 475 509 529 522 488 484 469 492 513 479 510 495 501 515 494 529 555 553 532 515 514 535 525 465 413 428 455 491 508 494 449 430 446 459 494 511 468 502 499 492 501 510 469 478 477 481 441 460 473 493 468 430 429 473 471 465 484 492 499 469 461 447 468 485 491 503 504 504 481 469 477 474 504 501 502 493 501 498 526 508 514 479 476 482 495 486 500 536 529 498 502 522 509 497 504 482 460 464 497 537 511 471 480 503 519 505 488 467 472 465 482 464 492 526 527 484 511 489 511 527 552 517 482 453 462 473 480 485 483 501 467 522 548 515 493 483 502 541 546 527 494 496 494 505 488 493 486 539 494 453 442 464 471 500 489 485 523 486 489 555 551 527 504 488 476 480 473 463 459 471 491 489 484 495 509 526 508 523 533 505 489 496 494 469 505 514 491 504 506 502 481 459 509 480 485 487 467 490 533 527 499 512 552 511 481 462 457 469 482 468 500 517 526 540 531 533 498 460 482 499 454 456 482 484 492 497 478 514 479 431 458 472 438 485 496 461 459 478 479 462 515 469 482 470 477 494 439 437 469 492 476 479 502 482 512 476 464 483 504 510 510 533 503 476 483 519 547 519 520 543 463 435 458 493 471 483 443 495 503 523 495 490 487 507 526 490 484 458 456 492 493 521 551 573 552 531 523 529 446 448 473 495 535 514 485 511 513 484 493 471 517 515 514 478 450 509 516 497 442 455 446 415 445 493 529 498 506 533 479 484 482 520 543 533 490 493 470 497 542 498 471 461 465 452 439 463 513 547 520 440 474 492 495 488 504 548 534 549 547 515 515 504 497 444 441 459 478 518 530 507 507 496 489 465 499 477 460 455 449 496 502 485 484 480 511 539 494 486 506 486 519 511 479 483 496 481 499 523 514 478 474 479 514 495 481 493 493 481 517 497 500 510 522 536 507 495 498 487 485 472 469 488 466 453 457 487 474 439 446 512 508 505 489 511 496 497 496 516 510 514 484 496 485 503 500 504 501 521 508 476 468 466 449 427 410 431 472 459 505 512 514 519 526 515 469 523 547 492 503 500 487 478 484 510 498 489 504 481 489 496 474 493 506 507 510 486 481 500 470 515 506 488 465 480 479 456 456 473 496 499 507 490 478 503 442 451 470 473 499 459 473 469 497 491 514 468 466 494 453 470 466 452 449 454 493 522 508 512 500 496 524 525 509 475 498 504 498 504 486 487 541 567 556 514 495 484 452 465 476 474 489 467 478 478 442 457 450 466 487 514 503 488 509 503 489 508 549 515 492 531 518 503 488 490 516 463 494 466 470 466 453 436 459 457 488 467 495 445 471 493 509 510 502 517 527 508 535 472 464 467 519 544 493 491 500 466 464 467 468 470 466 448 494 524 501 493 536 525 495 499 505 506 
vem trace:

stid: 332
spdistance: 1441.25
radio trace:
524 566 549 553 553 541 541 510 515 552 552 545 522 553 564 563 564 552 555 555 547 522 506 477 492 512 487 533 574 588 584 549 537 517 536 555 562 573 565 540 545 524 542 535 560 567 542 537 536 533 512 530 541 534 539 544 517 528 515 526 504 512 568 547 531 520 521 527 544 543 586 535 562 536 543 533 560 572 568 538 509 512 532 528 538 515 547 534 554 572 551 533 557 547 586 581 533 534 573 562 540 515 526 536 549 552 498 498 521 519 535 543 544 532 516 512 544 539 507 516 530 494 520 512 522 542 540 531 531 562 548 536 537 528 520 533 532 539 555 544 505 505 503 529 535 507 534 532 556 559 562 546 532 509 525 510 530 568 594 579 581 564 533 526 569 578 564 546 568 532 529 522 534 533 528 527 503 518 523 536 527 528 521 544 526 551 552 563 544 546 539 531 530 512 524 550 563 577 562 542 575 566 572 543 562 533 512 472 500 540 493 508 543 541 538 548 552 541 541 574 551 548 538 500 513 493 533 529 516 508 524 516 498 509 518 514 540 534 477 514 525 555 587 589 571 574 564 542 517 534 527 521 492 541 572 596 577 551 510 528 539 552 545 545 514 498 471 497 541 575 551 562 522 556 531 529 513 532 557 544 538 526 536 541 532 528 513 515 553 574 561 533 521 522 539 518 528 505 528 540 543 519 520 500 503 477 492 524 574 573 532 554 546 529 529 516 558 541 548 524 507 490 520 490 479 510 512 549 577 593 592 567 582 533 516 524 547 557 557 580 570 569 552 574 529 500 531 532 546 556 570 543 550 587 593 596 560 556 533 540 518 530 562 526 540 542 548 547 538 599 590 582 576 580 556 553 548 548 575 565 531 502 501 513 533 575 558 518 519 533 523 531 525 522 536 536 560 564 545 594 557 528 548 539 568 546 531 530 497 509 520 512 534 512 519 536 569 532 566 526 510 518 553 565 529 526 514 499 501 562 557 562 556 532 517 530 547 557 570 553 543 553 517 518 536 530 544 555 570 561 535 555 566 559 563 564 549 573 607 550 534 564 594 578 593 536 525 562 598 577 556 516 509 521 526 516 518 539 574 576 556 531 522 500 521 546 511 533 538 541 482 521 487 494 487 500 504 543 551 537 508 532 579 548 588 534 548 530 533 539 528 564 555 524 542 557 531 521 552 569 551 538 522 550 563 585 573 568 581 545 525 538 548 536 508 538 555 555 545 545 582 556 514 522 543 560 517 519 549 533 553 580 559 534 504 560 544 527 550 528 505 527 513 518 558 540 558 565 562 568 559 588 585 575 574 571 585 560 553 533 555 570 587 568 544 544 571 545 546 515 537 544 502 500 555 544 537 532 527 531 518 477 560 580 571 520 535 545 540 519 520 544 561 562 535 533 501 550 557 522 550 557 550 548 592 590 560 584 547 540 524 508 509 508 536 519 518 543 539 554 546 574 555 542 565 535 553 552 559 581 553 561 527 514 503 528 519 494 558 508 525 526 558 544 535 532 544 558 537 553 539 524 542 542 517 531 517 513 511 559 558 545 521 546 518 543 541 556 526 539 517 474 500 518 531 535 554 534 564 579 582 583 555 527 525 529 542 539 501 537 550 554 511 547 550 555 513 490 505 518 544 535 518 518 523 516 531 525 556 527 526 504 531 534 518 563 557 552 573 604 606 570 556 543 519 525 525 540 542 507 529 487 523 560 557 529 509 481 520 532 537 546 558 534 497 523 553 523 
vem trace:

