SDId: 34566005
energy: 2.56398e+17
zenith: 0.661771
azimuth: 3.29275
GPSSeconc: 1125719834
stid: 342
spdistance: 734.604
radio trace:
430 413 388 417 429 432 419 449 438 449 452 459 454 412 389 357 381 398 393 401 379 389 415 407 408 401 402 415 443 428 438 443 428 409 416 404 422 420 386 395 402 419 425 428 397 369 344 409 405 411 406 390 363 384 381 378 401 417 432 407 380 382 384 335 370 367 392 398 391 405 421 434 387 387 415 410 426 408 373 384 427 399 398 411 386 402 408 408 396 386 366 367 393 394 368 365 397 384 416 423 447 432 425 418 392 396 342 335 348 326 333 372 406 456 438 415 387 379 362 376 411 420 410 397 386 389 409 424 391 367 412 412 412 394 405 381 378 409 410 420 427 425 416 393 396 409 372 356 366 398 404 405 421 427 414 400 402 427 410 415 418 410 397 375 397 418 379 359 355 374 396 408 391 396 389 414 400 402 407 439 401 374 387 413 414 418 435 429 425 434 430 412 414 374 392 412 408 428 409 403 411 411 394 387 383 394 417 416 392 382 379 395 411 395 377 384 386 409 404 382 382 399 408 388 401 408 418 417 404 394 383 388 358 364 343 363 395 361 359 352 352 404 398 379 364 395 376 367 365 418 396 382 384 371 395 409 416 405 377 409 435 450 460 397 340 326 412 421 372 405 412 399 418 433 423 425 392 385 406 394 379 392 410 403 360 351 383 392 400 409 392 400 394 376 398 421 417 432 439 406 384 399 415 392 399 396 417 405 408 405 371 391 379 402 409 388 383 419 453 443 439 417 409 426 411 403 409 399 422 375 389 399 454 436 429 396 399 386 384 416 417 405 399 411 409 389 390 403 417 431 424 417 399 371 397 402 402 405 396 396 385 403 393 403 412 422 401 402 405 417 420 418 444 420 393 385 387 395 417 412 389 378 394 390 391 414 376 392 385 390 382 409 405 420 443 466 457 423 425 408 401 420 424 450 434 396 384 417 419 383 393 439 416 418 393 404 389 366 381 428 440 412 418 396 404 383 381 376 381 394 396 423 428 408 416 385 412 425 376 355 393 365 377 411 396 380 366 383 376 385 377 429 415 422 451 456 450 403 385 406 390 400 412 402 413 410 417 372 358 389 381 428 427 407 390 379 378 370 391 385 377 392 418 402 377 359 349 372 390 415 421 415 423 445 410 397 411 390 357 345 357 371 397 399 385 389 371 356 415 392 413 421 413 422 368 367 381 411 409 417 407 428 408 379 358 369 377 460 442 410 374 377 381 391 397 403 399 434 393 376 385 398 406 420 373 366 361 417 423 408 401 386 389 403 394 382 388 399 407 359 356 376 387 436 429 430 391 390 402 408 405 432 432 437 414 440 439 440 413 389 406 414 414 398 408 417 398 418 410 397 403 404 402 414 402 395 390 403 387 402 408 421 403 409 417 427 398 369 360 370 391 409 378 354 367 394 374 375 374 399 421 392 373 363 409 409 408 415 397 367 415 433 442 416 354 348 396 354 371 391 395 388 421 406 381 398 395 356 344 387 379 385 381 372 388 391 382 387 375 377 377 435 403 396 407 397 406 407 403 411 416 411 390 391 417 417 410 414 411 362 376 397 370 404 420 410 396 410 422 427 436 412 384 412 416 389 441 451 443 449 429 418 416 419 410 403 393 425 404 393 418 406 417 397 404 408 394 396 389 377 377 420 424 412 401 413 436 424 376 391 422 424 385 403 395 350 352 370 376 393 386 371 371 393 405 419 429 417 404 393 391 383 372 417 405 399 393 403 447 431 408 412 416 402 403 388 370 392 
vem trace:

stid: 419
spdistance: 1073.79
radio trace:
379 404 410 438 431 439 450 406 414 434 398 426 484 470 458 483 485 488 483 469 478 470 440 411 432 423 456 475 432 453 443 441 416 436 445 395 424 435 461 443 435 451 433 400 424 439 454 462 433 406 453 430 435 393 433 463 502 485 541 510 503 467 455 464 424 428 433 437 417 451 487 453 482 461 480 476 456 437 427 406 394 403 430 453 480 488 440 429 463 467 472 498 456 414 458 419 434 459 463 424 377 390 434 416 437 405 348 382 455 444 442 421 413 440 465 481 465 417 431 449 434 403 455 422 431 430 439 456 461 492 492 528 482 484 412 399 410 402 436 458 488 475 429 438 465 427 440 469 458 442 438 456 479 487 452 444 448 442 415 442 472 462 491 447 428 441 490 458 404 404 431 425 417 408 392 430 450 435 428 479 470 463 445 394 429 478 494 486 424 436 462 436 463 481 506 506 429 420 458 451 458 434 415 401 414 433 396 418 411 417 443 418 467 482 457 472 467 450 441 428 420 449 440 427 427 439 473 493 482 474 475 442 422 459 433 445 494 462 463 509 461 470 426 461 468 465 441 425 464 465 424 400 419 438 441 475 509 462 445 484 511 464 413 418 442 443 449 459 448 499 507 468 401 396 442 457 448 477 460 470 428 429 424 409 437 493 425 435 481 447 464 466 431 448 435 441 476 483 459 462 488 474 506 459 457 457 457 472 475 429 397 450 471 429 457 497 458 429 423 450 415 459 470 451 473 454 461 519 481 428 475 485 428 431 456 501 496 455 454 503 469 389 382 409 428 431 456 479 495 510 440 455 424 393 448 415 453 441 395 414 441 445 468 468 434 417 432 431 459 455 445 427 426 402 452 470 448 411 421 430 450 460 473 470 455 472 471 499 500 497 469 439 435 452 444 452 470 465 480 457 450 480 488 501 488 509 450 429 410 427 424 413 406 435 456 454 432 448 477 452 457 451 467 478 465 465 424 432 456 442 457 468 402 428 422 411 383 434 431 430 412 421 460 467 495 461 434 440 445 435 454 500 509 455 465 422 447 452 464 454 436 452 470 439 452 447 412 453 523 479 478 469 439 379 415 404 403 459 475 502 460 439 463 430 472 485 468 464 468 447 453 455 463 503 466 451 431 451 490 475 479 465 431 434 438 401 400 423 412 430 458 465 471 455 471 463 489 474 439 467 454 451 454 451 453 440 466 482 476 413 415 451 453 439 436 413 414 417 418 446 478 461 440 446 429 422 467 475 485 447 451 437 454 469 471 491 479 474 441 464 467 444 425 380 417 441 424 441 458 432 374 387 445 454 431 398 414 418 440 433 395 389 402 417 413 451 465 468 440 440 438 471 499 486 444 386 377 429 457 458 451 446 440 454 448 466 463 451 451 476 423 429 441 450 458 451 458 493 451 462 497 494 471 477 438 441 410 456 469 476 466 480 459 403 420 468 504 494 481 499 511 482 494 539 469 473 470 459 444 425 463 467 472 436 465 457 465 471 454 472 430 425 467 489 486 476 466 451 426 485 448 386 409 417 468 454 453 442 467 497 507 460 440 454 444 484 487 435 434 461 494 472 441 445 427 401 378 394 393 372 393 434 473 467 413 440 462 477 442 437 438 461 456 449 441 463 497 487 472 482 449 466 485 511 492 449 465 475 456 449 483 459 441 448 440 406 409 426 452 447 448 448 486 518 543 547 545 475 472 449 433 453 483 465 461 482 491 480 470 475 499 469 436 435 459 437 442 443 
vem trace:

