SDId: 34835780
energy: 2.07673e+17
zenith: 0.358497
azimuth: 1.5564
GPSSeconc: 1127311544
stid: 332
spdistance: 640.888
radio trace:
538 556 571 571 591 576 566 568 500 509 540 538 559 527 518 541 573 552 527 520 518 546 595 601 581 585 562 534 517 515 501 504 539 569 573 552 547 548 489 522 556 533 518 535 561 562 548 569 531 520 510 510 536 545 574 580 546 527 514 573 545 512 509 536 551 554 594 578 549 543 525 517 523 527 554 548 549 580 542 578 578 542 553 534 522 499 538 524 536 528 552 551 563 556 536 550 569 561 543 556 518 498 543 528 515 518 546 534 519 531 536 529 534 555 574 552 553 584 589 552 557 538 572 572 542 560 534 540 537 539 519 536 540 542 544 510 543 574 559 568 541 544 524 565 570 577 534 504 486 485 525 534 537 553 554 525 526 540 516 546 559 528 517 540 575 546 552 530 532 559 543 594 582 535 492 515 543 531 537 540 497 507 525 539 557 540 536 529 552 547 569 576 591 564 513 531 498 554 580 580 542 556 532 518 549 551 549 548 550 544 527 514 528 539 537 570 558 530 499 509 565 588 565 545 524 523 505 515 483 491 510 518 496 527 548 550 516 536 563 548 501 524 527 541 524 525 533 515 522 541 524 560 570 559 564 549 541 505 501 534 533 536 529 498 531 513 525 540 568 551 583 596 598 599 583 579 555 551 546 525 482 524 489 508 569 575 552 564 548 560 558 537 519 503 493 526 545 551 591 568 541 558 558 532 528 526 509 524 554 557 555 570 576 548 541 539 508 478 480 483 510 536 545 560 560 537 541 532 548 538 544 532 547 572 581 572 540 528 508 514 531 533 577 589 551 525 578 549 533 551 576 576 552 531 496 525 522 540 545 551 520 496 535 536 497 480 485 530 536 570 544 536 556 529 535 550 514 510 514 532 502 527 541 525 549 565 552 554 544 534 543 569 538 549 537 505 569 498 507 526 568 538 511 516 525 542 569 556 565 526 528 556 566 544 540 514 542 563 548 529 545 546 546 516 531 527 535 562 579 534 566 579 566 544 522 524 546 552 540 520 553 540 549 541 532 535 530 534 536 491 510 526 501 531 535 571 563 546 507 520 549 546 517 510 537 521 516 505 534 558 530 512 518 538 531 560 558 553 520 545 509 531 545 567 541 540 522 516 544 534 515 547 538 576 561 538 528 525 507 522 523 532 571 568 596 566 548 548 564 565 592 545 544 589 597 587 537 521 537 537 538 549 537 534 537 559 567 546 553 541 525 531 536 533 557 584 563 587 535 523 577 558 543 517 525 543 532 552 539 528 545 567 552 526 565 570 541 544 540 554 537 517 522 543 540 528 502 492 517 525 523 512 517 536 554 557 531 560 555 529 530 561 556 570 561 530 522 524 516 499 517 521 528 546 523 496 491 522 551 565 561 537 535 508 498 540 532 551 546 529 530 515 489 539 561 512 510 538 511 524 533 552 576 568 559 561 566 557 527 534 511 513 490 502 520 530 545 542 555 535 574 526 533 527 521 533 512 512 555 541 555 549 550 553 555 549 575 541 518 573 560 524 497 498 502 520 541 521 514 526 512 545 541 559 577 572 540 517 536 562 580 550 550 527 524 510 517 540 528 583 545 510 563 566 559 525 541 523 546 530 549 537 519 514 509 538 522 532 543 529 489 504 508 515 536 509 518 508 520 526 527 547 525 543 537 528 525 541 572 580 582 543 538 514 507 538 525 529 555 540 515 533 540 539 532 523 513 552 556 547 554 538 550 551 575 562 546 549 541 523 532 538 557 555 561 605 546 545 
vem trace:

stid: 333
spdistance: 1404.03
radio trace:
413 425 428 452 463 476 497 479 462 481 448 449 425 425 441 447 418 421 423 420 451 451 393 407 407 404 419 424 460 422 439 422 432 444 438 387 415 434 438 446 467 440 423 428 408 423 460 486 462 452 451 470 445 489 465 456 469 440 455 480 501 468 460 473 456 448 431 432 451 422 450 457 460 448 414 408 418 456 440 437 418 424 445 446 463 507 511 477 439 468 478 457 458 466 474 461 430 438 444 465 428 457 453 450 442 458 434 449 453 436 467 452 458 495 479 451 452 446 450 463 466 445 458 457 479 485 465 489 485 494 466 443 458 459 461 457 452 470 493 456 461 427 431 428 425 458 472 459 445 434 468 491 480 478 465 444 436 430 453 473 451 479 491 464 441 439 457 489 475 462 454 444 415 427 409 446 466 455 435 448 449 443 449 444 464 467 496 493 474 466 445 427 386 388 449 447 422 435 452 430 455 494 485 481 452 438 416 440 450 443 422 446 442 476 442 414 417 404 431 459 438 451 462 439 468 509 491 478 475 452 469 480 481 466 470 456 443 481 457 437 447 460 442 457 436 472 450 438 437 434 431 461 492 511 462 464 455 442 397 417 444 456 468 488 432 437 476 485 466 485 480 466 444 475 473 446 429 445 455 447 459 464 463 448 466 450 453 442 442 426 441 459 450 449 489 491 466 445 430 429 444 463 432 452 446 444 406 451 429 422 421 424 441 452 464 477 477 494 504 436 431 438 463 424 453 465 476 457 447 469 470 473 477 472 468 453 440 438 441 437 439 460 425 422 392 393 434 498 463 440 463 463 454 453 433 450 456 438 418 414 429 422 435 430 459 462 461 483 466 429 421 400 375 402 424 434 456 471 468 475 447 413 450 461 461 451 450 437 451 434 413 425 428 424 462 481 490 484 464 437 448 461 431 406 406 427 419 429 439 450 485 496 455 431 439 447 467 469 445 443 435 440 446 413 415 430 428 439 470 494 479 439 416 424 425 421 442 429 399 417 451 459 468 447 449 478 478 475 433 432 429 460 467 462 469 443 425 430 440 491 481 462 486 453 465 482 454 464 446 468 431 410 425 434 448 499 477 465 487 465 421 436 405 431 438 461 442 463 453 481 467 458 468 478 477 471 453 452 407 427 447 421 416 413 410 445 472 459 418 442 434 453 467 430 414 413 435 455 465 443 421 393 424 444 450 452 487 461 449 433 447 450 442 434 442 449 448 469 460 475 454 425 384 423 463 495 471 450 467 471 439 440 445 438 449 474 441 420 441 437 447 448 407 437 460 443 462 469 478 465 455 422 428 402 443 497 494 476 506 499 491 463 469 506 497 456 483 469 463 426 437 451 433 454 458 447 467 493 486 489 450 432 451 409 378 396 457 467 433 400 408 447 461 437 453 422 420 451 455 448 456 469 477 454 489 513 455 471 449 482 466 459 446 439 440 420 462 479 485 460 439 452 478 489 456 458 452 480 441 467 470 461 449 493 514 493 410 413 458 474 476 447 443 482 480 455 452 432 432 463 468 469 474 455 449 465 463 482 469 416 426 430 440 477 462 423 438 466 461 442 416 423 447 434 431 449 458 453 438 413 416 428 432 439 450 449 464 509 465 455 466 463 428 405 418 417 408 419 391 384 426 460 470 471 421 430 435 411 437 408 410 451 484 502 490 489 474 449 465 457 458 478 464 449 480 495 467 471 452 447 424 463 458 464 474 470 465 480 454 444 457 448 442 450 451 443 443 426 
vem trace:

