SDId: 34791865
energy: 8.54112e+17
zenith: 0.757317
azimuth: 1.60059
GPSSeconc: 1127030273
stid: 342
spdistance: 539.829
radio trace:
436 423 434 432 408 448 471 444 469 475 469 465 431 438 435 402 385 377 380 417 434 449 464 441 447 431 416 449 420 430 443 386 436 453 422 405 441 408 423 441 444 439 401 416 440 456 461 450 467 458 462 472 432 443 432 414 379 408 411 424 420 414 427 451 443 428 438 434 441 436 459 408 410 414 440 427 421 417 397 396 396 432 449 430 425 463 479 427 404 401 426 440 441 442 437 448 473 473 465 448 458 456 463 453 442 435 413 410 439 437 417 418 439 454 465 454 428 375 371 403 420 430 441 430 404 389 399 444 439 447 444 423 417 448 424 404 397 425 436 428 420 426 436 423 420 424 420 429 441 409 430 428 428 454 438 437 441 455 456 451 459 435 443 452 436 440 450 447 421 422 436 419 429 453 449 424 414 399 444 441 426 412 391 424 446 440 434 405 401 406 421 441 449 450 407 422 467 452 442 460 418 418 465 484 486 460 391 387 385 423 416 425 427 424 412 399 442 459 464 479 448 448 421 453 467 409 400 416 413 427 451 451 416 427 424 450 439 452 425 441 432 430 426 419 424 429 420 424 436 434 446 448 454 452 401 399 390 437 442 443 411 400 426 456 437 411 436 469 451 422 420 445 439 416 392 396 431 423 411 431 414 429 429 434 437 433 441 438 448 443 447 429 419 420 430 418 457 441 437 403 414 421 445 431 451 457 479 478 463 440 451 461 451 443 442 459 456 470 428 425 407 394 403 413 424 459 435 451 456 475 478 444 420 419 425 442 460 468 443 455 430 398 421 393 394 398 400 405 436 431 430 432 433 438 427 454 474 441 414 379 402 392 417 438 455 438 422 457 474 453 464 420 420 427 415 447 459 472 470 465 458 464 443 453 462 447 462 453 444 451 474 472 435 407 403 409 452 463 451 452 447 432 422 418 402 435 440 473 434 424 425 439 434 421 389 383 436 447 472 493 487 443 426 412 404 427 445 483 487 454 473 457 457 418 400 395 425 439 396 418 442 440 417 436 450 438 434 446 412 403 392 400 440 461 452 466 458 424 416 414 419 441 466 400 419 398 409 464 481 497 470 445 454 451 447 432 426 413 398 409 382 407 459 471 439 428 431 451 436 441 449 480 500 468 439 429 442 443 437 417 411 427 445 412 432 432 441 459 455 462 430 407 428 439 441 419 378 388 394 429 408 419 449 431 433 433 466 450 440 455 437 427 425 391 430 460 446 412 416 429 437 403 403 439 463 442 440 432 445 451 440 442 454 461 471 450 420 427 440 436 421 445 411 421 432 444 473 500 496 463 431 404 421 433 436 445 429 409 406 428 439 434 449 440 443 440 450 412 412 400 399 412 392 399 418 444 426 433 415 423 423 418 400 413 441 442 442 430 431 465 447 434 452 427 415 424 463 494 496 443 417 443 438 418 404 385 428 441 477 478 441 452 445 437 475 482 468 457 426 417 397 412 389 407 410 442 439 417 431 428 427 411 418 413 393 405 410 403 430 412 412 434 432 412 419 410 412 416 447 449 445 464 468 447 437 420 411 399 418 412 404 435 447 477 465 445 441 455 435 441 420 426 422 409 416 443 427 426 430 437 431 447 440 464 487 449 468 477 458 453 452 436 447 451 471 465 453 444 457 432 472 456 436 402 413 405 412 419 426 435 448 431 456 468 437 425 426 440 454 419 432 462 442 422 416 445 475 449 442 453 430 448 444 425 454 435 407 419 461 435 432 440 474 479 441 435 436 436 
vem trace:

stid: 332
spdistance: 753.523
radio trace:
565 550 533 545 539 535 559 549 522 547 563 584 560 543 523 549 519 508 523 532 556 543 555 534 532 530 532 545 577 566 552 522 480 493 525 524 545 556 569 558 553 526 545 550 550 541 540 559 533 520 514 458 480 504 535 520 537 508 512 515 534 560 562 547 549 532 517 543 530 521 547 553 528 486 535 546 536 542 563 570 538 554 529 534 535 551 527 510 525 498 496 517 520 514 534 508 494 508 534 490 492 501 544 523 491 501 505 511 532 511 512 512 529 556 567 532 502 513 540 542 516 508 532 543 585 558 543 536 506 508 527 515 534 525 506 547 556 573 505 500 513 570 549 549 547 512 493 507 463 511 517 543 523 529 561 531 474 527 545 546 540 529 526 546 536 526 487 503 526 530 551 556 538 556 532 545 551 542 534 528 520 520 544 525 500 504 503 537 568 532 534 550 561 553 582 559 543 513 497 528 531 520 520 549 547 551 547 549 520 535 520 514 470 480 508 529 564 594 587 526 540 530 528 508 510 526 506 498 536 516 523 501 522 528 495 513 515 522 516 528 596 593 585 573 561 573 544 519 510 503 533 499 493 518 484 516 495 480 509 525 530 533 510 512 520 525 526 523 540 549 553 546 558 560 546 551 519 518 545 523 512 531 556 533 542 543 526 554 578 561 539 539 507 497 504 488 497 503 533 523 535 546 558 559 541 517 550 539 534 504 528 511 526 526 515 526 523 520 525 551 536 552 551 538 492 478 524 554 537 513 492 501 489 490 551 530 526 526 530 538 501 503 525 572 546 546 574 569 541 512 546 530 516 517 553 536 524 542 513 540 510 486 506 515 515 514 527 494 486 501 541 555 543 535 532 509 504 518 561 535 544 552 536 540 547 538 511 522 518 511 506 550 520 516 527 501 535 522 511 518 503 511 558 513 517 507 490 506 522 543 549 550 549 543 537 505 549 558 563 545 513 514 537 546 527 527 528 525 500 525 526 550 522 534 548 568 542 543 520 508 533 540 502 532 529 542 554 540 549 561 546 573 576 558 537 527 523 535 541 515 569 529 508 494 518 517 485 525 524 535 523 520 531 542 553 577 550 555 552 548 528 534 561 566 582 585 558 538 538 515 524 512 524 526 544 511 475 502 544 556 577 556 513 493 503 516 540 550 555 586 535 534 526 519 528 531 507 531 519 502 507 502 491 501 497 469 478 507 538 560 559 546 552 552 540 496 508 549 553 546 523 536 551 506 499 458 514 547 556 557 549 546 528 505 503 530 524 542 521 552 529 538 539 528 526 539 544 525 486 479 489 529 532 533 546 520 497 512 539 529 525 527 482 544 536 546 516 521 529 531 524 529 525 526 539 545 535 540 565 570 616 575 534 511 532 530 508 510 554 568 547 539 509 529 559 570 545 559 548 530 540 528 551 549 561 580 570 524 514 491 495 482 489 539 564 530 568 560 543 517 515 513 505 541 593 564 567 573 520 506 524 547 544 517 528 547 529 514 516 526 535 513 507 546 550 541 528 523 525 481 518 543 530 525 531 556 532 526 517 524 530 535 543 569 577 559 547 525 500 480 502 502 499 538 525 517 510 543 532 520 532 544 531 523 516 538 531 514 522 499 501 540 501 527 503 515 551 552 531 514 538 527 523 541 512 515 513 553 550 532 513 525 554 544 530 499 495 533 564 534 550 587 561 544 530 503 521 526 536 542 539 506 490 496 474 533 559 581 533 487 504 507 522 533 553 525 544 520 
vem trace:

stid: 333
spdistance: 978.941
radio trace:
419 416 425 433 431 384 400 406 409 405 425 400 404 403 389 391 446 474 453 418 423 430 444 438 456 445 439 425 415 417 413 403 398 407 446 463 434 418 433 422 399 409 455 462 439 429 431 420 412 412 416 416 422 427 419 434 488 463 442 421 413 411 412 433 464 471 459 459 430 394 383 414 414 379 395 416 421 469 470 448 449 469 439 453 465 456 437 476 456 462 435 390 397 402 425 435 459 431 415 382 408 442 454 474 440 450 453 462 453 459 444 473 470 434 426 426 429 414 412 397 411 430 447 430 442 470 446 426 444 489 461 443 451 453 429 414 418 421 417 385 370 385 422 423 471 481 471 431 425 414 399 377 401 448 474 413 435 459 457 441 462 471 461 442 435 483 468 463 441 452 430 461 451 431 397 402 415 412 412 436 415 407 444 450 447 429 429 416 445 455 431 418 370 401 409 411 438 436 423 419 424 427 416 427 431 405 453 449 426 419 444 454 435 453 405 410 443 425 442 432 421 441 462 441 439 438 443 459 435 412 432 462 464 436 371 377 387 435 436 418 411 384 396 408 429 443 404 381 422 467 477 459 473 470 431 445 439 403 432 477 450 407 422 445 448 442 424 445 440 434 417 414 440 454 411 410 443 420 391 416 397 406 422 407 439 450 444 441 436 416 389 409 415 408 422 437 443 428 411 427 430 422 382 415 459 483 433 437 459 463 476 471 456 438 412 410 409 428 427 407 425 458 435 430 401 396 452 449 427 423 429 439 429 428 451 463 470 440 450 435 428 435 454 430 413 490 482 435 444 428 407 422 419 385 395 395 399 450 456 428 444 419 418 457 459 439 425 434 456 467 487 462 456 458 409 414 442 435 444 450 453 456 423 457 441 435 436 408 378 402 383 410 445 454 430 438 435 458 444 417 393 386 441 438 436 424 447 435 375 406 417 401 416 418 441 448 392 401 432 426 422 412 410 431 436 444 450 436 431 423 400 389 379 406 398 389 422 449 462 385 375 424 388 378 408 414 436 439 452 431 430 428 400 434 413 423 416 407 379 423 436 416 421 423 418 432 459 439 458 469 461 453 449 450 438 443 462 463 465 475 456 464 455 446 462 433 423 432 428 417 440 402 411 410 404 409 385 400 429 458 465 479 470 472 462 434 402 416 406 414 430 427 437 444 453 417 404 414 421 399 405 409 377 396 416 431 428 436 416 428 416 437 444 452 436 440 425 463 426 434 430 457 467 441 406 399 419 402 429 415 425 445 458 479 462 452 425 415 421 405 449 427 420 424 428 447 460 453 420 410 402 430 444 407 407 439 457 463 410 394 413 429 413 422 417 428 400 418 449 441 443 461 466 467 443 429 427 436 445 446 427 429 455 442 456 437 439 439 446 451 452 471 464 464 425 417 379 406 451 426 443 443 455 459 447 457 432 433 426 431 441 457 430 401 368 357 377 425 431 436 450 469 453 436 416 399 439 461 472 471 447 441 442 454 437 437 447 467 461 462 442 418 406 453 453 447 423 441 440 427 444 447 404 423 452 473 485 448 444 400 415 428 415 420 431 430 462 463 453 462 428 408 437 447 427 484 457 401 408 448 447 433 429 417 429 445 463 459 477 452 408 429 442 427 423 409 400 423 396 408 422 418 420 441 437 415 416 445 489 493 463 486 473 431 430 440 447 417 406 418 422 394 397 412 446 430 408 378 430 447 431 469 455 430 423 427 433 467 490 471 464 463 443 443 420 428 414 439 
vem trace:

