SDId: 34792647
energy: 1.81169e+18
zenith: 0.319705
azimuth: 0.712338
GPSSeconc: 1127035488
stid: 342
spdistance: 327.459
radio trace:
476 457 484 458 436 437 429 455 455 429 434 448 454 450 458 448 450 443 433 414 425 438 437 434 405 417 421 436 454 438 417 412 396 385 401 443 406 416 421 430 446 439 446 431 432 436 441 434 438 458 449 438 440 439 399 389 419 449 455 452 446 458 436 439 432 409 416 424 403 425 429 417 438 455 437 455 425 439 437 415 435 439 441 450 430 418 398 415 419 405 438 449 428 441 444 421 406 383 378 400 418 405 404 418 414 383 372 397 414 440 438 437 420 431 421 432 447 456 432 417 412 415 419 417 430 452 448 430 426 422 432 412 419 413 404 410 402 438 420 417 419 403 411 422 431 413 386 402 412 431 413 435 411 433 437 461 442 441 418 421 446 449 452 452 461 431 435 449 442 430 401 421 425 459 481 483 451 443 425 432 415 435 431 428 419 428 438 457 453 436 442 420 426 411 406 406 410 419 400 388 403 453 474 458 442 408 430 411 399 417 438 441 432 433 459 445 425 426 415 442 432 435 433 417 421 426 434 438 434 434 453 488 439 440 403 427 432 444 450 432 421 433 437 444 436 461 455 469 477 432 424 426 455 421 426 450 442 446 463 480 465 457 432 401 388 402 426 414 409 407 442 425 427 425 444 457 424 431 424 417 438 440 438 438 440 393 413 457 438 397 434 446 428 410 414 433 473 487 467 444 426 433 412 421 407 410 423 435 425 428 413 413 407 399 409 419 402 445 463 463 468 458 438 437 428 444 458 436 454 466 434 436 446 431 451 447 412 415 399 423 427 401 394 415 429 440 415 416 425 423 418 420 443 459 440 425 404 385 383 383 401 443 468 427 392 433 421 405 428 409 404 412 417 403 411 448 436 407 411 403 390 403 402 438 442 443 459 458 434 434 440 438 454 454 432 439 452 437 446 437 443 433 434 437 450 447 465 434 453 439 419 390 371 379 393 424 433 444 490 470 452 458 434 443 450 444 431 406 406 419 439 461 458 457 431 426 399 417 405 440 443 420 399 412 439 440 425 446 423 397 403 435 467 447 456 467 430 453 462 455 471 460 468 419 411 416 376 380 437 434 431 427 387 380 409 430 438 455 431 436 449 419 405 411 434 448 457 429 427 426 455 451 435 415 449 454 452 464 448 433 420 447 467 451 429 402 404 420 429 451 439 441 461 476 466 481 465 460 435 425 434 435 440 442 426 434 459 460 446 447 458 448 450 432 431 439 429 428 425 434 450 420 437 430 432 424 406 380 398 413 438 426 440 423 417 437 431 417 432 450 463 428 408 411 436 429 442 431 465 464 450 431 441 420 418 414 452 460 460 419 409 459 450 439 432 386 396 400 391 401 405 428 423 432 430 429 441 427 428 428 434 420 434 474 462 465 453 410 392 429 472 441 431 448 465 415 406 425 416 427 437 427 424 438 438 460 458 424 413 410 431 415 420 402 407 414 410 415 413 459 467 470 454 430 407 405 396 421 444 427 387 419 439 454 469 457 442 424 413 452 465 417 445 435 436 416 404 424 435 415 421 428 427 396 416 435 419 423 421 451 434 428 409 426 424 417 392 406 430 417 406 418 431 410 429 425 411 393 397 443 432 420 421 419 453 472 463 425 424 430 423 434 426 409 393 388 403 413 403 414 448 463 451 449 430 417 418 420 410 442 432 398 420 436 426 415 427 434 455 436 436 438 427 439 438 412 409 422 429 443 448 459 431 439 444 437 431 427 414 427 429 423 380 390 424 407 425 444 
vem trace:

stid: 343
spdistance: 1181.34
radio trace:
426 439 456 460 444 444 421 436 424 405 429 437 461 468 449 461 436 453 465 477 453 463 469 496 493 477 444 455 464 426 425 416 448 474 493 471 477 428 384 406 449 449 435 429 456 455 469 489 466 443 445 461 472 440 419 442 495 482 449 447 471 503 497 480 486 460 458 443 446 467 480 478 454 435 433 453 473 467 457 407 432 466 458 453 469 490 443 437 444 464 465 482 508 478 482 468 429 418 423 471 473 493 439 450 480 492 484 480 467 454 443 458 453 431 443 441 472 435 464 448 446 471 465 448 430 419 454 475 470 449 416 440 441 420 414 461 450 443 443 454 448 442 432 469 467 483 467 475 454 410 437 429 449 424 421 444 444 450 455 427 423 413 413 421 458 462 460 454 467 472 464 447 413 414 395 399 438 446 454 486 494 494 466 455 452 468 483 460 448 452 463 457 426 444 449 443 454 468 476 477 466 445 451 444 441 460 435 405 400 400 404 426 437 439 449 466 461 479 469 475 478 427 457 496 477 491 486 486 450 469 470 465 422 458 465 453 452 461 421 400 423 449 452 453 474 435 443 464 463 461 472 457 433 444 457 440 432 452 425 428 435 476 457 451 444 471 473 484 453 432 425 435 449 475 482 453 473 473 457 479 467 488 467 460 434 417 423 442 446 439 451 453 459 437 451 470 464 473 475 478 470 484 442 429 424 434 436 458 447 447 437 421 405 396 408 442 469 462 469 470 429 441 478 479 474 455 463 458 462 457 469 463 476 495 485 478 499 453 460 485 461 454 453 462 438 448 430 437 464 443 438 462 481 458 419 422 464 460 451 450 460 425 432 425 420 433 442 395 412 426 438 415 439 475 452 452 451 450 431 461 465 481 459 448 450 455 483 474 450 469 492 480 469 452 435 442 476 453 440 428 465 449 437 442 444 478 474 438 443 452 461 464 466 464 452 473 452 461 442 427 468 473 439 452 425 461 418 420 430 442 420 418 421 441 440 448 464 471 460 446 453 440 438 448 455 466 471 485 486 480 450 457 420 393 412 449 454 451 456 454 431 431 443 445 448 472 498 511 462 472 423 408 427 454 442 428 438 426 439 441 447 452 482 499 486 488 477 478 462 462 467 474 496 482 463 463 460 458 430 445 464 460 441 419 429 449 437 423 456 473 456 480 465 442 448 446 429 460 483 453 467 432 443 472 477 460 469 449 460 438 454 448 453 448 448 453 450 439 466 454 471 486 487 492 454 433 420 419 438 447 458 442 434 464 489 471 451 439 432 432 442 455 465 478 466 462 452 434 438 456 452 445 432 441 446 442 458 452 440 457 482 450 419 423 444 453 432 459 467 462 467 443 430 424 445 423 437 466 466 437 432 448 434 428 423 406 413 438 461 454 460 455 471 457 445 462 469 432 430 437 460 476 482 473 478 492 465 445 472 476 487 445 464 469 481 463 491 479 468 449 470 472 473 471 443 451 443 454 418 414 413 409 434 421 425 430 436 447 447 463 434 456 444 469 446 443 442 463 459 449 431 439 441 454 471 448 437 441 464 470 479 486 478 452 458 475 468 478 467 490 519 462 436 443 483 475 459 439 452 437 452 467 483 459 440 423 433 453 461 426 455 446 458 499 490 481 443 422 427 435 426 427 436 449 441 450 465 439 452 434 431 463 476 456 453 456 454 477 442 447 414 396 408 455 448 437 451 458 466 471 437 414 460 476 494 497 464 467 454 449 450 446 443 428 480 484 471 457 
vem trace:

stid: 419
spdistance: 1243.23
radio trace:
478 453 449 499 443 460 508 470 463 444 480 469 471 460 475 494 481 490 516 500 471 440 480 474 501 489 423 404 416 443 453 433 415 441 513 504 522 520 457 432 381 391 441 429 430 437 441 457 444 463 443 465 467 498 493 477 483 479 454 480 456 448 430 441 485 465 474 489 484 494 468 417 457 432 431 476 482 503 454 447 466 486 503 492 450 489 497 461 445 410 379 378 386 421 457 476 530 494 449 468 458 455 494 462 439 446 432 431 478 486 507 510 467 485 493 494 464 437 420 410 488 456 476 495 457 461 443 472 494 497 476 463 448 448 447 426 419 470 480 494 479 468 485 495 455 447 473 499 495 508 481 481 470 489 505 493 473 454 454 465 480 482 448 487 521 549 482 466 459 466 444 456 460 437 443 429 424 439 437 477 426 422 441 448 441 429 438 455 432 380 423 441 488 485 473 458 472 514 502 486 483 473 480 462 453 457 476 429 421 484 475 450 435 445 473 497 474 438 426 428 412 465 502 486 493 484 476 455 451 463 488 483 476 442 490 483 448 450 456 470 489 440 473 469 466 465 450 455 480 483 440 505 520 522 513 512 500 420 407 392 381 423 417 426 448 448 458 511 486 465 460 476 486 462 436 478 473 445 491 402 429 423 422 456 414 415 404 459 509 456 492 487 490 463 437 477 490 529 476 420 395 406 474 471 460 419 417 402 429 451 460 413 411 467 478 492 471 501 514 470 492 494 467 444 424 420 467 496 491 529 521 505 486 474 465 436 503 504 515 486 509 473 482 468 487 460 466 478 487 502 526 490 513 500 474 506 483 476 446 466 471 495 504 431 464 471 493 480 474 485 552 535 525 486 495 526 536 463 404 400 481 495 523 487 462 467 480 480 456 462 454 479 451 399 400 438 474 492 454 465 453 451 481 475 457 482 456 434 462 451 461 448 430 492 477 494 441 447 473 439 526 487 485 470 503 469 478 491 462 450 459 433 418 425 433 473 487 469 427 442 461 495 499 486 483 472 482 448 477 502 506 464 479 469 443 420 460 449 453 467 461 479 469 473 458 465 504 465 505 496 477 514 528 494 485 457 409 445 460 443 465 483 473 464 436 418 423 455 418 383 439 476 508 493 444 485 491 478 446 448 457 441 490 497 505 541 507 489 447 457 472 468 427 405 408 484 419 425 512 490 463 424 409 450 498 495 467 493 464 462 465 434 462 459 412 444 493 508 509 498 495 489 487 457 410 439 445 435 443 461 452 380 374 391 401 467 462 504 474 445 449 450 474 468 490 489 500 475 459 430 438 440 503 506 499 451 496 497 515 480 425 421 462 484 490 489 474 462 466 455 439 453 480 444 462 442 472 486 519 484 489 483 470 487 507 487 434 450 434 429 423 462 472 483 479 415 423 451 479 497 492 453 477 477 498 470 461 480 445 483 479 486 451 445 422 455 443 459 416 416 448 478 488 497 460 439 468 480 454 436 432 475 476 499 491 463 472 470 455 463 484 530 521 469 503 487 469 453 407 433 488 483 509 526 520 489 481 465 470 481 487 476 471 495 497 463 442 441 477 458 463 446 460 491 491 431 449 409 399 429 461 499 496 459 468 455 482 491 484 419 406 446 449 470 512 483 489 474 490 484 478 501 477 484 483 432 436 416 432 472 437 459 426 480 465 487 472 476 456 425 448 522 477 460 452 456 465 467 466 450 461 486 453 439 457 455 443 432 432 463 472 451 447 412 435 454 417 387 
vem trace:

stid: 341
spdistance: 1373.51
radio trace:
490 532 541 505 511 505 477 507 498 467 451 474 468 497 502 514 507 541 515 497 544 527 508 484 475 472 440 466 492 523 487 514 515 516 524 519 493 499 492 482 536 589 588 552 508 496 544 562 505 491 477 482 486 476 492 488 555 546 513 478 491 508 526 517 557 534 554 563 577 527 523 527 511 473 465 487 517 538 534 534 571 523 495 461 473 501 523 548 510 467 444 480 509 518 521 519 505 484 494 517 540 503 491 476 475 515 493 537 529 499 491 502 531 528 517 530 543 548 513 489 490 496 526 523 529 510 508 521 543 495 501 539 551 511 489 506 498 495 487 477 497 470 473 510 504 509 475 467 467 469 489 484 491 486 511 484 478 501 513 502 511 474 499 502 519 532 515 517 506 482 486 529 538 519 534 544 498 479 502 520 513 498 520 502 467 449 448 490 484 461 523 508 490 511 505 504 511 476 478 527 533 491 520 523 499 479 459 446 480 480 471 512 500 471 480 482 478 501 508 487 504 540 572 556 506 497 487 515 532 525 509 519 498 529 513 459 444 486 480 490 475 494 521 563 506 481 482 511 513 498 455 501 492 508 510 495 503 469 453 503 533 525 495 481 465 497 526 536 525 535 558 530 513 538 501 482 484 475 472 478 496 503 487 491 514 492 531 513 523 515 465 461 517 490 468 467 497 518 538 478 476 493 471 512 510 477 444 486 511 530 520 492 491 465 485 511 464 504 510 497 491 459 518 487 468 488 513 512 583 560 516 502 473 467 501 537 537 533 515 499 447 479 508 526 520 502 494 518 542 517 532 525 544 510 494 492 485 496 483 491 529 500 473 459 489 503 497 503 485 509 519 514 487 481 485 498 516 553 554 564 551 502 485 530 538 550 551 522 546 546 500 477 487 477 482 544 564 547 523 496 512 526 501 495 483 506 482 476 472 457 453 495 521 473 463 473 541 500 495 503 493 515 496 459 483 524 519 511 483 489 538 555 538 492 465 479 516 540 495 487 448 470 502 499 492 494 499 475 496 525 531 528 527 512 468 450 478 508 497 516 500 510 505 517 502 520 524 485 490 491 474 480 484 478 501 550 507 472 501 514 531 543 527 547 514 533 565 564 553 535 502 480 502 499 492 564 583 508 501 502 537 524 493 501 497 520 496 517 522 504 533 535 504 514 519 478 501 519 500 491 474 481 496 510 510 530 483 492 491 479 530 488 460 475 483 477 489 447 440 460 477 499 506 504 457 508 543 505 475 462 445 441 454 497 518 529 530 499 513 498 462 492 488 471 485 482 520 518 514 520 498 519 485 509 469 427 427 455 466 509 530 507 511 539 514 494 535 528 524 529 536 568 546 503 482 462 528 544 547 520 522 517 556 535 479 499 462 468 478 446 449 462 485 487 536 503 500 507 487 487 498 527 524 506 499 490 514 513 501 484 461 508 549 535 497 490 493 497 479 502 494 480 507 537 515 542 520 526 508 500 491 530 531 533 538 522 491 495 482 511 535 526 484 500 552 548 495 524 522 535 528 523 506 470 520 531 491 492 504 490 539 510 497 514 507 502 494 529 491 455 500 556 518 520 551 576 549 506 481 483 489 510 508 524 583 588 601 512 509 495 482 503 524 538 568 518 515 510 493 470 515 500 518 538 540 541 506 487 492 511 514 501 521 518 493 477 534 545 532 532 530 532 532 514 492 500 512 550 539 497 526 515 515 539 518 536 545 529 524 513 454 471 487 515 497 515 518 551 
vem trace:

stid: 341
spdistance: 1373.51
radio trace:
490 532 541 505 511 505 477 507 498 467 451 474 468 497 502 514 507 541 515 497 544 527 508 484 475 472 440 466 492 523 487 514 515 516 524 519 493 499 492 482 536 589 588 552 508 496 544 562 505 491 477 482 486 476 492 488 555 546 513 478 491 508 526 517 557 534 554 563 577 527 523 527 511 473 465 487 517 538 534 534 571 523 495 461 473 501 523 548 510 467 444 480 509 518 521 519 505 484 494 517 540 503 491 476 475 515 493 537 529 499 491 502 531 528 517 530 543 548 513 489 490 496 526 523 529 510 508 521 543 495 501 539 551 511 489 506 498 495 487 477 497 470 473 510 504 509 475 467 467 469 489 484 491 486 511 484 478 501 513 502 511 474 499 502 519 532 515 517 506 482 486 529 538 519 534 544 498 479 502 520 513 498 520 502 467 449 448 490 484 461 523 508 490 511 505 504 511 476 478 527 533 491 520 523 499 479 459 446 480 480 471 512 500 471 480 482 478 501 508 487 504 540 572 556 506 497 487 515 532 525 509 519 498 529 513 459 444 486 480 490 475 494 521 563 506 481 482 511 513 498 455 501 492 508 510 495 503 469 453 503 533 525 495 481 465 497 526 536 525 535 558 530 513 538 501 482 484 475 472 478 496 503 487 491 514 492 531 513 523 515 465 461 517 490 468 467 497 518 538 478 476 493 471 512 510 477 444 486 511 530 520 492 491 465 485 511 464 504 510 497 491 459 518 487 468 488 513 512 583 560 516 502 473 467 501 537 537 533 515 499 447 479 508 526 520 502 494 518 542 517 532 525 544 510 494 492 485 496 483 491 529 500 473 459 489 503 497 503 485 509 519 514 487 481 485 498 516 553 554 564 551 502 485 530 538 550 551 522 546 546 500 477 487 477 482 544 564 547 523 496 512 526 501 495 483 506 482 476 472 457 453 495 521 473 463 473 541 500 495 503 493 515 496 459 483 524 519 511 483 489 538 555 538 492 465 479 516 540 495 487 448 470 502 499 492 494 499 475 496 525 531 528 527 512 468 450 478 508 497 516 500 510 505 517 502 520 524 485 490 491 474 480 484 478 501 550 507 472 501 514 531 543 527 547 514 533 565 564 553 535 502 480 502 499 492 564 583 508 501 502 537 524 493 501 497 520 496 517 522 504 533 535 504 514 519 478 501 519 500 491 474 481 496 510 510 530 483 492 491 479 530 488 460 475 483 477 489 447 440 460 477 499 506 504 457 508 543 505 475 462 445 441 454 497 518 529 530 499 513 498 462 492 488 471 485 482 520 518 514 520 498 519 485 509 469 427 427 455 466 509 530 507 511 539 514 494 535 528 524 529 536 568 546 503 482 462 528 544 547 520 522 517 556 535 479 499 462 468 478 446 449 462 485 487 536 503 500 507 487 487 498 527 524 506 499 490 514 513 501 484 461 508 549 535 497 490 493 497 479 502 494 480 507 537 515 542 520 526 508 500 491 530 531 533 538 522 491 495 482 511 535 526 484 500 552 548 495 524 522 535 528 523 506 470 520 531 491 492 504 490 539 510 497 514 507 502 494 529 491 455 500 556 518 520 551 576 549 506 481 483 489 510 508 524 583 588 601 512 509 495 482 503 524 538 568 518 515 510 493 470 515 500 518 538 540 541 506 487 492 511 514 501 521 518 493 477 534 545 532 532 530 532 532 514 492 500 512 550 539 497 526 515 515 539 518 536 545 529 524 513 454 471 487 515 497 515 518 551 
vem trace:

stid: 332
spdistance: 1670.1
radio trace:
556 506 523 520 527 512 522 532 540 531 522 518 544 550 519 522 545 564 564 571 519 531 555 549 523 517 507 511 571 552 522 528 545 543 505 554 536 528 527 548 517 512 497 481 508 574 596 550 521 537 540 538 543 552 546 555 535 547 540 515 517 557 563 522 545 547 547 554 551 522 534 529 542 510 483 503 517 532 536 509 541 541 550 523 517 493 502 501 511 524 520 555 529 498 531 518 513 494 513 535 542 528 506 519 555 532 517 548 527 539 549 556 531 522 522 505 535 526 539 526 522 519 539 581 582 558 530 515 499 513 537 559 545 557 528 540 516 536 571 584 595 569 536 557 525 505 479 501 540 589 561 547 540 563 597 567 545 544 527 525 513 489 487 494 510 494 483 495 530 550 535 564 588 545 551 538 519 509 496 522 528 540 530 525 540 515 533 518 510 512 502 523 562 541 558 540 538 554 560 527 527 523 500 523 538 522 531 551 538 531 540 557 516 542 558 529 540 536 522 548 538 516 545 544 539 533 493 490 503 516 539 551 552 536 547 529 491 510 547 544 503 510 493 509 505 516 500 534 543 570 566 547 532 511 490 484 499 487 504 510 553 544 506 547 554 530 538 543 532 566 566 585 561 560 538 515 517 532 548 537 532 537 559 579 541 526 495 517 482 494 517 537 548 554 528 534 509 509 491 528 551 542 555 518 492 512 519 546 527 517 517 495 512 504 478 524 574 550 559 573 554 538 531 551 553 524 524 563 538 518 507 502 539 536 564 513 518 531 522 518 521 502 495 543 520 540 544 536 511 518 495 488 531 500 505 522 544 550 554 563 511 520 510 502 538 522 549 566 541 529 541 486 511 525 535 531 557 536 530 564 546 515 487 516 527 518 498 491 500 524 570 589 571 537 516 512 498 491 506 487 500 511 527 559 562 547 557 560 546 579 555 534 517 545 561 544 514 556 536 500 512 525 552 531 547 553 546 531 529 545 542 507 539 541 535 520 489 531 518 519 529 527 511 526 528 542 566 523 534 537 519 493 527 521 564 576 553 534 549 524 525 518 492 514 524 487 492 505 538 533 544 527 528 532 512 516 520 506 515 523 540 528 532 524 535 548 561 561 578 540 507 521 542 541 502 494 511 519 514 525 521 535 555 568 569 551 514 527 506 521 534 540 555 555 532 548 530 538 546 516 566 568 559 549 556 547 545 537 552 539 534 541 538 518 546 560 555 530 534 527 533 532 529 524 525 526 537 509 508 526 501 482 523 544 522 534 534 553 565 536 528 562 564 557 536 545 526 491 503 522 551 563 518 515 526 509 495 543 538 527 507 476 492 512 486 500 543 547 531 484 504 520 540 551 552 536 559 579 562 535 514 500 521 544 557 540 555 561 561 538 552 569 529 556 556 572 559 521 547 567 577 543 519 540 516 553 528 534 549 541 527 538 512 498 491 540 519 514 491 519 543 511 489 487 530 496 519 524 541 524 521 517 522 518 516 484 480 528 557 568 575 545 538 517 546 574 544 571 590 559 544 525 529 532 523 510 516 510 532 521 500 506 484 473 499 532 570 545 534 502 519 563 519 486 486 508 545 545 516 511 487 485 499 497 493 500 507 528 539 580 588 542 526 543 519 561 551 527 545 558 510 524 504 525 529 534 506 489 496 526 564 561 525 526 499 486 500 558 572 555 575 577 572 568 557 554 555 567 551 561 553 581 567 575 569 543 519 530 535 528 504 500 499 521 527 520 545 555 
vem trace:

