SDId: 34726350
energy: 2.53621e+17
zenith: 0.617123
azimuth: 1.83198
GPSSeconc: 1126634865
stid: 333
spdistance: 888.733
radio trace:
461 428 460 478 483 451 414 429 440 416 443 467 435 444 427 412 436 435 455 461 457 472 444 455 456 450 439 464 459 496 502 464 450 453 479 500 463 499 489 448 443 428 451 455 473 447 438 456 434 430 414 411 429 403 442 461 468 492 473 453 461 443 466 479 503 473 454 478 466 460 497 471 443 462 487 467 461 503 511 474 454 481 513 512 475 464 433 461 447 451 427 439 430 461 444 452 480 457 478 477 465 462 452 440 468 457 453 430 459 444 466 449 442 440 475 479 487 458 448 444 441 450 471 479 442 440 474 476 503 500 492 482 471 491 441 449 475 469 451 471 501 477 452 449 461 467 452 448 455 454 455 463 453 466 488 453 480 474 462 464 485 477 484 478 456 424 459 455 442 454 476 456 462 453 452 473 482 470 457 458 425 413 412 410 452 451 431 440 475 475 494 510 481 463 489 480 454 463 426 432 444 470 466 459 456 484 452 446 433 427 463 460 490 466 462 455 456 463 463 492 476 458 470 475 468 448 460 453 427 449 452 459 482 473 475 497 515 513 517 502 459 488 490 471 481 455 447 444 471 490 493 445 457 450 419 433 465 484 476 474 504 451 479 465 442 449 459 478 471 491 456 454 450 495 487 477 481 473 461 467 442 489 460 470 504 460 441 481 486 481 466 433 436 459 451 465 428 455 488 516 497 459 492 502 470 446 406 436 470 467 453 425 412 435 455 446 448 467 472 442 470 486 496 496 461 480 520 489 483 459 443 466 456 491 463 460 459 485 481 455 450 460 426 423 419 424 406 401 423 440 447 466 462 431 448 448 443 424 427 459 483 503 491 495 469 519 491 480 457 475 495 477 405 408 433 447 483 473 457 493 478 473 464 475 459 449 449 451 449 442 480 476 517 532 499 514 495 462 463 432 458 490 467 443 458 527 516 493 473 444 431 426 395 413 420 427 468 465 513 524 478 481 496 448 423 463 505 493 475 497 484 491 502 444 440 444 450 440 429 406 455 486 441 392 396 405 403 425 422 432 448 474 491 474 464 453 461 452 457 470 473 489 484 425 418 456 465 453 442 457 463 472 428 423 473 456 448 483 472 426 429 500 530 527 480 458 480 474 450 462 445 432 462 440 448 463 463 510 505 480 465 490 494 460 472 472 449 454 433 431 425 439 466 453 468 455 478 500 463 425 416 398 450 469 494 451 455 485 504 487 457 455 496 483 475 467 454 432 491 495 469 485 470 446 456 472 472 466 482 465 434 468 455 499 476 468 468 450 458 466 478 482 490 513 540 520 504 489 488 471 463 466 472 484 478 466 468 464 474 473 437 432 465 475 465 462 464 445 428 427 450 480 492 452 435 419 432 443 464 449 492 497 479 490 496 502 505 481 466 448 475 463 440 440 504 473 458 465 489 472 467 452 436 455 453 441 455 469 460 455 441 421 454 461 466 476 432 446 428 442 476 488 479 451 460 512 482 489 496 469 449 472 454 437 458 520 481 485 486 465 492 488 491 471 448 438 453 498 453 418 479 480 475 438 460 472 461 457 480 485 498 473 446 441 455 494 518 495 478 462 444 443 461 457 438 475 517 526 484 447 447 472 487 481 469 467 464 464 447 430 454 491 512 491 485 522 496 514 481 463 478 517 502 483 477 466 447 461 473 488 474 466 482 471 509 508 501 508 494 510 491 500 473 484 505 477 479 474 500 455 420 447 473 488 473 452 477 445 464 502 489 480 417 420 412 429 443 458 
vem trace:

stid: 342
spdistance: 978.898
radio trace:
461 462 426 454 483 478 485 504 499 532 527 502 449 477 475 497 455 473 483 488 498 503 495 507 510 493 477 488 507 514 499 519 516 533 526 514 495 503 468 469 469 512 543 493 456 449 444 452 438 460 460 497 486 441 473 466 492 504 479 509 501 486 509 483 482 493 479 485 522 469 469 447 448 441 487 504 514 474 465 481 510 495 480 474 465 440 478 486 492 519 503 495 491 493 537 539 517 484 476 488 500 529 475 509 527 556 556 495 478 468 495 462 466 475 481 461 452 492 506 530 521 490 490 457 474 479 440 463 467 434 431 468 484 489 485 468 491 484 475 478 449 445 440 451 430 448 472 469 463 483 486 499 494 480 478 470 463 474 509 455 458 457 464 459 468 486 475 442 478 490 494 490 461 484 462 484 485 459 456 453 420 424 461 453 464 461 432 433 467 457 481 490 458 458 470 494 516 491 471 456 471 470 478 508 483 507 480 464 465 466 475 447 464 481 490 495 481 489 431 437 437 453 468 483 509 472 454 469 478 458 437 451 475 506 512 473 444 446 475 480 506 493 486 461 424 452 451 446 478 487 493 518 497 502 483 481 487 483 471 459 464 465 499 516 505 489 512 498 494 484 459 474 464 441 457 475 483 476 468 457 461 469 456 458 482 471 496 491 476 481 499 479 482 453 489 474 463 476 516 524 468 440 468 483 487 477 487 475 473 474 453 463 441 428 474 463 479 518 478 503 509 495 501 505 496 478 476 510 501 505 523 518 502 496 500 491 508 522 504 487 474 464 490 469 443 475 469 492 502 497 483 503 487 480 478 493 493 490 479 461 483 471 466 448 440 475 462 472 502 480 514 512 520 503 491 494 515 521 500 507 479 469 472 471 442 447 463 504 503 489 443 463 453 432 440 464 447 470 477 498 484 502 481 495 486 471 493 490 472 490 493 490 515 511 506 504 500 489 491 493 506 513 510 483 461 484 481 476 476 462 468 474 442 435 436 477 507 489 500 483 427 421 436 464 481 439 452 462 468 455 460 494 474 470 469 476 479 476 482 464 466 455 451 432 477 464 460 491 469 461 468 487 465 482 495 478 470 501 462 470 456 461 461 480 469 468 456 440 463 473 491 486 499 506 497 481 513 488 491 517 522 523 498 490 511 487 450 428 443 469 449 463 496 502 514 481 447 480 498 489 463 452 466 471 467 462 447 438 462 467 480 470 482 497 477 466 469 458 465 443 429 464 475 464 472 448 439 432 461 470 455 427 465 487 502 498 494 482 482 457 491 458 423 419 452 465 471 455 490 499 524 475 465 490 471 471 466 469 465 481 491 492 511 523 490 451 456 459 467 462 464 445 455 488 501 488 500 459 471 500 459 457 465 482 460 450 476 492 493 471 447 443 474 449 479 479 457 434 470 484 497 496 476 493 487 504 501 496 467 472 466 467 451 434 442 474 471 469 499 474 471 453 472 463 470 453 478 460 486 467 446 425 479 484 484 475 491 496 510 477 493 489 502 485 472 456 474 518 482 463 446 470 464 479 481 467 485 494 491 512 472 488 529 538 491 471 451 440 452 452 462 525 529 501 465 452 447 453 455 463 437 434 460 476 472 436 425 441 486 492 502 479 476 456 486 482 499 494 462 496 530 511 470 456 457 505 465 467 470 450 473 462 463 479 454 470 487 488 489 503 501 509 518 533 521 482 487 498 489 458 473 493 496 440 426 491 467 483 467 449 441 434 450 477 477 461 459 455 
vem trace:

