SDId: 34543739
energy: 3.54157e+17
zenith: 0.579758
azimuth: 0.380311
GPSSeconc: 1125514070
stid: 341
spdistance: 6174.64
radio trace:
544 549 545 612 588 573 595 593 610 569 580 558 590 571 547 549 541 562 569 605 614 556 516 543 504 485 571 586 555 576 527 528 515 531 523 531 538 548 527 505 458 490 530 536 537 540 532 494 535 559 562 576 555 563 545 553 566 580 606 582 569 530 524 490 499 528 540 541 555 519 493 501 548 516 548 593 567 551 545 525 549 576 539 515 518 549 530 567 550 568 548 555 597 624 589 577 596 579 550 546 551 552 574 558 544 585 555 546 544 532 522 504 513 505 534 529 565 524 597 619 588 567 535 547 535 557 576 565 531 553 550 542 546 563 557 541 549 546 533 500 483 524 545 536 538 527 513 573 550 570 538 534 538 511 491 519 535 529 557 547 512 527 561 575 546 555 531 554 547 547 552 533 571 579 542 516 518 550 540 530 545 581 535 536 537 551 595 578 563 578 587 592 568 560 564 589 569 559 557 558 553 543 548 543 525 528 553 550 541 533 537 540 538 566 561 535 501 562 588 595 558 570 566 583 574 563 570 550 536 524 542 582 575 585 551 510 509 505 522 530 558 545 526 501 502 549 536 547 559 538 557 560 574 558 546 550 551 561 509 476 447 452 495 515 551 508 511 526 512 506 497 496 509 512 533 545 573 558 553 564 578 565 567 565 523 519 526 508 557 525 519 530 560 514 503 539 550 551 572 559 543 550 545 576 571 591 589 586 549 550 575 576 522 558 556 543 558 554 582 576 553 536 569 538 523 571 522 546 585 573 573 585 579 555 561 529 546 528 524 544 538 534 548 523 519 523 493 537 540 563 553 582 571 569 599 589 560 525 536 536 569 616 589 568 522 517 512 513 514 481 503 536 556 553 554 530 527 560 576 586 572 590 592 588 551 529 529 487 485 491 507 509 499 509 526 541 500 517 504 526 571 588 587 595 527 536 515 491 515 520 582 585 588 596 569 582 587 579 563 561 548 549 533 501 508 554 556 549 549 568 533 560 590 571 573 576 545 529 528 611 582 539 548 527 529 538 565 625 584 584 551 547 574 636 617 550 573 606 603 568 565 580 546 581 548 563 562 578 579 567 572 562 581 611 575 564 577 526 540 564 543 528 521 502 523 564 587 575 540 535 557 589 554 568 560 536 569 573 570 576 581 548 568 573 548 533 561 559 582 600 602 542 524 528 527 538 573 615 572 565 520 532 530 551 591 572 539 531 527 538 566 530 551 585 545 529 544 550 575 544 525 532 576 592 546 543 562 536 546 546 542 553 548 558 528 524 529 507 483 463 501 555 529 524 562 573 588 584 572 605 581 563 516 503 489 490 527 511 541 566 543 495 498 537 539 562 563 617 608 566 572 544 569 524 530 554 559 557 517 553 552 539 549 555 543 564 566 521 543 546 539 535 539 515 540 534 583 585 543 540 577 577 562 549 560 578 572 567 546 566 524 518 532 541 525 509 519 501 485 486 561 595 575 592 600 605 564 522 541 561 584 551 548 586 560 550 536 570 524 518 529 553 524 533 557 560 589 544 511 488 512 531 541 579 529 558 549 560 570 586 599 570 599 603 570 544 552 550 548 542 550 561 555 519 559 577 566 580 548 555 556 551 584 590 573 579 570 543 530 535 520 538 560 561 560 573 605 597 541 506 525 550 581 543 509 499 499 536 548 539 539 513 516 561 554 518 558 539 519 548 533 496 520 538 533 550 552 572 550 521 541 551 547 486 509 567 568 576 547 541 538 515 556 556 560 563 553 542 
vem trace:

stid: 341
spdistance: 6174.64
radio trace:
544 549 545 612 588 573 595 593 610 569 580 558 590 571 547 549 541 562 569 605 614 556 516 543 504 485 571 586 555 576 527 528 515 531 523 531 538 548 527 505 458 490 530 536 537 540 532 494 535 559 562 576 555 563 545 553 566 580 606 582 569 530 524 490 499 528 540 541 555 519 493 501 548 516 548 593 567 551 545 525 549 576 539 515 518 549 530 567 550 568 548 555 597 624 589 577 596 579 550 546 551 552 574 558 544 585 555 546 544 532 522 504 513 505 534 529 565 524 597 619 588 567 535 547 535 557 576 565 531 553 550 542 546 563 557 541 549 546 533 500 483 524 545 536 538 527 513 573 550 570 538 534 538 511 491 519 535 529 557 547 512 527 561 575 546 555 531 554 547 547 552 533 571 579 542 516 518 550 540 530 545 581 535 536 537 551 595 578 563 578 587 592 568 560 564 589 569 559 557 558 553 543 548 543 525 528 553 550 541 533 537 540 538 566 561 535 501 562 588 595 558 570 566 583 574 563 570 550 536 524 542 582 575 585 551 510 509 505 522 530 558 545 526 501 502 549 536 547 559 538 557 560 574 558 546 550 551 561 509 476 447 452 495 515 551 508 511 526 512 506 497 496 509 512 533 545 573 558 553 564 578 565 567 565 523 519 526 508 557 525 519 530 560 514 503 539 550 551 572 559 543 550 545 576 571 591 589 586 549 550 575 576 522 558 556 543 558 554 582 576 553 536 569 538 523 571 522 546 585 573 573 585 579 555 561 529 546 528 524 544 538 534 548 523 519 523 493 537 540 563 553 582 571 569 599 589 560 525 536 536 569 616 589 568 522 517 512 513 514 481 503 536 556 553 554 530 527 560 576 586 572 590 592 588 551 529 529 487 485 491 507 509 499 509 526 541 500 517 504 526 571 588 587 595 527 536 515 491 515 520 582 585 588 596 569 582 587 579 563 561 548 549 533 501 508 554 556 549 549 568 533 560 590 571 573 576 545 529 528 611 582 539 548 527 529 538 565 625 584 584 551 547 574 636 617 550 573 606 603 568 565 580 546 581 548 563 562 578 579 567 572 562 581 611 575 564 577 526 540 564 543 528 521 502 523 564 587 575 540 535 557 589 554 568 560 536 569 573 570 576 581 548 568 573 548 533 561 559 582 600 602 542 524 528 527 538 573 615 572 565 520 532 530 551 591 572 539 531 527 538 566 530 551 585 545 529 544 550 575 544 525 532 576 592 546 543 562 536 546 546 542 553 548 558 528 524 529 507 483 463 501 555 529 524 562 573 588 584 572 605 581 563 516 503 489 490 527 511 541 566 543 495 498 537 539 562 563 617 608 566 572 544 569 524 530 554 559 557 517 553 552 539 549 555 543 564 566 521 543 546 539 535 539 515 540 534 583 585 543 540 577 577 562 549 560 578 572 567 546 566 524 518 532 541 525 509 519 501 485 486 561 595 575 592 600 605 564 522 541 561 584 551 548 586 560 550 536 570 524 518 529 553 524 533 557 560 589 544 511 488 512 531 541 579 529 558 549 560 570 586 599 570 599 603 570 544 552 550 548 542 550 561 555 519 559 577 566 580 548 555 556 551 584 590 573 579 570 543 530 535 520 538 560 561 560 573 605 597 541 506 525 550 581 543 509 499 499 536 548 539 539 513 516 561 554 518 558 539 519 548 533 496 520 538 533 550 552 572 550 521 541 551 547 486 509 567 568 576 547 541 538 515 556 556 560 563 553 542 
vem trace:

