SDId: 34849640
energy: 3.32987e+17
zenith: 0.620561
azimuth: 0.143724
GPSSeconc: 1127400510
stid: 343
spdistance: 573.286
radio trace:
484 480 478 456 468 460 465 472 485 497 479 453 463 455 462 467 471 465 466 443 475 473 461 470 474 464 458 446 443 472 472 468 445 443 462 489 471 486 481 459 475 491 477 471 467 448 441 456 457 461 457 483 503 488 457 468 458 485 513 500 471 471 466 476 484 496 502 476 477 482 499 507 490 482 484 460 476 471 480 450 446 469 473 474 487 510 492 496 516 498 488 503 479 478 489 489 485 497 483 486 470 494 493 474 486 459 459 469 480 461 467 470 467 475 483 508 477 482 508 474 476 452 442 460 498 481 462 474 479 510 475 446 465 478 487 468 475 465 458 472 468 461 483 484 468 475 489 481 493 503 490 478 470 465 483 501 456 465 470 447 445 457 493 467 472 498 490 465 459 448 463 466 475 486 478 456 457 467 465 436 441 439 434 442 455 486 494 480 481 485 473 474 458 475 496 498 481 490 478 486 486 490 476 494 465 447 458 480 463 464 487 498 495 501 493 494 471 469 484 461 475 473 419 446 444 458 478 467 494 479 481 491 508 494 496 478 493 504 475 451 414 454 455 473 473 457 469 461 490 503 518 510 482 496 487 499 520 501 483 470 444 443 453 440 483 483 473 486 493 486 443 439 489 484 467 451 451 474 465 488 490 490 514 507 502 460 459 475 478 469 464 478 489 501 474 474 463 457 451 471 445 449 462 447 463 484 484 488 482 475 483 482 486 462 462 476 487 496 502 504 505 486 475 486 453 420 440 451 486 511 487 503 517 505 498 478 483 497 491 489 474 505 499 490 485 480 500 505 501 500 475 482 470 464 445 446 478 473 466 496 503 461 466 489 483 486 460 479 486 457 471 492 516 510 491 479 476 485 506 505 523 516 500 488 490 470 498 489 494 512 500 482 483 473 446 454 457 461 497 461 468 465 474 476 490 515 514 496 442 452 466 445 470 470 506 501 492 477 462 469 495 475 470 485 492 489 490 474 466 462 444 435 473 450 460 470 463 482 467 476 482 486 472 462 477 483 496 483 487 458 442 464 475 471 460 451 450 474 490 480 491 484 456 463 481 491 487 476 486 484 471 482 475 503 505 491 477 484 502 470 471 476 494 502 504 504 516 530 529 510 519 495 459 470 474 480 494 483 484 484 491 483 475 490 510 493 500 484 460 452 475 480 500 461 454 495 481 472 459 462 485 467 455 440 455 439 455 409 433 446 459 478 470 459 463 489 481 462 486 503 470 466 451 455 467 503 486 493 475 451 457 494 481 472 483 489 480 472 458 458 445 456 459 469 458 444 446 488 450 438 443 450 466 470 495 524 511 520 504 467 475 462 459 463 492 488 469 483 469 499 490 484 477 497 477 464 463 455 464 455 473 483 497 515 513 495 500 472 487 465 501 486 463 462 478 493 469 450 461 444 445 449 456 452 469 465 495 514 514 510 506 503 500 473 476 461 445 475 513 503 479 486 467 450 444 455 499 511 479 488 469 484 483 487 485 477 492 503 505 493 499 489 509 493 508 492 484 481 450 456 470 471 467 467 442 455 464 409 413 419 437 439 471 500 495 490 497 486 473 461 485 483 482 503 477 451 464 486 515 495 438 447 484 460 444 477 457 465 469 452 443 450 469 488 490 474 493 481 477 487 472 452 468 502 501 508 480 498 490 476 482 498 488 470 462 474 455 442 422 452 488 495 491 464 452 451 458 495 481 472 469 490 483 477 468 473 479 483 502 488 482 476 480 462 474 453 455 474 
vem trace:

stid: 419
spdistance: 827.131
radio trace:
513 487 480 464 459 452 463 473 456 479 509 476 458 449 467 495 505 511 491 511 508 567 532 476 461 468 464 480 470 487 507 538 524 495 481 516 516 474 459 475 442 416 423 471 521 562 536 517 533 472 467 470 471 480 485 540 561 553 506 512 492 461 496 504 479 494 516 535 535 551 535 514 476 499 531 535 492 494 493 488 498 490 505 494 526 500 506 518 543 537 523 538 490 437 419 442 473 485 503 497 492 478 505 449 447 462 485 450 452 483 505 517 478 469 497 518 501 492 526 514 486 476 504 495 487 479 491 498 504 532 491 501 515 533 532 490 485 522 524 527 499 477 494 533 503 516 478 502 522 506 489 452 447 457 459 474 468 440 483 515 483 506 519 516 526 553 548 492 468 490 459 451 451 485 481 453 507 468 483 509 491 491 551 548 548 595 561 507 489 487 477 451 460 486 483 507 524 496 512 503 494 449 464 455 424 462 493 464 476 478 452 442 487 506 486 463 458 499 523 503 525 551 520 494 449 453 454 474 491 512 508 529 519 520 538 526 570 539 533 505 488 488 473 471 456 432 457 504 541 513 517 538 505 506 492 511 499 518 505 484 522 498 502 535 511 514 492 470 475 467 517 537 504 482 449 455 480 491 484 499 493 488 429 449 457 479 495 522 537 549 501 509 485 457 447 463 488 517 504 485 482 471 456 454 464 445 441 449 491 503 443 475 485 470 456 466 478 509 490 471 512 500 512 527 526 519 480 496 472 458 462 476 510 539 525 516 532 525 486 489 483 487 479 493 499 493 476 503 502 505 444 457 481 496 520 495 452 469 460 488 476 467 468 407 428 444 454 460 500 502 513 544 522 514 471 484 460 431 443 431 460 487 446 466 501 544 515 518 483 485 516 509 452 462 500 484 449 439 470 476 470 515 539 463 473 497 489 454 489 517 517 440 425 452 487 523 557 557 506 526 529 538 524 486 491 491 481 488 492 517 539 531 512 483 491 546 546 499 470 455 489 479 472 475 504 507 523 541 471 482 510 522 527 527 492 475 445 443 409 420 455 506 544 511 508 485 508 529 546 518 513 515 528 503 467 457 463 495 503 498 468 491 500 503 507 547 536 502 509 487 496 510 492 499 522 512 499 447 418 480 499 500 501 512 483 501 523 487 476 462 490 518 536 517 517 499 497 504 476 500 475 479 500 522 512 514 517 451 492 504 509 512 499 492 506 493 514 530 499 523 506 510 534 580 531 486 497 514 487 493 470 454 479 491 506 446 478 515 513 522 519 510 445 479 460 482 496 507 445 480 500 509 521 508 532 539 523 533 502 444 480 483 486 459 458 498 511 517 485 500 492 520 487 489 507 524 484 496 516 468 516 495 496 453 444 435 463 425 480 454 441 458 437 479 507 522 503 465 450 493 500 491 472 492 446 414 478 491 503 482 451 451 466 454 438 449 466 481 455 453 469 478 487 485 475 498 481 486 484 483 514 514 544 523 523 520 492 502 471 454 398 463 507 511 517 512 540 519 490 507 478 463 495 453 500 472 480 514 521 477 466 446 479 513 475 516 504 495 507 493 504 500 466 472 440 446 475 549 565 548 527 542 536 558 534 484 483 475 478 480 514 459 504 470 450 452 426 468 484 491 514 554 516 483 496 489 482 463 443 448 450 478 526 516 477 455 478 481 491 487 507 477 475 484 460 459 495 527 533 525 492 481 477 487 489 485 504 512 539 509 477 479 512 486 509 527 484 482 
vem trace:

stid: 342
spdistance: 993.288
radio trace:
462 446 443 499 475 432 440 457 472 466 485 452 462 455 469 472 460 490 500 488 474 462 456 438 449 460 465 454 432 414 436 454 429 443 426 449 473 485 478 468 480 463 458 438 438 423 454 458 454 461 435 453 478 473 480 477 479 453 461 466 485 474 443 456 456 416 427 462 470 488 475 485 482 499 494 487 485 485 469 497 461 466 473 479 480 472 463 455 464 484 464 439 433 428 461 458 474 478 504 507 522 487 478 494 480 463 481 497 491 460 465 474 474 475 477 459 435 458 465 459 468 481 453 465 462 473 445 468 492 491 471 498 478 482 477 474 481 456 470 486 498 491 487 438 441 437 470 472 457 476 495 516 501 469 465 450 419 461 471 463 467 464 508 518 506 496 470 478 462 462 441 428 443 468 460 447 452 468 471 471 452 436 483 495 490 475 470 473 468 451 459 470 459 432 445 452 468 477 467 449 468 506 482 465 461 447 455 435 446 450 444 455 461 458 453 417 425 439 449 464 477 473 487 472 468 448 460 483 433 457 483 485 491 462 473 494 451 451 458 465 451 448 467 473 470 451 445 452 478 442 440 444 455 465 494 474 477 470 496 497 502 538 475 477 449 441 445 478 516 476 471 471 449 418 411 418 448 439 473 469 460 464 461 469 467 493 509 529 486 465 481 461 478 494 509 494 496 484 476 472 477 469 481 485 490 492 479 462 439 449 456 437 430 454 432 464 472 478 475 481 483 477 481 461 448 421 445 448 447 467 478 477 486 451 466 485 502 514 477 484 499 500 493 507 500 478 483 480 465 457 469 507 467 454 491 482 455 481 486 497 504 496 472 466 493 482 457 470 475 478 463 455 460 475 490 483 494 478 433 433 449 455 429 428 446 469 451 428 434 468 462 455 449 481 479 472 485 487 466 481 478 452 477 450 440 463 515 478 469 457 442 473 470 486 487 461 472 452 476 512 511 504 498 476 474 481 455 447 467 442 426 471 489 459 473 486 468 455 473 461 442 453 433 465 491 517 490 476 473 464 475 477 483 491 505 523 506 502 505 481 448 435 447 444 459 439 425 422 448 466 476 491 475 443 438 446 474 471 482 476 459 453 464 478 463 461 444 454 456 442 456 472 459 441 421 402 458 483 482 463 486 497 490 466 471 424 432 457 469 472 445 433 458 435 413 458 452 457 478 487 458 432 433 448 456 475 469 450 458 451 467 483 475 481 475 487 460 464 454 448 428 418 420 434 443 441 441 455 452 469 483 496 480 494 501 500 478 455 457 453 470 454 454 447 470 444 457 472 448 445 474 470 406 447 453 467 490 471 439 446 465 461 472 472 457 486 480 484 463 462 464 465 438 486 474 471 489 479 455 451 477 470 461 467 462 420 439 446 487 484 468 452 483 463 465 472 470 452 447 470 459 466 480 447 443 453 409 394 438 455 463 425 421 437 457 438 445 472 448 447 454 472 471 459 464 440 444 458 454 422 462 480 466 470 464 439 445 453 479 491 467 457 425 441 450 482 464 472 469 485 494 506 468 447 459 480 481 457 468 481 496 454 457 462 454 489 489 482 485 473 464 454 472 466 454 457 472 487 481 477 491 457 459 475 470 465 460 474 480 483 478 471 458 455 459 438 436 449 472 454 452 432 433 473 446 459 456 419 420 450 459 446 471 487 505 491 487 456 457 466 478 466 462 449 466 488 495 511 463 493 498 460 414 425 452 474 479 464 458 444 449 451 415 415 456 488 462 462 
vem trace:

