SDId: 34589538
energy: 4.41529e+17
zenith: 0.373178
azimuth: 1.24344
GPSSeconc: 1125933424
stid: 419
spdistance: 641.936
radio trace:
487 506 511 454 426 422 448 454 474 449 398 483 455 509 516 514 537 506 494 465 503 498 469 447 456 455 487 457 417 445 472 479 479 520 567 518 479 463 462 443 433 430 458 434 465 512 508 474 485 509 519 508 526 529 507 526 554 483 493 554 565 506 500 461 487 468 447 464 509 515 479 465 468 485 481 450 428 457 483 472 426 425 445 472 466 428 417 434 460 481 482 513 479 447 448 457 488 496 441 439 469 500 485 474 438 446 437 394 436 438 447 414 467 479 490 488 463 508 530 536 529 483 459 475 442 409 419 434 414 439 449 490 470 437 412 406 385 400 444 450 447 429 433 455 518 506 472 490 478 441 457 507 508 472 464 462 465 443 467 491 458 497 482 494 530 520 517 501 498 482 460 480 505 493 447 464 458 509 532 532 537 495 499 501 529 520 545 491 464 447 472 474 453 484 445 458 432 480 442 454 421 441 445 436 476 482 490 471 489 482 478 508 464 483 482 441 426 438 475 499 494 509 480 529 504 476 426 421 425 436 497 479 480 476 468 472 454 438 433 425 470 451 448 450 485 453 454 450 475 426 456 451 481 476 508 521 523 472 479 480 483 502 481 481 488 447 471 473 486 523 472 490 491 464 485 476 446 448 484 446 475 518 530 483 448 422 434 440 494 475 474 446 417 392 421 449 524 543 544 526 475 471 510 464 464 475 488 493 478 393 446 452 484 493 477 453 447 471 489 452 443 460 509 530 511 490 472 447 445 465 446 466 420 451 437 433 476 498 506 539 489 475 411 449 461 455 459 489 454 458 472 480 481 475 479 505 484 458 488 483 473 491 456 442 445 512 505 455 474 483 492 477 508 481 445 436 445 404 436 460 468 445 450 440 404 413 434 481 482 501 476 441 466 447 425 357 396 414 435 452 475 475 479 514 492 512 491 491 462 442 475 494 507 470 488 512 499 447 430 469 456 436 434 433 459 442 431 443 453 468 519 496 493 457 476 490 489 465 459 482 530 501 487 497 489 480 443 503 513 505 465 426 421 425 396 413 423 440 521 512 438 448 443 456 442 430 450 434 466 493 513 539 527 461 467 471 470 446 448 464 492 481 461 463 487 464 472 509 464 501 477 479 445 418 463 477 472 469 456 458 469 512 481 450 441 470 416 485 511 500 472 503 524 472 453 464 465 478 462 480 505 498 466 451 466 477 506 478 463 478 493 465 417 426 461 455 490 472 468 509 487 505 502 498 473 491 504 490 508 490 487 450 465 465 476 465 497 472 456 442 450 475 473 480 487 496 452 457 449 462 476 472 513 482 449 435 441 455 430 485 462 420 454 461 447 456 461 459 473 513 488 510 496 438 449 469 541 528 492 463 509 546 493 478 450 405 447 488 485 473 484 445 461 478 474 519 480 475 464 513 504 495 464 450 506 491 487 418 438 455 469 445 485 492 502 495 478 467 451 476 512 463 459 490 480 484 456 418 443 466 458 436 454 469 526 546 528 480 482 509 528 462 470 501 490 471 435 471 444 464 533 494 478 448 498 477 446 496 497 509 529 507 488 467 447 446 465 481 474 445 429 431 490 467 448 481 484 497 499 480 520 507 450 428 470 483 470 509 471 510 503 501 461 471 477 471 453 506 533 489 496 487 496 483 474 455 405 437 456 476 509 494 467 504 491 494 480 493 512 479 438 453 486 524 531 478 471 489 502 513 521 453 494 498 491 451 499 508 518 502 518 441 423 460 442 496 525 510 
vem trace:

stid: 343
spdistance: 978.746
radio trace:
466 466 452 467 457 461 460 430 447 455 489 492 479 466 459 463 477 487 462 456 454 458 453 455 460 482 467 468 471 481 454 477 473 455 454 477 458 469 480 467 433 437 447 455 446 429 456 483 469 459 465 466 475 486 477 477 477 476 470 446 468 486 471 515 524 499 493 473 504 498 490 480 455 433 444 444 445 457 473 473 488 487 479 482 475 432 430 467 468 492 469 477 471 474 450 459 457 413 444 447 464 438 461 466 452 461 461 449 468 462 475 472 465 446 442 461 455 455 446 467 450 453 452 459 470 499 483 471 438 459 463 448 460 481 460 470 475 496 525 499 485 481 477 475 473 465 465 459 461 460 469 492 441 445 479 508 508 488 476 490 450 450 449 466 469 505 534 518 483 479 469 469 485 455 469 469 474 494 479 457 456 471 480 470 461 442 449 436 460 455 469 472 456 479 472 472 454 424 428 469 477 485 466 452 479 457 451 469 484 457 440 461 455 481 471 457 425 442 462 469 490 469 472 466 448 470 469 464 479 487 476 480 495 493 485 468 451 436 439 457 451 450 432 419 446 467 474 495 491 450 442 445 444 440 452 464 459 444 453 462 458 468 455 470 476 480 493 468 457 460 450 458 464 462 458 453 478 499 494 487 506 496 483 472 479 462 454 448 468 467 451 471 467 434 455 484 476 502 494 488 467 445 468 465 500 457 433 464 475 480 433 458 449 437 452 434 417 422 465 464 471 460 463 458 437 453 475 477 473 475 461 505 501 493 485 473 466 464 475 479 472 478 430 450 464 453 461 481 481 480 466 448 454 483 450 472 450 463 468 462 468 458 449 445 476 474 457 440 439 433 448 463 461 482 439 436 451 466 466 475 488 467 469 470 477 462 477 447 483 489 489 476 476 477 461 489 495 509 489 459 458 469 458 469 483 448 463 475 487 504 520 494 456 464 459 481 478 478 470 458 466 457 476 462 478 458 467 469 441 441 471 458 409 423 468 484 501 512 484 489 493 485 485 492 470 452 462 462 476 482 465 503 500 470 462 462 464 485 450 424 456 472 468 491 471 419 405 441 442 444 471 468 456 459 472 491 509 489 476 467 456 453 480 487 481 460 450 445 447 446 441 430 445 500 501 452 428 419 440 477 459 465 490 489 470 466 493 490 470 474 500 474 419 435 483 475 481 464 452 451 453 460 476 482 466 474 485 486 488 491 510 503 508 487 452 437 467 473 482 481 474 473 469 476 448 429 445 456 458 462 453 444 459 473 480 485 499 491 487 452 436 441 467 478 480 477 465 455 458 465 444 467 474 478 461 502 503 496 485 463 448 465 485 484 477 465 474 477 486 481 474 489 501 484 458 480 499 469 453 453 456 475 487 465 471 484 464 492 477 460 454 481 503 515 487 491 475 483 466 464 462 460 439 437 439 436 423 460 473 425 453 450 460 479 470 474 481 489 490 474 464 498 461 453 439 418 442 465 492 474 435 470 461 447 468 492 509 482 466 472 478 477 464 467 445 459 443 460 453 445 432 440 475 485 501 500 504 459 439 468 442 431 421 439 440 456 451 454 436 451 489 484 471 439 478 460 442 427 448 457 462 461 480 481 445 438 436 449 427 452 468 481 491 452 461 460 434 460 473 466 476 465 460 471 509 503 486 453 453 467 452 469 453 438 456 465 450 447 454 478 481 464 470 449 449 464 477 473 485 508 493 458 478 487 469 456 500 470 501 484 441 419 423 456 422 433 424 438 
vem trace:

