SDId: 34713077
energy: 5.56256e+17
zenith: 0.269298
azimuth: 3.2094
GPSSeconc: 1126562396
stid: 341
spdistance: 810.556
radio trace:
480 518 512 499 483 520 535 517 506 556 527 555 556 546 578 585 567 579 530 554 569 525 515 509 468 484 490 490 501 562 547 545 535 507 472 523 536 526 488 518 505 502 536 516 494 522 520 533 557 586 571 539 534 571 559 537 516 526 522 526 554 555 536 514 503 529 568 531 540 523 490 473 509 521 485 540 574 610 586 541 520 525 523 523 538 563 557 538 522 507 485 503 516 564 558 567 542 541 537 522 533 529 545 526 505 517 487 487 512 556 541 516 526 496 503 502 496 478 468 505 513 516 528 516 502 546 542 547 519 506 512 520 525 568 513 482 497 535 522 501 496 443 437 480 498 495 497 507 491 470 483 503 526 532 522 545 539 534 545 564 545 551 548 544 532 540 513 526 517 506 579 600 570 527 496 488 505 528 526 517 520 555 525 502 484 511 548 563 520 546 536 549 545 520 482 455 516 561 554 548 524 492 481 518 486 489 528 505 474 481 501 525 490 493 530 516 493 551 514 499 504 504 508 515 525 524 550 539 525 518 516 519 556 566 554 542 518 536 531 544 539 532 521 512 531 537 527 516 533 538 498 477 462 450 451 466 499 523 533 509 521 492 484 507 504 514 489 495 510 536 538 509 522 509 480 506 561 545 507 512 518 474 494 538 517 480 489 527 541 545 512 557 563 555 541 505 517 507 517 527 513 510 504 495 505 462 491 500 501 487 525 533 536 538 536 540 528 507 499 508 541 535 554 557 508 514 516 545 489 494 505 505 551 576 585 559 496 503 516 515 538 524 495 512 523 534 512 529 505 511 513 483 482 504 539 561 526 491 510 515 539 547 560 539 511 529 547 525 551 536 524 510 487 478 527 541 502 479 513 521 540 542 549 539 524 488 492 520 531 570 593 547 508 516 495 487 528 498 509 494 492 506 518 511 495 522 529 517 476 483 504 461 517 517 512 514 518 506 483 499 505 515 507 536 503 494 470 476 478 491 477 505 441 448 508 508 472 490 540 550 524 510 554 551 531 522 541 531 473 484 514 521 534 537 540 540 546 516 504 509 520 525 567 563 507 519 542 537 498 496 499 494 498 513 543 540 521 489 515 498 489 535 535 532 511 499 527 519 527 516 502 488 460 493 519 534 568 578 533 517 534 501 519 477 496 535 521 534 522 506 483 495 506 516 497 516 522 508 564 547 493 506 496 505 490 507 495 514 479 464 467 481 507 551 529 526 557 510 513 510 533 506 457 483 521 539 515 555 539 498 490 491 476 532 521 507 518 534 517 526 546 547 492 484 481 498 491 502 481 504 503 493 479 495 530 560 568 582 536 495 501 528 528 561 545 493 505 544 488 490 496 489 502 512 525 539 517 503 504 518 513 511 500 494 493 511 521 568 535 510 487 504 534 535 542 543 487 485 465 485 491 515 533 504 492 503 471 508 535 522 532 498 504 523 522 523 512 486 530 537 535 539 513 507 499 508 466 490 478 484 497 502 552 552 471 511 532 528 530 523 510 501 503 505 511 502 510 541 520 529 515 521 524 515 541 523 583 613 576 540 545 520 534 515 531 541 529 537 511 537 477 502 522 498 469 460 497 509 540 518 513 506 528 547 542 532 509 516 505 482 524 521 539 524 488 467 486 493 490 472 472 496 528 489 497 488 504 521 508 480 515 526 517 520 497 479 460 478 502 509 510 543 565 541 541 559 518 482 494 556 567 570 521 514 506 515 539 556 582 543 498 507 535 535 497 483 443 456 
vem trace:

stid: 341
spdistance: 810.556
radio trace:
480 518 512 499 483 520 535 517 506 556 527 555 556 546 578 585 567 579 530 554 569 525 515 509 468 484 490 490 501 562 547 545 535 507 472 523 536 526 488 518 505 502 536 516 494 522 520 533 557 586 571 539 534 571 559 537 516 526 522 526 554 555 536 514 503 529 568 531 540 523 490 473 509 521 485 540 574 610 586 541 520 525 523 523 538 563 557 538 522 507 485 503 516 564 558 567 542 541 537 522 533 529 545 526 505 517 487 487 512 556 541 516 526 496 503 502 496 478 468 505 513 516 528 516 502 546 542 547 519 506 512 520 525 568 513 482 497 535 522 501 496 443 437 480 498 495 497 507 491 470 483 503 526 532 522 545 539 534 545 564 545 551 548 544 532 540 513 526 517 506 579 600 570 527 496 488 505 528 526 517 520 555 525 502 484 511 548 563 520 546 536 549 545 520 482 455 516 561 554 548 524 492 481 518 486 489 528 505 474 481 501 525 490 493 530 516 493 551 514 499 504 504 508 515 525 524 550 539 525 518 516 519 556 566 554 542 518 536 531 544 539 532 521 512 531 537 527 516 533 538 498 477 462 450 451 466 499 523 533 509 521 492 484 507 504 514 489 495 510 536 538 509 522 509 480 506 561 545 507 512 518 474 494 538 517 480 489 527 541 545 512 557 563 555 541 505 517 507 517 527 513 510 504 495 505 462 491 500 501 487 525 533 536 538 536 540 528 507 499 508 541 535 554 557 508 514 516 545 489 494 505 505 551 576 585 559 496 503 516 515 538 524 495 512 523 534 512 529 505 511 513 483 482 504 539 561 526 491 510 515 539 547 560 539 511 529 547 525 551 536 524 510 487 478 527 541 502 479 513 521 540 542 549 539 524 488 492 520 531 570 593 547 508 516 495 487 528 498 509 494 492 506 518 511 495 522 529 517 476 483 504 461 517 517 512 514 518 506 483 499 505 515 507 536 503 494 470 476 478 491 477 505 441 448 508 508 472 490 540 550 524 510 554 551 531 522 541 531 473 484 514 521 534 537 540 540 546 516 504 509 520 525 567 563 507 519 542 537 498 496 499 494 498 513 543 540 521 489 515 498 489 535 535 532 511 499 527 519 527 516 502 488 460 493 519 534 568 578 533 517 534 501 519 477 496 535 521 534 522 506 483 495 506 516 497 516 522 508 564 547 493 506 496 505 490 507 495 514 479 464 467 481 507 551 529 526 557 510 513 510 533 506 457 483 521 539 515 555 539 498 490 491 476 532 521 507 518 534 517 526 546 547 492 484 481 498 491 502 481 504 503 493 479 495 530 560 568 582 536 495 501 528 528 561 545 493 505 544 488 490 496 489 502 512 525 539 517 503 504 518 513 511 500 494 493 511 521 568 535 510 487 504 534 535 542 543 487 485 465 485 491 515 533 504 492 503 471 508 535 522 532 498 504 523 522 523 512 486 530 537 535 539 513 507 499 508 466 490 478 484 497 502 552 552 471 511 532 528 530 523 510 501 503 505 511 502 510 541 520 529 515 521 524 515 541 523 583 613 576 540 545 520 534 515 531 541 529 537 511 537 477 502 522 498 469 460 497 509 540 518 513 506 528 547 542 532 509 516 505 482 524 521 539 524 488 467 486 493 490 472 472 496 528 489 497 488 504 521 508 480 515 526 517 520 497 479 460 478 502 509 510 543 565 541 541 559 518 482 494 556 567 570 521 514 506 515 539 556 582 543 498 507 535 535 497 483 443 456 
vem trace:

stid: 332
spdistance: 840.295
radio trace:
579 550 555 560 561 603 571 565 560 548 568 561 534 498 513 536 574 581 577 570 586 549 575 575 562 542 539 557 540 544 569 584 579 565 544 536 533 523 593 596 548 532 535 536 563 573 542 570 559 568 554 541 567 551 510 512 566 554 549 559 577 530 510 533 596 587 561 532 545 541 502 537 548 559 582 585 560 557 563 543 557 558 541 555 545 532 515 564 544 561 546 532 512 507 509 548 549 570 582 552 540 523 576 517 511 546 549 558 547 553 570 572 542 555 563 589 601 584 573 571 525 551 550 549 555 566 552 526 541 524 532 537 548 551 539 553 562 542 523 515 525 570 573 550 569 617 602 586 564 530 555 544 506 521 546 563 558 556 547 535 568 589 562 535 527 550 569 577 599 605 603 571 582 601 565 562 573 566 547 528 510 541 556 545 545 533 508 542 537 526 539 554 543 557 553 547 546 557 513 513 537 531 536 517 531 528 531 534 542 536 530 553 514 526 571 557 580 574 527 564 544 510 523 532 549 569 572 558 532 566 560 522 518 535 545 525 556 553 537 582 571 532 534 535 538 554 569 547 548 524 556 567 535 572 557 536 531 531 518 540 549 547 532 546 537 517 550 558 563 558 575 547 554 544 540 541 531 531 516 562 576 580 564 528 538 527 537 536 515 543 543 560 572 559 553 528 546 521 571 561 571 538 544 545 522 549 549 541 545 557 521 548 556 533 533 527 550 524 499 523 526 544 566 566 549 553 555 560 560 537 541 508 494 529 552 577 505 501 501 530 537 560 558 547 566 547 547 504 551 578 572 583 573 533 539 555 539 522 507 496 499 499 497 545 540 532 550 548 543 570 586 566 544 523 532 548 564 534 520 510 482 516 561 536 554 537 557 558 531 513 503 513 535 519 533 476 470 497 541 555 596 550 556 522 509 510 493 553 518 521 543 582 562 555 535 529 502 521 546 560 558 575 540 559 562 569 563 548 539 544 528 524 556 595 566 574 528 521 531 528 526 536 538 542 526 508 534 519 492 519 511 535 552 522 528 561 550 525 539 523 518 565 574 573 571 537 526 543 540 552 539 553 550 554 560 558 536 540 566 544 562 576 575 565 551 545 549 552 530 539 539 509 527 534 530 520 525 528 509 515 523 554 600 600 542 533 534 527 524 532 561 552 568 552 558 574 575 530 554 537 522 514 532 524 531 558 570 584 541 561 572 548 544 578 575 548 574 609 592 575 584 560 534 522 503 551 549 494 509 547 565 551 533 560 580 570 579 545 532 508 483 507 527 512 534 529 500 518 542 535 496 507 549 551 579 581 573 555 516 532 527 516 523 560 575 588 583 587 563 559 542 516 522 575 604 574 553 549 561 541 538 543 540 563 586 589 559 557 545 569 542 561 567 588 557 533 528 526 570 570 556 577 591 530 499 535 553 508 508 566 551 524 551 536 529 526 583 597 574 561 583 561 566 563 522 522 513 540 541 524 531 565 562 565 532 530 558 581 585 575 570 528 522 511 504 547 547 537 540 545 505 531 532 546 550 526 520 515 528 535 533 537 542 559 542 566 548 564 565 552 588 545 519 520 553 539 515 546 547 581 543 538 527 547 546 524 511 499 470 547 523 514 543 536 553 551 553 546 568 525 489 528 498 485 511 567 539 545 546 490 507 519 526 527 524 527 535 531 551 569 552 568 592 544 575 573 571 582 568 540 544 530 526 552 565 553 542 513 552 572 575 569 539 548 531 528 549 539 
vem trace:

