SDId: 34628575
energy: 7.2376e+17
zenith: 0.678213
azimuth: 3.01531
GPSSeconc: 1126134993
stid: 343
spdistance: 885.892
radio trace:
507 455 429 462 439 453 455 476 479 454 459 454 448 482 494 471 476 497 472 460 458 439 447 465 472 461 462 473 451 469 463 459 470 453 467 458 439 461 455 456 450 449 421 447 449 475 471 488 476 467 454 465 448 482 481 472 456 429 409 407 457 482 470 499 514 469 445 450 477 477 482 465 475 485 461 460 448 479 452 459 466 445 433 412 426 416 406 432 469 495 506 484 475 430 467 483 476 446 440 443 427 440 449 456 472 467 483 484 488 427 436 465 455 463 461 423 431 447 453 478 455 448 426 430 452 485 441 444 448 450 451 464 444 477 467 445 417 427 462 491 474 485 471 453 435 427 435 474 465 468 440 444 446 459 438 469 459 474 451 443 427 445 441 473 468 455 453 439 434 442 464 452 450 452 457 471 467 464 458 454 446 477 469 466 460 441 448 469 444 455 425 453 473 457 448 426 443 435 445 420 421 432 436 438 441 422 456 457 419 411 411 431 438 413 417 427 457 459 466 452 457 437 464 452 469 453 430 427 475 505 478 449 451 468 470 465 461 475 486 485 491 456 445 484 474 462 476 473 492 484 473 472 489 485 442 443 470 461 481 454 452 456 437 446 447 443 466 473 493 488 451 449 445 455 475 488 447 436 449 468 485 477 457 481 458 467 463 460 456 439 422 415 446 477 464 462 426 421 439 437 429 450 450 494 463 469 422 428 457 503 494 464 466 448 443 438 421 458 478 471 471 449 449 444 461 480 494 495 484 482 430 421 423 448 450 456 469 473 473 464 449 427 428 434 421 382 397 414 423 466 473 449 443 460 471 459 428 447 450 434 429 447 427 434 449 469 453 436 459 461 449 415 406 416 442 457 452 444 436 434 433 451 470 478 451 432 447 430 451 450 462 473 487 470 478 474 466 447 467 460 479 470 463 477 452 458 475 472 451 456 458 462 467 430 435 453 487 490 443 437 451 463 467 472 470 467 464 473 466 476 485 471 462 475 488 455 459 467 469 444 435 430 432 446 438 454 454 433 450 461 449 426 422 439 458 465 465 453 472 449 461 464 476 448 440 423 433 469 474 489 457 477 487 499 489 494 475 485 481 467 424 433 449 428 448 464 473 450 509 504 493 479 496 461 447 451 469 486 474 457 456 454 489 470 481 467 479 490 471 471 477 483 484 439 439 428 445 463 451 466 468 423 431 445 465 472 484 496 479 477 459 463 445 448 446 448 446 462 474 473 469 462 461 462 430 448 459 482 473 421 385 400 425 451 438 425 445 438 436 459 456 444 460 476 468 455 453 438 460 456 468 480 480 436 460 465 468 449 438 446 486 471 483 484 467 461 468 460 441 443 457 467 428 422 445 443 466 482 453 426 460 480 475 464 440 444 424 440 453 449 470 450 458 458 442 439 440 421 455 464 483 466 454 450 464 455 465 481 470 471 453 461 467 461 462 469 469 467 461 453 479 468 465 478 458 442 450 476 473 450 462 471 446 469 463 454 453 427 437 433 434 457 444 457 471 474 466 479 490 496 487 514 507 510 483 465 426 433 461 484 467 428 463 439 447 468 491 489 447 442 452 471 462 429 427 466 473 471 451 438 418 436 450 473 468 445 433 443 472 494 507 465 432 444 432 409 424 436 447 462 460 446 440 469 462 466 453 475 473 466 483 475 468 476 447 430 461 452 432 449 448 458 465 473 492 486 462 464 458 461 462 455 444 425 433 466 464 487 461 425 409 422 476 489 489 482 488 470 
vem trace:

stid: 419
spdistance: 906.376
radio trace:
429 507 523 443 466 460 465 412 408 439 438 459 497 511 504 479 483 463 418 422 453 450 467 466 488 440 461 442 454 478 490 502 461 459 479 454 477 453 446 448 458 455 469 459 492 489 510 541 558 489 498 534 522 459 463 468 484 450 484 476 469 470 435 428 421 464 473 498 471 462 496 524 490 482 503 480 476 502 495 487 478 437 421 463 508 473 470 487 455 485 469 516 480 486 489 481 430 424 435 439 469 479 500 491 481 489 512 473 481 474 482 521 462 468 433 476 469 431 443 448 483 477 456 481 518 464 474 461 466 470 474 429 452 465 448 465 511 491 515 530 508 489 551 499 472 462 480 474 509 531 503 490 516 521 516 514 438 444 432 431 481 472 490 447 429 465 464 412 412 491 479 467 448 501 496 480 452 465 469 428 461 482 474 485 465 467 504 482 494 507 487 490 491 480 449 439 475 512 499 495 436 418 463 451 433 503 509 550 526 496 472 442 520 531 490 468 482 534 490 466 418 443 406 418 475 474 485 480 460 408 431 456 465 460 442 441 467 502 492 478 473 501 470 491 507 466 462 445 422 423 477 473 475 434 443 458 497 497 472 453 451 489 485 466 470 415 431 453 459 439 462 495 505 426 411 443 486 452 474 478 484 489 527 509 504 471 518 534 525 499 485 491 492 493 511 460 447 491 528 469 432 473 513 526 504 450 477 463 447 468 522 489 437 457 482 493 517 536 536 487 434 464 480 491 498 509 458 421 436 388 418 457 443 441 457 479 471 456 473 468 460 513 517 495 525 484 506 523 470 476 480 509 452 483 478 494 507 428 417 454 500 503 472 492 514 534 463 460 435 405 436 484 482 478 475 462 431 475 447 454 461 441 410 426 415 431 457 443 454 468 511 478 467 479 467 515 514 499 435 424 470 520 501 450 463 508 473 501 499 493 468 452 419 463 434 459 442 460 482 506 494 492 469 442 460 419 460 462 472 481 489 521 502 473 448 419 422 446 423 466 509 530 512 471 559 544 498 510 503 467 511 516 502 506 469 488 483 424 452 486 476 460 475 467 425 462 436 381 395 447 473 507 487 496 480 449 494 487 516 548 542 491 479 527 536 507 475 446 480 497 512 500 425 424 428 465 495 512 459 489 491 464 439 430 478 490 466 516 524 530 558 467 433 450 480 478 477 495 497 454 439 451 428 443 468 495 504 476 456 467 499 495 513 466 464 458 479 461 474 477 467 494 483 485 456 441 438 415 461 483 464 471 472 506 458 476 467 457 474 460 458 453 473 480 505 438 479 496 512 490 492 538 535 510 523 524 537 503 505 535 510 484 505 497 468 468 514 495 513 502 491 494 503 488 517 540 485 511 513 478 438 475 436 476 509 523 480 434 472 523 487 483 470 497 487 487 535 534 494 475 452 454 456 468 503 457 459 484 511 523 491 425 471 474 472 493 499 491 478 453 405 440 455 450 474 482 511 500 507 522 496 529 514 506 530 507 495 485 514 478 465 502 509 530 480 456 464 482 451 494 527 535 492 502 489 514 473 513 427 427 416 422 444 464 477 473 535 570 495 439 427 472 505 515 490 456 478 522 531 525 479 493 520 544 496 488 494 503 508 478 495 521 517 496 490 467 425 478 465 471 487 462 487 490 459 470 482 516 471 502 518 489 524 500 510 506 496 477 479 477 508 493 460 453 527 540 500 490 493 471 468 471 475 468 462 477 493 429 461 455 458 474 496 447 456 451 450 452 
vem trace:

