SDId: 34845766
energy: 2.24566e+17
zenith: 0.477904
azimuth: 4.00692
GPSSeconc: 1127375725
stid: 341
spdistance: 822.693
radio trace:
506 493 492 502 510 491 528 528 510 476 493 487 495 506 493 496 474 511 494 519 540 485 488 495 500 499 494 509 505 473 504 499 464 485 502 464 498 486 481 517 522 556 518 478 494 536 524 510 497 486 511 535 494 504 474 495 527 527 537 527 511 491 515 514 474 449 506 488 507 477 454 495 496 508 479 463 483 511 495 490 462 449 494 501 540 531 558 568 517 480 478 462 467 500 486 467 471 492 538 493 455 478 466 509 552 557 562 560 518 442 454 436 479 520 522 536 518 488 497 509 486 460 457 500 521 494 498 465 472 543 564 544 536 522 506 486 516 510 493 518 502 459 433 451 479 506 530 529 513 501 472 446 463 476 468 515 527 506 503 508 521 536 542 568 543 540 525 508 529 514 527 512 499 477 496 518 507 470 493 464 437 433 434 425 447 453 489 492 503 477 479 506 510 492 520 504 486 461 478 508 494 482 534 500 492 502 503 515 481 479 496 485 473 481 476 496 501 492 504 484 507 529 511 511 514 543 500 463 505 520 510 521 509 519 517 463 455 494 483 485 530 511 484 461 481 465 459 520 530 510 500 476 465 453 484 490 450 408 438 481 512 496 482 482 475 505 524 513 494 467 471 488 507 517 527 560 529 541 510 528 525 532 519 526 541 525 526 516 478 470 445 443 454 494 482 483 484 509 510 528 518 498 512 523 502 500 479 484 455 445 472 489 516 476 494 515 539 512 493 510 503 546 541 551 506 487 491 485 493 499 558 565 542 523 505 541 549 474 458 475 483 481 513 526 516 479 520 492 502 508 513 527 533 538 491 493 474 488 502 486 502 520 519 546 524 546 582 582 552 504 472 480 506 485 512 488 467 507 485 483 510 492 481 517 514 526 493 460 514 554 509 494 494 502 505 475 481 476 453 484 498 543 525 519 511 497 511 517 527 500 518 526 536 535 541 489 538 531 543 506 498 493 492 525 512 500 516 480 456 443 477 497 495 518 531 530 501 503 519 528 530 535 512 511 539 522 522 525 489 485 483 467 464 469 436 464 485 521 524 501 470 470 491 515 478 462 449 490 474 478 466 481 486 502 485 470 475 487 516 487 475 478 468 479 488 505 455 453 489 543 564 506 476 468 478 498 530 500 493 473 444 486 481 505 515 513 465 472 491 535 527 533 558 548 556 534 517 486 493 508 524 490 502 476 464 452 437 474 497 472 465 453 493 494 516 495 531 550 555 504 490 508 528 516 495 533 524 509 490 488 496 482 487 496 474 463 463 428 484 483 450 494 516 538 499 501 501 500 534 527 479 466 499 478 493 500 473 468 499 500 527 534 525 538 521 507 471 501 490 525 511 502 504 540 533 488 500 499 526 532 533 501 492 487 495 494 465 500 483 473 501 513 494 449 476 512 502 494 500 524 503 503 475 498 523 468 476 503 473 500 518 503 534 556 534 517 527 532 544 522 515 486 470 473 517 503 516 499 498 481 457 463 489 469 451 436 463 475 463 482 490 496 450 446 492 489 469 483 482 536 561 544 528 498 510 515 482 456 514 503 480 474 462 468 501 498 513 527 520 544 518 469 511 538 510 509 470 473 480 476 452 513 533 565 586 516 518 491 461 478 459 479 507 541 539 507 474 482 499 546 537 540 489 499 524 561 551 517 504 515 534 534 497 502 535 532 553 558 503 487 503 488 465 483 517 511 491 504 509 489 496 485 504 519 546 494 480 479 471 447 481 481 468 484 526 495 475 475 
vem trace:

stid: 341
spdistance: 822.693
radio trace:
506 493 492 502 510 491 528 528 510 476 493 487 495 506 493 496 474 511 494 519 540 485 488 495 500 499 494 509 505 473 504 499 464 485 502 464 498 486 481 517 522 556 518 478 494 536 524 510 497 486 511 535 494 504 474 495 527 527 537 527 511 491 515 514 474 449 506 488 507 477 454 495 496 508 479 463 483 511 495 490 462 449 494 501 540 531 558 568 517 480 478 462 467 500 486 467 471 492 538 493 455 478 466 509 552 557 562 560 518 442 454 436 479 520 522 536 518 488 497 509 486 460 457 500 521 494 498 465 472 543 564 544 536 522 506 486 516 510 493 518 502 459 433 451 479 506 530 529 513 501 472 446 463 476 468 515 527 506 503 508 521 536 542 568 543 540 525 508 529 514 527 512 499 477 496 518 507 470 493 464 437 433 434 425 447 453 489 492 503 477 479 506 510 492 520 504 486 461 478 508 494 482 534 500 492 502 503 515 481 479 496 485 473 481 476 496 501 492 504 484 507 529 511 511 514 543 500 463 505 520 510 521 509 519 517 463 455 494 483 485 530 511 484 461 481 465 459 520 530 510 500 476 465 453 484 490 450 408 438 481 512 496 482 482 475 505 524 513 494 467 471 488 507 517 527 560 529 541 510 528 525 532 519 526 541 525 526 516 478 470 445 443 454 494 482 483 484 509 510 528 518 498 512 523 502 500 479 484 455 445 472 489 516 476 494 515 539 512 493 510 503 546 541 551 506 487 491 485 493 499 558 565 542 523 505 541 549 474 458 475 483 481 513 526 516 479 520 492 502 508 513 527 533 538 491 493 474 488 502 486 502 520 519 546 524 546 582 582 552 504 472 480 506 485 512 488 467 507 485 483 510 492 481 517 514 526 493 460 514 554 509 494 494 502 505 475 481 476 453 484 498 543 525 519 511 497 511 517 527 500 518 526 536 535 541 489 538 531 543 506 498 493 492 525 512 500 516 480 456 443 477 497 495 518 531 530 501 503 519 528 530 535 512 511 539 522 522 525 489 485 483 467 464 469 436 464 485 521 524 501 470 470 491 515 478 462 449 490 474 478 466 481 486 502 485 470 475 487 516 487 475 478 468 479 488 505 455 453 489 543 564 506 476 468 478 498 530 500 493 473 444 486 481 505 515 513 465 472 491 535 527 533 558 548 556 534 517 486 493 508 524 490 502 476 464 452 437 474 497 472 465 453 493 494 516 495 531 550 555 504 490 508 528 516 495 533 524 509 490 488 496 482 487 496 474 463 463 428 484 483 450 494 516 538 499 501 501 500 534 527 479 466 499 478 493 500 473 468 499 500 527 534 525 538 521 507 471 501 490 525 511 502 504 540 533 488 500 499 526 532 533 501 492 487 495 494 465 500 483 473 501 513 494 449 476 512 502 494 500 524 503 503 475 498 523 468 476 503 473 500 518 503 534 556 534 517 527 532 544 522 515 486 470 473 517 503 516 499 498 481 457 463 489 469 451 436 463 475 463 482 490 496 450 446 492 489 469 483 482 536 561 544 528 498 510 515 482 456 514 503 480 474 462 468 501 498 513 527 520 544 518 469 511 538 510 509 470 473 480 476 452 513 533 565 586 516 518 491 461 478 459 479 507 541 539 507 474 482 499 546 537 540 489 499 524 561 551 517 504 515 534 534 497 502 535 532 553 558 503 487 503 488 465 483 517 511 491 504 509 489 496 485 504 519 546 494 480 479 471 447 481 481 468 484 526 495 475 475 
vem trace:

