SDId: 34875997
energy: 2.73809e+17
zenith: 0.541235
azimuth: 2.00347
GPSSeconc: 1127564202
stid: 333
spdistance: 785.249
radio trace:
474 468 459 444 434 430 429 425 426 411 431 458 416 434 431 449 468 462 436 420 398 420 422 384 396 405 412 468 481 449 410 416 438 453 445 447 449 448 459 449 474 452 423 443 413 389 411 414 441 452 457 468 461 441 480 496 490 483 435 432 403 438 398 416 390 409 433 425 441 436 408 440 467 481 462 431 384 384 403 411 410 418 403 424 415 410 383 407 436 443 430 434 446 408 410 392 417 443 464 449 426 434 463 486 482 427 438 445 458 479 471 479 463 449 430 455 501 455 416 430 407 421 415 440 448 477 511 514 472 478 463 467 430 422 427 466 446 427 416 446 463 451 422 419 419 432 443 450 444 447 464 447 439 445 410 419 418 406 420 426 411 402 393 421 412 432 434 447 462 440 409 402 451 430 425 409 426 440 430 416 413 393 393 415 426 444 488 517 467 449 441 447 459 469 450 473 509 487 454 448 448 438 448 416 427 422 402 426 447 461 460 434 455 468 466 450 469 475 433 452 441 431 427 452 438 451 463 453 449 471 473 424 433 465 468 444 430 448 436 440 440 442 454 430 453 464 455 407 390 368 412 450 406 415 428 453 401 438 448 458 426 414 442 463 428 416 425 409 447 458 464 424 417 428 432 444 442 453 491 498 497 490 452 433 444 424 443 454 421 453 432 450 435 431 424 431 435 452 459 458 464 449 481 473 459 475 432 453 457 429 468 475 426 447 439 477 460 442 450 441 386 409 445 467 463 452 434 416 418 439 453 486 465 437 408 406 381 375 379 407 419 423 437 456 438 428 441 434 471 436 427 440 412 416 379 384 390 424 461 470 498 458 430 446 441 467 455 486 480 443 445 460 470 444 439 429 438 441 439 429 422 442 420 410 427 445 433 426 435 412 453 452 427 415 369 431 459 460 473 449 452 431 421 380 408 409 445 468 425 432 421 421 451 464 457 436 432 418 429 419 435 453 461 448 423 442 470 455 478 469 469 422 421 445 424 427 446 426 433 420 436 433 434 455 482 468 423 425 476 462 471 453 448 473 463 463 458 429 415 417 427 436 448 434 420 442 435 446 485 462 463 482 446 401 401 416 465 439 449 430 435 456 470 410 417 417 414 420 428 412 407 402 466 456 398 398 427 445 417 455 423 411 397 398 424 438 461 474 460 437 473 463 473 480 464 436 446 456 482 468 460 469 473 470 476 475 466 455 450 466 482 462 495 491 478 463 426 447 463 447 459 445 464 424 431 419 427 416 406 437 437 428 438 444 442 414 435 454 426 432 467 466 455 426 437 459 425 450 454 445 460 450 431 444 425 421 432 417 450 461 457 433 421 448 449 436 452 430 406 426 455 465 470 469 473 496 465 441 452 470 440 435 402 420 425 434 419 455 457 470 440 417 440 401 410 379 449 460 446 463 459 448 449 466 458 432 417 423 436 414 434 457 464 426 474 437 456 443 454 465 485 496 470 479 454 465 462 409 404 407 425 383 417 446 485 481 454 437 430 408 414 429 412 397 399 428 452 433 424 444 470 460 453 455 437 445 409 423 422 431 418 405 445 460 462 462 432 430 427 412 430 445 432 435 415 433 427 433 426 459 457 454 472 477 464 435 449 440 455 449 397 397 448 421 417 442 462 437 418 407 415 464 441 467 476 432 443 478 466 414 437 434 465 458 436 444 453 490 476 431 424 443 439 461 429 421 409 403 390 374 429 437 426 435 456 463 459 441 438 453 470 458 466 459 432 405 445 450 
vem trace:

stid: 332
spdistance: 907.315
radio trace:
535 571 542 552 565 548 571 577 585 555 548 537 520 527 537 523 484 473 506 523 522 561 523 496 546 553 541 506 528 506 567 571 558 554 531 516 506 537 537 510 513 540 569 532 568 581 544 508 512 536 565 578 582 573 535 587 578 543 524 541 523 539 517 540 542 517 521 543 574 572 563 574 594 571 558 552 548 557 536 542 526 517 539 537 505 492 481 503 528 542 556 572 576 529 504 529 531 532 522 552 546 535 539 531 536 534 560 537 526 572 548 525 565 543 586 605 565 558 562 564 555 540 554 588 604 590 567 537 518 538 523 571 611 573 578 549 529 569 560 544 543 565 556 539 553 540 521 537 545 538 542 557 536 561 589 578 589 569 542 526 490 530 542 563 552 573 534 555 548 532 504 525 547 536 582 571 521 487 482 510 525 531 496 524 529 577 578 562 537 579 533 555 567 543 555 545 567 541 561 567 587 570 551 574 561 561 549 544 526 566 550 533 512 531 551 568 541 518 536 532 535 571 610 586 577 584 587 587 556 548 548 568 563 565 554 555 586 605 571 565 576 568 541 555 549 519 523 551 542 519 519 525 518 503 522 547 540 533 530 556 530 516 536 550 565 550 586 589 574 544 534 567 584 548 522 533 526 534 567 574 566 559 543 539 538 549 526 533 539 548 531 511 536 577 573 592 587 563 548 536 515 517 513 524 544 536 519 553 538 516 518 529 552 536 541 569 560 586 584 558 567 543 550 565 588 606 539 529 540 530 541 542 554 589 571 562 512 522 540 581 588 561 552 552 557 562 573 551 558 555 572 526 519 521 552 541 544 524 514 479 517 555 544 539 562 530 524 549 540 522 547 565 525 479 521 540 577 551 545 540 539 529 551 529 538 558 557 554 548 526 565 581 542 539 533 501 522 504 535 577 545 540 542 554 557 567 554 576 567 537 550 579 588 563 511 534 581 553 525 538 549 569 577 587 576 560 569 560 521 530 497 529 568 544 554 569 569 571 586 563 521 508 540 540 551 491 474 503 502 566 586 554 563 529 533 512 546 559 513 511 497 526 548 547 518 562 559 516 508 539 568 565 579 559 565 515 493 482 511 541 542 567 548 585 597 588 563 542 531 552 555 520 518 503 524 540 564 548 555 557 556 551 547 566 573 556 572 549 578 578 570 571 526 556 575 564 538 518 509 524 532 534 543 540 535 544 570 573 597 571 530 532 518 528 536 559 542 529 529 506 501 536 576 545 517 534 563 575 554 563 568 546 540 554 534 542 531 577 565 552 544 566 605 568 555 553 554 536 538 538 552 568 589 592 554 536 524 539 527 543 548 548 572 545 586 610 578 559 552 550 519 520 540 506 530 536 528 555 546 536 554 570 580 570 577 561 535 555 572 552 533 556 559 532 515 522 558 567 566 560 587 558 548 543 516 539 529 542 564 551 514 518 542 563 555 553 543 528 505 540 556 557 523 515 545 567 543 544 569 566 584 625 593 551 559 546 529 559 541 507 497 546 558 569 564 543 548 528 534 539 567 548 558 546 549 527 531 539 592 529 534 555 518 531 507 546 568 495 485 514 478 527 564 581 572 545 544 542 515 545 574 545 532 548 539 546 581 557 556 572 545 522 528 545 530 567 561 531 554 539 550 550 552 547 562 562 562 582 563 542 549 546 510 518 542 539 548 544 572 597 591 557 601 577 558 552 554 583 555 530 518 547 556 511 528 504 537 534 552 561 519 529 540 538 577 591 564 584 
vem trace:

