SDId: 34723664
energy: 3.26856e+17
zenith: 0.119452
azimuth: 1.65711
GPSSeconc: 1126616448
stid: 332
spdistance: 883.66
radio trace:
548 524 504 541 546 508 528 555 535 528 557 550 532 520 539 529 495 511 523 542 539 559 556 521 540 568 544 566 512 476 494 492 540 550 581 569 563 566 546 533 560 556 535 543 570 563 537 536 558 547 521 531 538 520 532 518 512 534 550 558 548 539 556 587 555 544 504 537 559 539 556 566 560 567 560 550 551 542 578 576 552 571 559 571 554 550 543 553 545 545 507 494 539 596 582 541 535 523 556 560 563 574 573 570 557 589 553 547 586 584 577 552 554 554 552 536 546 534 504 532 555 565 580 569 540 521 547 547 555 541 531 519 502 522 535 533 538 538 544 559 547 516 537 533 530 544 552 561 567 519 560 539 517 531 528 526 526 554 579 553 575 530 527 553 561 570 553 516 526 495 490 536 517 556 546 528 502 517 526 495 508 554 541 549 547 542 577 579 542 523 496 485 507 498 515 538 529 520 498 514 528 553 544 546 552 559 567 552 556 570 524 555 546 569 563 519 532 565 578 530 497 479 522 536 528 547 536 565 513 499 540 529 545 534 535 551 548 533 536 562 529 524 535 542 567 533 513 529 557 550 524 507 533 494 543 563 582 567 585 582 604 584 533 525 525 531 508 504 547 515 512 516 567 550 512 556 563 583 584 546 573 603 551 530 480 493 532 527 527 520 517 522 513 534 549 512 520 535 554 505 504 496 498 484 483 499 533 584 543 538 554 568 525 518 522 542 524 540 554 573 543 525 583 580 541 559 583 560 578 574 570 543 536 556 546 537 528 534 516 533 494 485 483 549 561 542 537 528 502 521 521 571 576 532 515 508 523 521 552 567 542 510 555 539 534 550 542 570 574 548 534 562 559 558 550 532 551 519 534 540 545 518 525 534 557 561 537 530 548 526 522 535 530 531 535 514 534 536 545 565 576 554 519 571 580 551 539 539 517 547 558 559 553 553 554 572 540 539 512 504 545 552 558 537 583 563 575 563 536 511 531 525 564 557 555 528 516 529 552 583 602 566 534 553 561 568 530 525 537 545 540 545 529 502 474 504 544 541 541 567 574 543 539 568 548 535 559 535 530 507 523 536 566 585 562 559 521 549 560 550 541 520 556 537 556 534 562 555 535 544 527 519 507 508 546 540 526 527 533 511 499 473 451 493 471 478 500 517 548 588 545 555 587 567 548 550 570 574 525 557 544 524 530 546 549 548 534 565 504 519 534 518 565 544 518 521 532 506 517 499 484 507 521 518 531 551 553 558 563 558 549 537 521 523 558 598 556 511 497 474 477 489 509 542 534 529 533 521 537 522 512 540 536 545 588 557 554 525 514 491 544 553 561 550 540 521 537 536 547 510 469 524 546 504 490 512 517 517 531 533 546 554 522 516 513 538 534 493 507 502 558 516 524 539 527 537 505 504 522 530 593 540 549 540 543 529 529 545 576 548 541 562 528 523 501 481 513 537 545 498 506 503 511 524 528 526 506 548 573 555 548 535 508 498 541 547 532 522 498 521 519 532 516 525 529 570 552 549 516 523 539 551 548 518 522 530 522 532 534 514 536 537 547 559 528 526 516 544 543 547 537 539 554 562 549 518 555 559 542 533 541 534 552 571 556 589 578 498 488 511 513 514 552 575 550 550 520 526 519 532 545 552 558 576 544 549 564 533 524 522 514 529 531 556 565 546 544 568 581 559 580 562 542 547 535 506 500 535 546 548 550 487 516 518 537 539 534 551 539 494 469 484 511 541 564 578 565 549 
vem trace:

stid: 333
spdistance: 1075.01
radio trace:
378 383 393 398 410 419 465 458 462 459 421 414 429 433 457 488 483 449 456 429 421 423 451 457 483 480 454 445 443 464 447 494 473 440 417 410 426 437 457 446 487 482 463 462 433 432 452 473 455 457 479 468 467 441 418 432 449 467 419 449 453 455 436 431 454 445 466 476 482 465 473 475 464 476 435 436 412 428 456 497 476 498 440 417 432 422 410 435 469 451 448 427 429 439 449 462 454 462 459 445 455 453 459 488 482 433 432 399 393 445 461 453 454 471 439 401 396 435 478 443 431 430 430 425 404 379 408 457 449 441 440 453 451 432 431 468 444 426 435 436 435 416 430 451 429 435 419 411 421 456 482 446 431 430 483 483 490 496 476 488 439 438 438 470 462 475 476 465 427 407 428 433 454 475 432 454 438 460 466 458 463 468 460 458 437 424 427 438 438 437 424 423 424 419 445 446 462 441 441 452 441 400 424 403 418 462 455 444 439 441 424 447 433 420 432 451 454 448 431 434 435 457 435 402 417 459 483 473 444 429 398 396 414 451 453 435 431 424 406 416 452 458 424 418 429 452 475 467 453 450 468 471 433 432 428 443 422 427 424 470 460 460 464 432 416 409 407 435 438 448 454 441 419 451 445 430 455 439 444 450 447 431 420 429 419 456 455 433 456 453 472 452 474 446 419 448 452 445 442 449 447 441 450 442 444 454 433 453 492 494 467 469 444 423 410 438 442 454 450 453 459 458 470 483 508 481 476 456 439 431 500 500 494 480 466 437 445 439 469 441 468 447 417 429 442 449 445 440 430 423 457 428 440 465 432 407 417 413 407 430 435 425 446 460 473 494 488 465 443 462 485 449 410 432 453 448 460 472 452 448 475 452 470 459 457 466 464 444 436 445 451 458 420 456 448 445 478 477 458 454 408 433 439 449 459 460 476 483 496 488 463 433 405 384 407 437 462 486 470 432 450 432 407 401 459 473 437 413 416 429 436 438 430 423 436 405 415 461 473 470 472 448 444 426 451 436 456 435 435 434 441 417 448 414 395 444 446 430 439 432 457 446 447 461 477 484 495 490 472 438 475 496 492 491 477 447 434 451 503 465 431 438 442 428 397 408 448 472 452 440 397 414 443 465 487 487 452 439 481 476 436 432 443 452 441 458 447 452 436 451 471 483 498 491 454 457 461 419 474 485 493 467 472 434 441 465 449 471 478 475 465 472 475 472 501 494 476 439 438 459 454 462 478 470 432 415 410 433 459 474 469 428 445 450 455 442 410 400 406 437 436 417 418 459 459 446 461 426 397 397 375 410 396 377 428 421 388 391 426 450 468 474 434 469 459 455 462 476 466 439 418 454 440 426 423 411 437 434 446 412 408 415 400 441 464 490 487 478 470 438 438 466 486 461 486 506 432 404 430 447 454 439 447 460 460 456 464 461 422 396 421 424 429 452 440 429 428 428 444 419 438 455 434 408 416 432 455 423 420 406 439 440 441 440 472 472 467 470 437 438 461 444 412 437 443 428 476 488 488 481 460 426 413 413 412 424 446 449 399 392 426 422 472 445 451 500 457 444 418 444 405 437 418 431 432 443 389 408 426 434 423 422 426 408 432 430 451 462 453 440 415 426 444 424 447 465 471 467 512 499 486 497 483 476 482 432 429 436 448 480 460 461 497 502 502 464 415 401 426 419 436 446 404 405 429 450 416 416 420 429 447 463 454 458 414 396 428 460 436 415 447 486 467 449 440 409 451 454 
vem trace:

