SDId: 34716127
energy: 4.97197e+17
zenith: 0.362664
azimuth: 2.05735
GPSSeconc: 1126578006
stid: 333
spdistance: 306.813
radio trace:
421 432 462 446 449 434 457 430 439 433 453 427 375 388 385 432 448 412 425 437 390 423 400 418 395 385 411 433 434 419 419 446 424 416 407 409 420 416 434 428 400 415 455 457 443 419 372 367 423 417 404 391 399 428 418 372 369 384 417 430 428 450 493 447 451 434 397 369 422 451 453 433 449 468 440 395 398 426 398 392 378 362 366 407 422 416 439 458 420 403 392 407 387 414 428 416 411 406 407 415 401 374 391 398 410 432 419 400 397 400 431 439 440 430 438 424 460 466 441 418 429 431 429 466 448 429 440 463 449 420 450 454 461 442 431 446 436 419 415 432 414 403 416 456 477 430 422 443 458 454 468 457 463 485 412 421 389 398 408 428 415 423 434 428 441 412 429 462 444 418 438 403 415 437 401 421 429 408 419 422 426 419 416 392 390 407 421 435 450 446 403 435 411 398 383 423 442 454 448 435 442 433 415 432 427 402 430 423 401 431 406 393 414 416 399 415 409 416 442 440 419 428 427 447 416 421 413 402 404 422 437 428 435 432 407 392 404 413 403 403 420 407 434 408 409 423 420 407 409 444 440 427 412 430 440 398 448 465 432 422 411 420 425 425 444 430 425 442 443 420 423 433 420 412 419 438 425 382 370 380 417 470 429 454 440 433 452 435 412 426 414 418 463 447 430 442 428 428 429 434 436 435 461 456 408 410 432 415 421 419 418 426 388 438 429 377 397 401 384 386 422 392 421 448 435 379 407 424 455 470 477 446 458 471 445 412 440 434 428 440 447 437 435 432 451 414 380 436 469 465 484 480 474 474 445 410 400 417 447 450 422 427 428 419 432 442 434 413 437 452 449 398 389 380 413 424 401 404 415 461 448 453 453 439 450 424 436 435 419 393 401 426 471 449 436 438 435 422 428 431 409 412 426 403 404 422 422 440 430 423 421 405 386 394 414 432 460 459 454 449 437 455 456 483 467 433 451 444 443 436 437 418 402 457 456 428 453 444 428 424 433 434 426 431 439 438 431 428 427 426 404 385 409 420 428 456 466 444 455 444 440 387 391 383 415 415 433 441 441 430 431 454 427 402 413 453 417 406 406 404 399 443 449 422 432 427 429 410 404 424 440 450 439 429 453 418 410 411 417 419 403 441 453 427 438 417 447 415 422 408 412 413 417 415 411 444 442 446 439 406 415 436 420 409 413 435 426 425 415 437 419 409 407 443 423 436 433 444 420 377 393 416 407 419 436 460 416 421 427 372 346 391 443 428 414 384 426 439 425 400 417 446 442 448 417 391 407 419 437 425 415 430 443 448 396 428 435 449 458 437 389 396 402 394 398 386 415 442 379 364 402 414 395 376 405 429 443 421 445 452 455 472 479 430 419 413 431 468 455 433 455 449 435 427 406 391 418 450 480 465 475 424 433 432 455 433 418 409 425 425 440 410 420 454 425 450 446 427 410 427 413 425 438 433 461 465 437 442 431 410 408 442 446 437 418 409 400 369 405 450 458 423 427 415 394 419 464 466 429 385 384 423 414 397 393 418 394 417 413 442 426 413 422 439 434 421 430 445 429 444 422 426 449 433 431 430 411 424 412 440 426 384 398 410 423 408 426 435 385 419 437 396 383 383 398 407 416 404 400 416 444 446 451 452 397 401 419 382 359 368 370 387 408 425 408 411 417 412 413 384 402 402 388 394 439 457 459 443 446 450 434 434 410 401 396 417 418 420 383 405 429 406 440 425 396 403 425 435 
vem trace:

stid: 342
spdistance: 1279.45
radio trace:
405 411 433 427 408 413 414 420 376 382 400 433 440 409 389 404 421 428 436 438 412 425 410 413 434 419 402 413 452 408 404 419 448 455 435 426 418 411 412 414 393 402 420 403 392 397 431 412 392 365 384 402 428 408 404 392 400 423 414 419 397 388 386 395 402 404 403 416 380 395 415 443 440 443 462 434 430 429 419 424 424 426 400 388 413 422 383 407 433 429 426 428 398 403 421 440 432 433 405 395 381 374 364 395 408 411 433 434 459 448 413 419 408 399 394 417 406 435 413 424 421 402 406 402 421 421 431 460 466 422 437 441 431 422 424 401 416 406 387 383 438 418 449 427 428 429 439 432 422 404 408 423 430 439 425 434 451 440 404 392 403 411 433 418 445 413 423 412 427 425 428 407 394 382 372 397 423 408 441 436 422 398 395 400 392 398 407 403 410 398 425 441 463 420 397 388 405 425 411 402 408 443 434 407 388 386 417 425 412 423 390 412 425 435 404 429 409 417 437 448 423 421 422 458 435 397 431 434 423 407 407 432 441 423 420 395 395 422 427 405 425 417 418 417 428 444 445 449 414 414 435 438 407 400 418 413 422 430 412 408 419 440 424 406 431 421 423 421 412 390 395 414 410 417 447 457 430 423 436 418 446 425 424 414 422 443 414 396 401 405 418 438 430 443 427 424 424 431 422 405 399 428 427 420 420 429 412 390 397 364 362 358 359 398 380 384 410 354 383 431 420 397 433 448 452 430 412 419 411 384 369 378 416 415 421 410 416 440 416 410 394 410 425 398 419 436 413 403 405 412 423 390 399 397 365 379 406 415 423 401 396 396 405 425 458 428 423 418 422 424 429 394 420 419 427 403 390 397 398 432 411 393 407 383 407 404 420 409 422 428 419 433 414 393 397 393 422 389 375 377 392 385 407 399 422 397 406 376 387 409 403 410 422 422 425 422 415 421 426 446 430 396 402 407 443 456 455 409 388 419 394 388 418 410 409 424 452 434 412 411 408 405 404 391 395 409 434 416 383 367 410 383 395 392 377 426 432 429 423 438 417 414 393 394 433 439 449 396 413 411 416 441 431 436 457 444 439 447 434 442 430 413 415 425 426 418 420 424 439 411 373 392 390 420 412 431 445 438 439 446 411 437 436 425 407 394 399 424 406 421 416 417 438 419 401 379 385 380 371 375 398 399 427 398 383 405 416 425 405 413 417 400 380 371 377 394 391 407 443 405 398 422 413 406 406 396 383 381 421 407 406 402 414 411 424 453 417 435 438 448 402 437 439 448 421 411 422 422 418 404 384 397 430 411 382 382 409 427 425 426 414 380 370 403 421 440 414 399 422 401 432 433 442 437 443 443 421 413 431 405 457 456 439 419 383 415 429 424 432 426 408 400 386 365 374 379 394 384 404 404 411 421 423 421 401 403 413 415 422 415 400 404 411 401 410 408 390 415 434 447 418 448 429 429 405 381 402 401 413 422 424 442 446 433 427 389 423 421 439 416 420 425 442 456 465 436 378 389 397 380 364 369 390 432 423 404 405 420 412 420 423 403 395 422 421 457 450 418 399 414 440 442 430 412 389 418 432 455 420 385 383 393 381 380 400 428 418 407 415 425 448 427 401 422 420 402 396 378 356 391 403 416 459 439 403 408 389 417 396 371 384 406 363 385 397 413 419 432 455 460 458 435 425 399 418 440 398 350 389 381 387 397 359 345 368 399 399 400 392 400 401 405 413 411 451 442 453 423 
vem trace:

