SDId: 34748244
energy: 2.67524e+17
zenith: 0.141277
azimuth: 3.69416
GPSSeconc: 1126759800
stid: 341
spdistance: 1292.64
radio trace:
512 529 518 458 460 507 499 513 469 507 519 515 504 481 504 507 510 536 526 511 517 512 497 517 484 477 498 502 529 558 565 555 523 554 529 515 539 520 495 519 501 467 493 530 545 505 527 550 520 492 486 511 459 456 494 512 486 525 519 487 492 518 471 487 505 525 529 493 470 461 472 497 495 481 441 485 490 523 478 486 498 499 501 496 482 493 506 517 522 536 528 512 531 527 482 525 526 513 501 514 478 456 490 512 560 558 558 522 544 529 507 500 468 457 503 478 453 429 459 500 501 515 508 479 466 521 525 530 518 472 473 516 517 527 554 532 525 473 506 545 561 505 488 524 527 500 496 473 488 479 501 545 538 495 475 488 479 517 528 522 506 474 446 474 479 501 512 483 468 472 489 524 517 508 553 550 516 498 488 502 506 491 493 534 555 531 505 506 524 546 505 496 502 504 494 540 538 508 548 497 492 496 536 547 533 494 493 527 508 514 528 534 505 502 471 519 518 524 508 502 519 504 453 448 477 526 545 519 526 502 451 476 527 516 487 486 502 516 487 474 474 511 480 529 544 499 497 492 527 551 520 524 498 524 562 559 521 525 509 499 488 479 492 513 548 552 512 549 575 584 551 539 534 503 502 484 481 471 503 523 519 500 493 511 527 524 552 535 514 508 492 445 483 517 509 508 499 511 517 487 540 579 556 546 549 519 496 510 512 538 527 507 511 488 498 517 541 519 492 507 490 491 481 470 465 495 553 510 460 486 472 496 487 500 551 512 512 491 481 482 498 471 475 493 505 501 506 467 482 485 527 497 514 502 510 489 470 491 487 518 526 519 510 497 446 477 448 479 519 527 510 491 510 494 511 501 531 517 518 530 541 501 475 488 482 491 521 504 455 441 517 491 450 528 530 511 542 553 572 543 487 496 555 518 505 475 499 516 499 460 459 519 515 543 524 536 507 471 525 503 449 487 477 488 541 545 541 483 473 474 459 477 506 535 515 499 511 504 484 520 522 486 501 500 495 470 472 443 457 477 459 462 523 555 520 454 467 502 529 499 509 514 499 519 509 484 477 452 450 451 440 446 498 513 494 496 515 510 540 526 505 507 520 497 536 526 505 492 500 514 528 506 479 507 515 546 582 572 539 502 493 487 488 493 493 531 511 486 494 499 496 528 536 513 466 493 459 509 482 490 544 562 540 515 487 505 545 551 567 573 504 503 499 512 506 529 533 545 526 551 529 491 493 493 480 482 494 486 500 482 490 499 474 477 485 498 509 510 479 466 493 511 480 466 471 468 482 505 473 483 480 495 496 548 546 553 536 525 534 498 525 511 511 524 503 491 512 498 502 490 497 459 499 527 540 490 471 471 466 477 486 481 465 446 438 447 476 472 475 465 470 460 473 485 525 537 507 549 533 534 552 541 495 534 510 494 490 502 509 483 455 460 497 478 472 480 477 478 461 491 515 559 525 492 507 498 500 493 505 506 487 500 505 517 480 473 450 462 457 461 454 489 460 493 497 482 490 535 546 486 519 529 523 513 495 487 492 472 441 473 541 541 541 519 474 512 503 533 543 524 505 536 513 521 513 522 537 509 496 468 477 519 490 498 518 510 499 484 480 506 528 491 526 505 539 531 541 492 457 464 491 452 461 513 527 513 502 498 502 483 475 464 459 475 501 534 502 519 537 509 487 500 516 502 432 470 522 522 542 511 472 455 463 493 510 515 504 478 442 462 481 460 470 494 486 496 464 515 
vem trace:

stid: 341
spdistance: 1292.64
radio trace:
512 529 518 458 460 507 499 513 469 507 519 515 504 481 504 507 510 536 526 511 517 512 497 517 484 477 498 502 529 558 565 555 523 554 529 515 539 520 495 519 501 467 493 530 545 505 527 550 520 492 486 511 459 456 494 512 486 525 519 487 492 518 471 487 505 525 529 493 470 461 472 497 495 481 441 485 490 523 478 486 498 499 501 496 482 493 506 517 522 536 528 512 531 527 482 525 526 513 501 514 478 456 490 512 560 558 558 522 544 529 507 500 468 457 503 478 453 429 459 500 501 515 508 479 466 521 525 530 518 472 473 516 517 527 554 532 525 473 506 545 561 505 488 524 527 500 496 473 488 479 501 545 538 495 475 488 479 517 528 522 506 474 446 474 479 501 512 483 468 472 489 524 517 508 553 550 516 498 488 502 506 491 493 534 555 531 505 506 524 546 505 496 502 504 494 540 538 508 548 497 492 496 536 547 533 494 493 527 508 514 528 534 505 502 471 519 518 524 508 502 519 504 453 448 477 526 545 519 526 502 451 476 527 516 487 486 502 516 487 474 474 511 480 529 544 499 497 492 527 551 520 524 498 524 562 559 521 525 509 499 488 479 492 513 548 552 512 549 575 584 551 539 534 503 502 484 481 471 503 523 519 500 493 511 527 524 552 535 514 508 492 445 483 517 509 508 499 511 517 487 540 579 556 546 549 519 496 510 512 538 527 507 511 488 498 517 541 519 492 507 490 491 481 470 465 495 553 510 460 486 472 496 487 500 551 512 512 491 481 482 498 471 475 493 505 501 506 467 482 485 527 497 514 502 510 489 470 491 487 518 526 519 510 497 446 477 448 479 519 527 510 491 510 494 511 501 531 517 518 530 541 501 475 488 482 491 521 504 455 441 517 491 450 528 530 511 542 553 572 543 487 496 555 518 505 475 499 516 499 460 459 519 515 543 524 536 507 471 525 503 449 487 477 488 541 545 541 483 473 474 459 477 506 535 515 499 511 504 484 520 522 486 501 500 495 470 472 443 457 477 459 462 523 555 520 454 467 502 529 499 509 514 499 519 509 484 477 452 450 451 440 446 498 513 494 496 515 510 540 526 505 507 520 497 536 526 505 492 500 514 528 506 479 507 515 546 582 572 539 502 493 487 488 493 493 531 511 486 494 499 496 528 536 513 466 493 459 509 482 490 544 562 540 515 487 505 545 551 567 573 504 503 499 512 506 529 533 545 526 551 529 491 493 493 480 482 494 486 500 482 490 499 474 477 485 498 509 510 479 466 493 511 480 466 471 468 482 505 473 483 480 495 496 548 546 553 536 525 534 498 525 511 511 524 503 491 512 498 502 490 497 459 499 527 540 490 471 471 466 477 486 481 465 446 438 447 476 472 475 465 470 460 473 485 525 537 507 549 533 534 552 541 495 534 510 494 490 502 509 483 455 460 497 478 472 480 477 478 461 491 515 559 525 492 507 498 500 493 505 506 487 500 505 517 480 473 450 462 457 461 454 489 460 493 497 482 490 535 546 486 519 529 523 513 495 487 492 472 441 473 541 541 541 519 474 512 503 533 543 524 505 536 513 521 513 522 537 509 496 468 477 519 490 498 518 510 499 484 480 506 528 491 526 505 539 531 541 492 457 464 491 452 461 513 527 513 502 498 502 483 475 464 459 475 501 534 502 519 537 509 487 500 516 502 432 470 522 522 542 511 472 455 463 493 510 515 504 478 442 462 481 460 470 494 486 496 464 515 
vem trace:

