SDId: 34788179
energy: 2.94913e+17
zenith: 0.510967
azimuth: 3.14057
GPSSeconc: 1127006085
stid: 341
spdistance: 645.269
radio trace:
487 480 465 444 485 455 467 504 524 485 466 475 486 495 530 546 537 508 526 544 497 513 520 488 472 488 503 495 526 508 519 524 536 564 509 507 524 502 459 482 508 521 515 494 499 514 505 492 473 480 490 480 519 506 493 523 554 484 452 512 528 522 477 465 493 524 495 532 530 517 515 491 467 471 500 529 511 510 482 445 485 496 549 542 509 517 508 522 536 551 532 513 478 481 522 527 517 541 527 500 514 511 508 500 506 539 487 506 512 522 484 468 482 439 492 496 533 543 534 540 548 544 552 536 524 519 469 459 491 497 496 507 504 499 480 511 497 489 464 491 499 520 505 477 490 509 452 474 521 527 531 506 486 472 485 500 539 479 496 529 495 514 528 525 516 506 502 477 524 505 530 490 475 499 523 499 497 473 432 439 459 488 457 456 481 482 482 485 479 530 554 535 527 540 525 516 471 451 455 497 478 454 456 445 452 479 481 466 483 479 492 506 487 462 486 493 493 485 490 509 496 490 497 486 496 505 506 501 497 498 485 518 493 530 537 534 534 489 492 540 578 539 507 521 517 492 490 476 539 536 521 521 512 486 456 509 492 496 495 480 496 487 490 525 532 502 505 529 527 540 547 512 487 497 523 527 501 489 500 507 484 522 541 500 450 465 497 542 551 565 534 499 506 534 515 510 469 471 500 531 524 497 516 494 530 535 519 547 567 554 554 491 506 492 476 459 456 453 459 469 477 486 536 529 529 518 506 496 501 486 477 479 486 488 515 509 501 485 468 470 496 513 529 510 521 540 520 522 495 462 463 525 550 571 545 502 508 467 464 514 553 520 502 507 535 524 540 508 487 490 498 488 511 526 511 501 513 522 491 455 426 449 475 509 510 535 512 505 513 500 506 504 477 442 468 487 481 514 519 537 537 519 524 495 485 482 493 492 510 510 523 523 517 533 546 519 518 499 527 516 481 487 505 523 490 467 528 540 558 515 515 569 568 557 511 525 525 513 507 480 470 498 461 443 466 488 516 498 516 523 526 527 532 517 520 534 493 530 513 517 511 535 487 473 449 434 483 481 514 567 561 551 501 448 445 457 489 456 478 487 474 486 496 524 550 543 493 484 477 455 473 468 513 513 494 509 531 530 488 449 438 521 532 516 476 476 510 492 492 479 511 518 473 432 460 449 412 436 458 510 511 474 483 520 517 526 531 514 530 512 544 546 530 508 489 510 542 518 506 478 467 470 471 494 553 535 529 515 489 500 526 505 461 500 485 472 453 486 476 542 524 491 480 520 535 515 532 516 523 548 547 508 515 527 490 487 519 510 509 510 526 523 494 530 458 456 461 485 506 526 513 537 541 517 534 519 514 477 484 490 475 483 502 502 471 458 496 514 527 511 521 518 482 498 501 467 457 482 497 479 493 508 515 513 480 510 520 521 522 508 489 496 462 500 532 526 496 512 528 543 519 499 486 480 495 493 526 545 534 516 519 512 504 474 503 530 494 508 476 492 495 477 494 530 497 470 475 530 529 529 509 508 516 544 515 550 528 535 535 512 507 470 506 501 538 535 526 506 531 505 510 518 483 489 485 490 527 490 479 503 485 464 516 509 507 527 491 498 498 524 505 503 471 481 532 533 564 575 574 553 559 537 506 526 510 521 516 503 518 520 549 495 517 539 522 511 524 542 520 486 522 515 519 499 466 458 459 492 483 506 507 481 496 475 517 529 494 499 524 493 469 487 471 510 538 543 522 563 
vem trace:

stid: 341
spdistance: 645.269
radio trace:
487 480 465 444 485 455 467 504 524 485 466 475 486 495 530 546 537 508 526 544 497 513 520 488 472 488 503 495 526 508 519 524 536 564 509 507 524 502 459 482 508 521 515 494 499 514 505 492 473 480 490 480 519 506 493 523 554 484 452 512 528 522 477 465 493 524 495 532 530 517 515 491 467 471 500 529 511 510 482 445 485 496 549 542 509 517 508 522 536 551 532 513 478 481 522 527 517 541 527 500 514 511 508 500 506 539 487 506 512 522 484 468 482 439 492 496 533 543 534 540 548 544 552 536 524 519 469 459 491 497 496 507 504 499 480 511 497 489 464 491 499 520 505 477 490 509 452 474 521 527 531 506 486 472 485 500 539 479 496 529 495 514 528 525 516 506 502 477 524 505 530 490 475 499 523 499 497 473 432 439 459 488 457 456 481 482 482 485 479 530 554 535 527 540 525 516 471 451 455 497 478 454 456 445 452 479 481 466 483 479 492 506 487 462 486 493 493 485 490 509 496 490 497 486 496 505 506 501 497 498 485 518 493 530 537 534 534 489 492 540 578 539 507 521 517 492 490 476 539 536 521 521 512 486 456 509 492 496 495 480 496 487 490 525 532 502 505 529 527 540 547 512 487 497 523 527 501 489 500 507 484 522 541 500 450 465 497 542 551 565 534 499 506 534 515 510 469 471 500 531 524 497 516 494 530 535 519 547 567 554 554 491 506 492 476 459 456 453 459 469 477 486 536 529 529 518 506 496 501 486 477 479 486 488 515 509 501 485 468 470 496 513 529 510 521 540 520 522 495 462 463 525 550 571 545 502 508 467 464 514 553 520 502 507 535 524 540 508 487 490 498 488 511 526 511 501 513 522 491 455 426 449 475 509 510 535 512 505 513 500 506 504 477 442 468 487 481 514 519 537 537 519 524 495 485 482 493 492 510 510 523 523 517 533 546 519 518 499 527 516 481 487 505 523 490 467 528 540 558 515 515 569 568 557 511 525 525 513 507 480 470 498 461 443 466 488 516 498 516 523 526 527 532 517 520 534 493 530 513 517 511 535 487 473 449 434 483 481 514 567 561 551 501 448 445 457 489 456 478 487 474 486 496 524 550 543 493 484 477 455 473 468 513 513 494 509 531 530 488 449 438 521 532 516 476 476 510 492 492 479 511 518 473 432 460 449 412 436 458 510 511 474 483 520 517 526 531 514 530 512 544 546 530 508 489 510 542 518 506 478 467 470 471 494 553 535 529 515 489 500 526 505 461 500 485 472 453 486 476 542 524 491 480 520 535 515 532 516 523 548 547 508 515 527 490 487 519 510 509 510 526 523 494 530 458 456 461 485 506 526 513 537 541 517 534 519 514 477 484 490 475 483 502 502 471 458 496 514 527 511 521 518 482 498 501 467 457 482 497 479 493 508 515 513 480 510 520 521 522 508 489 496 462 500 532 526 496 512 528 543 519 499 486 480 495 493 526 545 534 516 519 512 504 474 503 530 494 508 476 492 495 477 494 530 497 470 475 530 529 529 509 508 516 544 515 550 528 535 535 512 507 470 506 501 538 535 526 506 531 505 510 518 483 489 485 490 527 490 479 503 485 464 516 509 507 527 491 498 498 524 505 503 471 481 532 533 564 575 574 553 559 537 506 526 510 521 516 503 518 520 549 495 517 539 522 511 524 542 520 486 522 515 519 499 466 458 459 492 483 506 507 481 496 475 517 529 494 499 524 493 469 487 471 510 538 543 522 563 
vem trace:

