SDId: 34751960
energy: 7.73719e+17
zenith: 0.676965
azimuth: 2.13746
GPSSeconc: 1126779667
stid: 341
spdistance: 883.107
radio trace:
514 484 512 515 524 530 521 578 569 505 501 466 466 487 519 540 524 521 559 552 518 475 484 511 527 518 546 537 538 504 456 482 487 515 527 515 488 497 505 501 511 491 494 492 505 527 449 439 461 466 505 519 505 510 499 505 483 446 463 502 500 535 575 574 544 502 486 512 521 505 510 529 521 501 474 423 447 498 524 554 558 531 465 470 455 444 445 458 471 489 484 506 520 514 490 459 467 489 504 495 478 511 521 537 552 520 507 498 510 504 469 448 469 553 521 494 515 501 464 486 484 487 460 464 463 494 492 511 501 507 441 438 460 469 471 520 511 509 543 524 512 511 491 541 490 466 457 492 475 478 492 472 473 458 463 449 455 462 494 525 514 523 500 499 522 553 550 505 514 502 483 491 482 472 496 510 515 489 458 423 490 457 459 473 458 498 519 501 492 481 509 498 467 501 500 489 464 484 510 535 541 461 516 474 474 482 479 473 473 480 498 471 457 492 461 480 494 478 457 488 497 503 492 456 515 485 478 474 505 508 510 509 497 506 503 508 476 456 452 495 555 598 562 557 545 482 509 487 512 490 515 537 543 477 531 486 458 471 489 484 513 517 476 446 480 497 474 447 469 503 475 443 461 478 454 467 509 521 497 488 529 529 520 472 483 467 462 488 527 508 513 516 491 472 508 486 467 448 434 480 510 520 483 506 491 481 469 487 499 507 523 507 505 504 493 528 501 456 474 509 522 505 497 496 490 505 487 480 515 506 499 469 474 490 492 500 484 500 540 502 451 416 440 470 513 525 510 478 502 445 423 472 527 543 519 497 451 474 478 476 446 459 427 447 453 476 449 478 471 477 481 485 493 481 505 538 527 464 478 530 495 465 426 493 509 483 467 467 492 479 495 475 471 496 495 496 475 494 500 514 510 502 492 479 475 500 481 486 469 479 495 468 442 457 483 493 459 502 508 492 517 534 484 475 478 466 444 466 508 520 521 466 481 481 478 439 464 522 534 496 478 528 540 508 453 481 512 521 494 482 489 494 503 503 494 497 454 486 470 479 479 490 515 510 460 464 471 479 471 516 504 470 477 485 485 496 518 515 517 507 511 468 485 517 531 527 539 503 466 470 508 494 528 491 486 470 478 496 480 510 522 490 458 482 458 462 482 471 491 479 497 495 476 469 481 520 471 517 536 503 482 471 489 491 472 467 483 483 464 448 459 475 481 454 448 475 499 472 503 518 474 486 486 473 507 515 507 516 559 548 553 555 549 550 512 553 545 507 488 474 471 482 476 461 452 500 477 479 462 481 460 451 454 484 524 501 503 527 504 499 522 518 492 480 456 481 491 503 534 494 497 521 487 474 461 447 436 478 460 482 479 490 506 492 493 486 447 471 486 474 475 505 509 508 502 518 520 558 529 499 480 472 452 477 503 470 481 485 463 463 472 444 455 467 488 505 509 530 530 493 484 466 486 483 476 486 457 472 508 498 493 482 497 556 537 553 531 492 507 489 461 474 479 459 478 493 464 507 541 531 530 535 488 491 465 484 498 498 493 518 502 487 456 463 477 477 488 490 511 484 510 512 530 519 517 519 524 517 502 488 472 503 484 465 469 470 491 497 515 513 485 475 491 504 469 466 483 568 521 497 472 474 512 524 500 496 503 484 460 446 480 575 531 505 513 502 511 478 491 494 478 481 493 528 517 515 474 490 491 489 475 466 457 490 489 540 529 538 523 519 499 496 501 503 561 559 515 507 
vem trace:

stid: 341
spdistance: 883.107
radio trace:
514 484 512 515 524 530 521 578 569 505 501 466 466 487 519 540 524 521 559 552 518 475 484 511 527 518 546 537 538 504 456 482 487 515 527 515 488 497 505 501 511 491 494 492 505 527 449 439 461 466 505 519 505 510 499 505 483 446 463 502 500 535 575 574 544 502 486 512 521 505 510 529 521 501 474 423 447 498 524 554 558 531 465 470 455 444 445 458 471 489 484 506 520 514 490 459 467 489 504 495 478 511 521 537 552 520 507 498 510 504 469 448 469 553 521 494 515 501 464 486 484 487 460 464 463 494 492 511 501 507 441 438 460 469 471 520 511 509 543 524 512 511 491 541 490 466 457 492 475 478 492 472 473 458 463 449 455 462 494 525 514 523 500 499 522 553 550 505 514 502 483 491 482 472 496 510 515 489 458 423 490 457 459 473 458 498 519 501 492 481 509 498 467 501 500 489 464 484 510 535 541 461 516 474 474 482 479 473 473 480 498 471 457 492 461 480 494 478 457 488 497 503 492 456 515 485 478 474 505 508 510 509 497 506 503 508 476 456 452 495 555 598 562 557 545 482 509 487 512 490 515 537 543 477 531 486 458 471 489 484 513 517 476 446 480 497 474 447 469 503 475 443 461 478 454 467 509 521 497 488 529 529 520 472 483 467 462 488 527 508 513 516 491 472 508 486 467 448 434 480 510 520 483 506 491 481 469 487 499 507 523 507 505 504 493 528 501 456 474 509 522 505 497 496 490 505 487 480 515 506 499 469 474 490 492 500 484 500 540 502 451 416 440 470 513 525 510 478 502 445 423 472 527 543 519 497 451 474 478 476 446 459 427 447 453 476 449 478 471 477 481 485 493 481 505 538 527 464 478 530 495 465 426 493 509 483 467 467 492 479 495 475 471 496 495 496 475 494 500 514 510 502 492 479 475 500 481 486 469 479 495 468 442 457 483 493 459 502 508 492 517 534 484 475 478 466 444 466 508 520 521 466 481 481 478 439 464 522 534 496 478 528 540 508 453 481 512 521 494 482 489 494 503 503 494 497 454 486 470 479 479 490 515 510 460 464 471 479 471 516 504 470 477 485 485 496 518 515 517 507 511 468 485 517 531 527 539 503 466 470 508 494 528 491 486 470 478 496 480 510 522 490 458 482 458 462 482 471 491 479 497 495 476 469 481 520 471 517 536 503 482 471 489 491 472 467 483 483 464 448 459 475 481 454 448 475 499 472 503 518 474 486 486 473 507 515 507 516 559 548 553 555 549 550 512 553 545 507 488 474 471 482 476 461 452 500 477 479 462 481 460 451 454 484 524 501 503 527 504 499 522 518 492 480 456 481 491 503 534 494 497 521 487 474 461 447 436 478 460 482 479 490 506 492 493 486 447 471 486 474 475 505 509 508 502 518 520 558 529 499 480 472 452 477 503 470 481 485 463 463 472 444 455 467 488 505 509 530 530 493 484 466 486 483 476 486 457 472 508 498 493 482 497 556 537 553 531 492 507 489 461 474 479 459 478 493 464 507 541 531 530 535 488 491 465 484 498 498 493 518 502 487 456 463 477 477 488 490 511 484 510 512 530 519 517 519 524 517 502 488 472 503 484 465 469 470 491 497 515 513 485 475 491 504 469 466 483 568 521 497 472 474 512 524 500 496 503 484 460 446 480 575 531 505 513 502 511 478 491 494 478 481 493 528 517 515 474 490 491 489 475 466 457 490 489 540 529 538 523 519 499 496 501 503 561 559 515 507 
vem trace:

