SDId: 34730782
energy: 1.52666e+17
zenith: 0.414762
azimuth: 3.59988
GPSSeconc: 1126662019
stid: 333
spdistance: 675.879
radio trace:
487 476 428 427 413 420 414 425 446 442 445 421 462 439 415 407 433 432 439 412 423 398 383 438 460 437 439 404 412 418 435 463 458 431 433 421 422 465 473 456 440 452 440 456 480 432 417 373 379 414 468 458 496 467 433 455 441 448 439 437 410 451 429 428 403 430 488 432 441 492 487 483 453 465 442 398 454 434 448 461 476 466 435 467 454 452 419 418 453 447 435 426 404 422 429 473 446 427 457 464 456 442 444 424 446 436 409 397 424 419 420 447 478 451 438 459 455 459 427 415 417 417 462 461 435 436 431 452 434 420 406 414 438 442 455 421 391 419 431 418 421 451 476 478 437 429 463 451 433 458 458 473 438 464 474 468 481 470 456 430 411 430 440 439 455 435 432 428 413 434 408 421 455 461 474 491 448 419 421 441 434 420 423 449 475 488 429 402 433 414 410 407 392 380 390 421 448 439 401 398 415 482 499 457 422 449 430 469 464 425 397 425 449 431 393 459 478 468 479 465 454 436 420 424 436 440 450 404 431 427 438 440 462 440 410 429 463 445 451 451 459 410 404 404 371 401 396 433 425 446 468 473 453 405 414 431 455 407 427 447 455 439 438 438 443 456 449 447 435 436 431 399 396 424 438 464 456 433 439 418 396 437 431 467 430 495 467 463 455 430 418 437 459 470 447 426 450 455 447 435 464 466 469 427 447 417 366 401 395 395 406 399 408 443 460 416 441 408 399 407 445 450 425 458 474 466 451 446 438 457 426 448 444 429 452 458 454 488 420 434 450 411 403 415 414 434 442 463 473 487 461 478 455 444 425 424 463 472 467 453 443 435 394 407 447 479 475 481 456 438 465 445 475 493 494 444 440 441 419 382 388 422 454 448 443 461 444 493 460 460 409 443 444 439 388 388 426 445 395 411 428 427 402 401 433 470 447 455 459 435 461 424 459 440 437 425 434 462 443 447 455 414 426 466 449 447 416 402 412 435 402 409 415 402 398 399 418 427 437 414 425 421 432 438 450 478 454 432 453 446 443 462 433 453 477 441 425 406 422 419 454 471 457 459 472 467 441 436 413 404 413 454 432 447 468 448 415 417 413 437 435 407 389 405 385 385 428 466 460 463 447 469 480 448 424 459 450 423 419 397 402 416 419 440 399 416 392 420 426 428 452 436 410 404 419 409 408 391 418 422 415 436 450 460 479 477 472 459 470 454 453 432 405 453 429 422 423 456 445 436 440 407 459 460 434 442 453 418 401 403 433 477 486 476 470 421 447 425 438 441 450 444 462 440 433 401 441 424 423 441 444 473 458 466 454 442 432 427 409 435 434 434 439 424 422 427 436 432 423 438 416 449 453 449 470 450 417 413 437 414 398 420 420 420 440 460 453 407 409 460 464 471 439 436 414 444 452 435 433 432 431 453 438 462 484 448 430 428 422 437 424 412 408 453 435 444 473 426 383 425 458 440 409 419 389 402 440 456 459 449 439 428 431 458 462 443 448 425 437 450 450 431 415 432 417 438 419 436 470 454 453 444 446 433 449 466 501 473 472 451 413 411 431 433 424 429 432 413 379 423 419 409 399 439 416 439 483 434 439 453 433 422 433 445 458 432 419 426 416 413 438 422 441 463 467 475 466 454 457 407 429 431 406 462 497 490 488 467 451 417 410 427 440 451 464 467 438 454 426 421 433 412 420 424 410 421 438 418 424 424 404 420 434 456 461 420 403 437 439 408 435 442 441 455 459 456 438 431 
vem trace:

stid: 342
spdistance: 1129.43
radio trace:
409 427 443 454 466 458 424 424 428 450 444 422 424 440 443 435 439 444 435 452 442 434 459 458 438 435 421 415 422 411 423 442 429 406 437 437 425 455 455 464 480 467 481 463 457 431 412 413 442 410 395 392 418 409 411 444 449 455 415 438 477 439 430 414 453 450 417 423 424 435 432 451 417 446 434 443 442 448 464 467 482 433 426 452 444 479 458 467 455 450 427 420 438 401 409 450 458 432 437 452 469 481 453 437 433 427 436 456 413 423 415 438 446 459 450 447 420 430 428 408 403 436 422 423 431 441 456 457 466 428 403 407 415 437 391 410 449 433 436 449 459 450 434 419 419 435 481 471 466 449 432 417 442 424 432 460 443 428 434 445 447 458 450 449 418 417 439 459 459 443 443 424 440 440 435 445 405 386 401 421 416 434 436 414 396 431 469 484 462 446 423 440 445 447 442 433 440 451 457 455 450 408 435 431 447 438 443 442 444 449 446 471 436 444 432 387 381 412 438 418 453 435 409 396 410 427 411 427 441 440 469 443 455 443 441 455 459 456 433 437 440 438 459 413 425 421 461 461 436 455 458 447 455 447 417 420 432 449 442 439 463 448 398 413 423 402 412 423 429 408 415 431 458 412 406 414 426 446 441 437 430 440 467 470 446 451 409 400 402 441 418 387 411 432 444 462 454 434 436 436 432 443 440 415 435 415 416 431 433 444 441 423 417 454 470 465 456 455 457 463 430 430 439 437 438 433 429 415 423 409 408 452 452 446 440 450 441 449 450 449 441 440 456 467 451 448 442 450 447 466 458 444 431 431 441 392 400 387 412 437 430 449 456 451 449 426 432 421 402 388 395 424 415 423 403 380 386 404 397 437 455 451 420 430 466 441 417 380 398 406 397 433 418 413 433 432 424 418 437 416 450 476 469 450 450 439 410 424 415 427 416 427 470 454 444 429 439 450 439 454 473 471 449 428 438 427 456 455 422 431 463 452 448 447 433 442 438 445 448 430 460 449 445 443 442 439 435 449 408 386 398 407 380 417 439 433 432 458 470 469 418 404 416 408 392 404 405 428 458 438 436 414 444 454 442 448 464 433 427 437 424 392 419 446 434 436 457 435 417 413 424 442 457 442 420 458 438 424 465 447 442 463 439 429 393 420 420 419 427 458 459 429 433 433 430 436 407 443 444 442 431 400 424 428 402 433 397 444 447 422 435 439 423 435 450 443 437 433 440 443 448 450 473 479 464 452 448 438 452 447 435 422 434 441 419 420 408 407 403 424 421 456 439 406 398 393 438 455 443 429 415 450 458 440 434 417 428 442 437 419 437 433 446 444 446 435 452 432 439 469 464 481 451 421 420 412 417 434 440 420 410 424 438 415 424 475 472 441 441 464 442 429 442 435 458 467 458 442 465 447 419 424 444 446 429 439 428 427 417 425 412 406 420 406 423 416 419 437 415 412 464 431 416 400 383 424 431 435 431 401 385 397 431 444 446 400 389 416 434 448 433 454 442 424 442 466 454 436 452 451 451 436 428 448 439 451 433 435 435 434 442 446 455 447 465 474 453 444 425 450 411 417 406 414 423 440 415 399 421 423 426 430 430 420 435 464 454 444 440 451 449 437 459 445 441 431 413 427 429 440 427 414 417 430 432 438 451 418 386 431 440 437 444 454 441 461 460 458 454 433 435 461 422 439 454 431 459 434 439 438 453 460 471 484 501 467 461 458 457 452 467 430 430 439 422 408 420 386 
vem trace:

