SDId: 34591400
energy: 5.59064e+17
zenith: 0.509263
azimuth: 4.16198
GPSSeconc: 1125945710
stid: 341
spdistance: 1131.4
radio trace:
533 550 534 490 500 536 543 552 521 530 542 541 544 518 537 510 515 527 498 465 477 501 472 510 506 513 534 513 500 528 541 539 516 531 498 486 478 499 484 487 528 523 496 525 514 530 506 489 485 499 517 511 506 513 532 521 544 523 519 481 484 459 488 486 488 535 553 538 538 533 530 494 458 520 532 542 509 524 561 545 503 512 533 549 569 538 534 527 544 558 542 523 557 568 514 509 510 514 478 510 509 513 494 477 461 486 502 526 501 509 501 530 542 523 482 505 481 491 504 474 465 458 514 562 542 503 530 510 528 551 552 543 516 521 528 509 488 509 475 474 453 480 524 538 529 568 542 512 499 487 487 506 514 536 485 473 485 470 491 500 479 500 530 489 527 531 500 513 527 538 500 488 525 537 526 512 532 532 534 550 492 494 498 537 553 545 557 542 523 507 522 513 488 527 578 545 532 504 524 504 479 494 535 553 585 560 513 521 568 538 523 526 501 527 537 507 482 511 526 522 509 514 482 473 485 507 496 482 513 522 518 517 491 495 527 536 525 515 500 470 500 529 510 500 548 497 503 535 542 496 504 514 517 515 494 498 490 487 499 522 515 514 526 501 495 487 521 536 574 604 584 565 554 556 548 514 528 510 501 505 520 515 494 513 538 561 545 519 501 511 500 533 500 546 564 589 548 507 513 521 538 540 535 540 544 529 526 495 526 494 489 475 485 492 498 533 530 488 465 532 551 576 559 594 509 502 493 479 439 452 491 489 475 505 476 471 463 508 521 494 505 500 485 518 499 502 509 539 545 544 546 531 549 512 480 446 462 484 511 523 529 510 505 507 512 512 492 489 508 513 499 512 536 527 557 538 517 520 520 512 535 549 553 526 502 542 520 480 485 513 505 511 499 533 520 540 489 507 484 496 541 548 512 535 516 504 488 494 511 520 509 493 514 547 559 523 505 476 485 513 530 539 549 538 514 519 497 537 513 505 497 462 447 503 516 522 521 523 550 537 523 520 517 514 532 482 460 466 494 536 553 523 489 481 525 502 481 503 484 496 519 516 561 518 495 510 517 469 502 551 565 554 501 534 515 493 511 527 534 526 486 491 481 497 531 557 546 542 512 500 495 495 520 493 552 528 509 543 563 525 508 524 544 531 549 550 527 544 527 515 500 520 469 490 545 544 517 494 502 509 500 491 536 556 557 587 585 538 524 516 498 496 487 485 494 491 484 495 486 491 493 485 506 526 538 534 529 505 498 508 535 520 499 530 514 508 511 526 536 556 537 523 510 510 487 513 523 511 489 528 533 556 525 539 529 516 521 493 523 519 562 562 525 537 556 532 517 506 504 490 520 516 521 526 491 469 495 499 510 529 523 526 504 520 522 544 568 523 495 506 525 503 465 468 454 477 490 496 536 542 536 516 512 547 507 521 518 490 490 503 505 503 531 566 522 550 530 546 523 511 523 511 486 469 537 520 494 481 491 464 502 518 511 459 477 486 516 479 472 512 527 523 519 515 507 500 484 487 507 520 518 504 502 514 496 498 538 540 541 571 569 529 515 505 534 520 525 509 485 485 462 485 500 500 497 528 511 506 526 508 518 492 491 512 537 565 584 566 566 516 542 544 517 535 558 529 501 497 493 516 551 527 549 512 532 532 526 532 520 492 502 502 530 520 499 451 465 486 486 470 484 474 468 530 540 544 542 508 478 509 469 459 521 501 515 502 486 501 474 511 503 486 486 521 566 566 543 514 
vem trace:

stid: 341
spdistance: 1131.4
radio trace:
533 550 534 490 500 536 543 552 521 530 542 541 544 518 537 510 515 527 498 465 477 501 472 510 506 513 534 513 500 528 541 539 516 531 498 486 478 499 484 487 528 523 496 525 514 530 506 489 485 499 517 511 506 513 532 521 544 523 519 481 484 459 488 486 488 535 553 538 538 533 530 494 458 520 532 542 509 524 561 545 503 512 533 549 569 538 534 527 544 558 542 523 557 568 514 509 510 514 478 510 509 513 494 477 461 486 502 526 501 509 501 530 542 523 482 505 481 491 504 474 465 458 514 562 542 503 530 510 528 551 552 543 516 521 528 509 488 509 475 474 453 480 524 538 529 568 542 512 499 487 487 506 514 536 485 473 485 470 491 500 479 500 530 489 527 531 500 513 527 538 500 488 525 537 526 512 532 532 534 550 492 494 498 537 553 545 557 542 523 507 522 513 488 527 578 545 532 504 524 504 479 494 535 553 585 560 513 521 568 538 523 526 501 527 537 507 482 511 526 522 509 514 482 473 485 507 496 482 513 522 518 517 491 495 527 536 525 515 500 470 500 529 510 500 548 497 503 535 542 496 504 514 517 515 494 498 490 487 499 522 515 514 526 501 495 487 521 536 574 604 584 565 554 556 548 514 528 510 501 505 520 515 494 513 538 561 545 519 501 511 500 533 500 546 564 589 548 507 513 521 538 540 535 540 544 529 526 495 526 494 489 475 485 492 498 533 530 488 465 532 551 576 559 594 509 502 493 479 439 452 491 489 475 505 476 471 463 508 521 494 505 500 485 518 499 502 509 539 545 544 546 531 549 512 480 446 462 484 511 523 529 510 505 507 512 512 492 489 508 513 499 512 536 527 557 538 517 520 520 512 535 549 553 526 502 542 520 480 485 513 505 511 499 533 520 540 489 507 484 496 541 548 512 535 516 504 488 494 511 520 509 493 514 547 559 523 505 476 485 513 530 539 549 538 514 519 497 537 513 505 497 462 447 503 516 522 521 523 550 537 523 520 517 514 532 482 460 466 494 536 553 523 489 481 525 502 481 503 484 496 519 516 561 518 495 510 517 469 502 551 565 554 501 534 515 493 511 527 534 526 486 491 481 497 531 557 546 542 512 500 495 495 520 493 552 528 509 543 563 525 508 524 544 531 549 550 527 544 527 515 500 520 469 490 545 544 517 494 502 509 500 491 536 556 557 587 585 538 524 516 498 496 487 485 494 491 484 495 486 491 493 485 506 526 538 534 529 505 498 508 535 520 499 530 514 508 511 526 536 556 537 523 510 510 487 513 523 511 489 528 533 556 525 539 529 516 521 493 523 519 562 562 525 537 556 532 517 506 504 490 520 516 521 526 491 469 495 499 510 529 523 526 504 520 522 544 568 523 495 506 525 503 465 468 454 477 490 496 536 542 536 516 512 547 507 521 518 490 490 503 505 503 531 566 522 550 530 546 523 511 523 511 486 469 537 520 494 481 491 464 502 518 511 459 477 486 516 479 472 512 527 523 519 515 507 500 484 487 507 520 518 504 502 514 496 498 538 540 541 571 569 529 515 505 534 520 525 509 485 485 462 485 500 500 497 528 511 506 526 508 518 492 491 512 537 565 584 566 566 516 542 544 517 535 558 529 501 497 493 516 551 527 549 512 532 532 526 532 520 492 502 502 530 520 499 451 465 486 486 470 484 474 468 530 540 544 542 508 478 509 469 459 521 501 515 502 486 501 474 511 503 486 486 521 566 566 543 514 
vem trace:

