SDId: 34638558
energy: 4.04743e+17
zenith: 0.445159
azimuth: 2.98639
GPSSeconc: 1126173597
stid: 341
spdistance: 622.891
radio trace:
501 485 501 505 503 505 477 493 497 481 480 463 463 470 468 423 446 466 495 471 495 484 485 462 463 476 480 486 508 503 507 526 546 528 505 503 469 460 498 492 442 479 474 479 500 509 490 527 502 479 468 460 505 470 490 508 493 504 482 471 457 489 513 516 530 493 464 456 491 477 480 498 474 498 490 468 471 474 475 442 421 437 453 477 485 492 451 453 464 457 456 453 463 479 506 512 495 491 492 512 546 531 508 482 491 476 487 483 505 538 490 499 487 462 448 442 462 454 441 451 443 457 453 474 441 470 486 477 461 444 477 484 478 485 476 465 483 460 469 469 471 435 436 442 458 506 474 464 468 477 455 507 510 496 461 467 496 485 460 492 477 467 480 487 466 443 455 462 515 556 538 503 486 459 474 521 527 513 490 472 448 430 422 483 470 452 424 450 504 512 503 498 459 501 458 522 466 469 439 446 493 538 512 515 483 485 463 499 507 501 510 453 472 396 444 437 487 526 460 438 472 522 500 492 506 507 491 498 507 466 464 491 484 482 465 494 514 496 486 489 478 496 500 474 439 458 462 448 442 457 478 487 478 494 462 514 458 475 461 502 523 519 513 485 480 480 455 435 461 485 500 489 481 475 475 514 554 544 522 481 466 527 560 522 509 554 539 539 497 487 528 538 490 477 477 487 505 521 485 473 443 457 475 526 501 485 482 463 478 493 499 489 472 474 482 438 445 463 479 481 468 464 436 444 470 487 497 481 468 484 478 471 451 425 465 448 479 501 492 481 504 540 514 517 467 476 470 473 482 467 422 424 423 398 413 436 455 414 486 512 510 507 519 528 515 473 476 501 490 503 520 489 507 492 465 454 454 453 458 459 494 482 471 467 462 447 462 450 441 447 434 434 458 467 504 508 519 490 467 473 434 435 445 464 441 457 454 477 512 479 478 468 451 455 451 451 454 452 480 511 517 538 464 441 449 441 428 448 462 517 542 524 491 462 522 530 498 519 487 462 461 490 477 465 482 470 477 484 491 482 499 483 518 523 490 531 494 492 477 465 476 506 511 511 491 461 516 496 502 497 467 473 488 479 481 466 475 478 486 473 474 503 503 474 486 486 498 518 548 489 470 467 442 431 438 484 494 478 502 495 488 469 511 506 546 526 497 498 498 485 508 487 475 485 459 492 516 480 462 488 469 519 503 500 484 490 498 476 496 471 484 457 491 471 492 508 546 554 528 519 534 511 509 496 539 556 517 444 415 486 506 498 481 484 475 465 481 470 440 476 487 503 491 471 500 508 517 506 529 548 535 529 507 483 489 484 504 503 519 490 466 487 495 494 480 448 482 499 489 498 499 484 478 469 453 464 437 459 471 451 451 448 467 473 489 477 479 466 449 449 450 452 471 490 500 447 443 453 491 503 475 465 462 441 455 480 501 490 471 468 492 505 481 465 498 541 524 511 531 517 517 493 503 478 466 499 488 534 535 491 483 456 464 440 468 466 476 500 503 491 467 465 470 477 451 451 440 425 440 451 444 470 492 497 481 499 467 468 485 512 492 485 467 482 503 468 472 490 482 506 528 514 515 495 487 507 522 517 528 508 529 532 517 458 444 510 516 492 485 453 448 471 483 502 509 527 487 480 476 482 481 485 432 473 501 519 496 515 503 507 482 490 500 461 456 469 530 550 497 454 520 548 514 463 471 467 490 507 502 486 491 474 477 456 473 486 485 454 484 497 486 471 436 455 458 472 468 456 
vem trace:

stid: 341
spdistance: 622.891
radio trace:
501 485 501 505 503 505 477 493 497 481 480 463 463 470 468 423 446 466 495 471 495 484 485 462 463 476 480 486 508 503 507 526 546 528 505 503 469 460 498 492 442 479 474 479 500 509 490 527 502 479 468 460 505 470 490 508 493 504 482 471 457 489 513 516 530 493 464 456 491 477 480 498 474 498 490 468 471 474 475 442 421 437 453 477 485 492 451 453 464 457 456 453 463 479 506 512 495 491 492 512 546 531 508 482 491 476 487 483 505 538 490 499 487 462 448 442 462 454 441 451 443 457 453 474 441 470 486 477 461 444 477 484 478 485 476 465 483 460 469 469 471 435 436 442 458 506 474 464 468 477 455 507 510 496 461 467 496 485 460 492 477 467 480 487 466 443 455 462 515 556 538 503 486 459 474 521 527 513 490 472 448 430 422 483 470 452 424 450 504 512 503 498 459 501 458 522 466 469 439 446 493 538 512 515 483 485 463 499 507 501 510 453 472 396 444 437 487 526 460 438 472 522 500 492 506 507 491 498 507 466 464 491 484 482 465 494 514 496 486 489 478 496 500 474 439 458 462 448 442 457 478 487 478 494 462 514 458 475 461 502 523 519 513 485 480 480 455 435 461 485 500 489 481 475 475 514 554 544 522 481 466 527 560 522 509 554 539 539 497 487 528 538 490 477 477 487 505 521 485 473 443 457 475 526 501 485 482 463 478 493 499 489 472 474 482 438 445 463 479 481 468 464 436 444 470 487 497 481 468 484 478 471 451 425 465 448 479 501 492 481 504 540 514 517 467 476 470 473 482 467 422 424 423 398 413 436 455 414 486 512 510 507 519 528 515 473 476 501 490 503 520 489 507 492 465 454 454 453 458 459 494 482 471 467 462 447 462 450 441 447 434 434 458 467 504 508 519 490 467 473 434 435 445 464 441 457 454 477 512 479 478 468 451 455 451 451 454 452 480 511 517 538 464 441 449 441 428 448 462 517 542 524 491 462 522 530 498 519 487 462 461 490 477 465 482 470 477 484 491 482 499 483 518 523 490 531 494 492 477 465 476 506 511 511 491 461 516 496 502 497 467 473 488 479 481 466 475 478 486 473 474 503 503 474 486 486 498 518 548 489 470 467 442 431 438 484 494 478 502 495 488 469 511 506 546 526 497 498 498 485 508 487 475 485 459 492 516 480 462 488 469 519 503 500 484 490 498 476 496 471 484 457 491 471 492 508 546 554 528 519 534 511 509 496 539 556 517 444 415 486 506 498 481 484 475 465 481 470 440 476 487 503 491 471 500 508 517 506 529 548 535 529 507 483 489 484 504 503 519 490 466 487 495 494 480 448 482 499 489 498 499 484 478 469 453 464 437 459 471 451 451 448 467 473 489 477 479 466 449 449 450 452 471 490 500 447 443 453 491 503 475 465 462 441 455 480 501 490 471 468 492 505 481 465 498 541 524 511 531 517 517 493 503 478 466 499 488 534 535 491 483 456 464 440 468 466 476 500 503 491 467 465 470 477 451 451 440 425 440 451 444 470 492 497 481 499 467 468 485 512 492 485 467 482 503 468 472 490 482 506 528 514 515 495 487 507 522 517 528 508 529 532 517 458 444 510 516 492 485 453 448 471 483 502 509 527 487 480 476 482 481 485 432 473 501 519 496 515 503 507 482 490 500 461 456 469 530 550 497 454 520 548 514 463 471 467 490 507 502 486 491 474 477 456 473 486 485 454 484 497 486 471 436 455 458 472 468 456 
vem trace:

stid: 343
spdistance: 1054.94
radio trace:
429 422 434 455 430 399 412 442 462 420 427 413 422 415 388 435 454 450 430 424 446 439 434 423 394 433 464 457 449 438 444 425 430 427 408 418 445 428 418 413 425 421 410 448 434 450 443 472 454 420 440 432 454 476 448 441 459 422 439 439 412 446 442 428 424 439 427 446 489 461 409 402 407 408 428 439 458 455 458 450 456 442 421 410 416 436 458 466 396 413 432 436 432 423 439 453 472 461 447 430 402 420 434 434 450 457 434 431 433 404 413 442 467 429 414 447 463 472 463 440 448 463 449 453 450 457 462 412 397 414 414 442 458 455 421 446 478 452 461 447 458 441 450 450 439 418 460 433 446 438 411 414 430 419 439 454 456 429 440 429 430 438 458 417 407 426 428 403 426 447 464 440 444 427 428 446 450 463 438 455 427 422 429 417 421 421 445 454 487 443 476 449 446 440 431 438 426 474 470 453 445 467 452 470 443 454 467 456 405 426 430 462 467 450 427 394 429 451 444 475 489 488 464 444 446 428 457 433 416 441 438 418 420 445 444 457 475 457 428 443 441 463 443 447 441 432 413 444 446 464 451 433 412 416 438 452 402 411 424 449 466 429 404 380 406 432 429 419 453 457 467 432 416 411 405 392 433 456 453 451 451 456 460 441 430 447 455 417 428 428 418 434 407 416 438 460 456 474 428 416 433 432 432 425 443 434 412 417 431 444 412 412 420 453 434 433 451 447 426 433 437 446 426 423 437 433 435 441 439 428 431 433 402 407 433 474 460 435 413 432 427 438 427 422 460 451 420 429 405 413 400 404 427 441 449 440 424 412 440 424 414 443 452 416 428 454 449 444 438 432 446 422 387 413 416 427 441 452 448 436 406 431 453 459 451 454 469 453 464 432 423 407 414 410 442 477 442 428 452 466 469 463 455 438 422 433 416 427 425 443 477 471 470 449 445 455 469 469 416 450 442 418 430 422 458 435 429 431 434 440 425 435 469 473 448 429 415 390 418 433 461 440 421 425 445 458 483 469 432 418 405 444 446 459 439 442 430 399 408 429 425 439 445 453 438 451 452 471 456 408 419 422 437 433 436 456 447 457 417 431 416 422 418 436 461 456 419 433 404 400 406 414 398 417 454 446 418 411 409 408 401 410 454 451 451 445 441 425 427 418 420 427 421 452 466 438 433 412 423 433 469 455 433 399 440 417 406 429 407 430 417 465 459 451 457 450 441 443 458 447 445 439 425 437 441 462 458 439 437 418 437 481 477 448 435 431 406 409 416 424 420 431 456 454 472 470 430 430 480 460 470 464 427 442 454 456 422 443 446 455 442 465 484 463 433 426 412 423 421 424 436 446 460 425 399 431 456 476 472 486 447 443 449 436 444 470 446 424 426 438 453 457 412 424 430 400 427 435 402 420 465 501 474 485 461 443 442 448 473 475 450 429 426 453 468 434 425 407 431 450 449 470 431 452 452 443 405 437 430 434 442 435 439 413 440 441 454 442 450 456 439 440 420 411 424 447 443 425 408 437 429 413 422 416 452 458 455 436 432 452 446 432 437 441 426 435 435 460 490 463 420 430 407 405 411 404 423 414 452 434 432 455 451 439 464 448 431 431 447 420 444 434 434 443 422 408 406 401 460 469 481 447 415 420 449 451 424 438 447 410 392 395 421 432 449 424 424 445 392 421 429 426 461 450 448 436 443 440 461 483 483 442 418 444 441 463 470 463 441 440 459 464 405 410 407 411 393 383 
vem trace:

