SDId: 34816574
energy: 3.30906e+17
zenith: 0.458153
azimuth: 1.89608
GPSSeconc: 1127183334
stid: 332
spdistance: 620.349
radio trace:
568 561 532 557 574 560 554 586 567 569 559 533 526 493 518 535 541 541 531 511 528 531 521 551 523 521 540 530 543 539 523 505 496 517 547 548 501 490 488 530 522 524 548 546 569 575 533 517 525 509 542 531 514 496 508 518 577 553 539 537 557 557 512 521 542 552 555 572 556 557 550 571 545 525 520 546 517 558 547 528 566 594 554 574 562 551 562 541 535 546 539 509 486 515 533 543 531 530 564 571 529 529 559 537 540 547 541 533 530 507 504 538 537 517 515 541 560 546 548 499 521 534 531 518 499 541 557 525 529 523 506 512 527 517 537 538 528 525 511 531 531 500 533 575 569 576 564 571 529 526 514 495 502 529 528 503 530 541 533 537 544 543 546 553 543 527 512 557 602 573 549 551 530 533 542 535 573 580 523 519 552 533 518 503 534 551 537 536 534 516 500 478 516 495 508 524 528 548 565 551 550 532 556 567 566 564 562 547 541 540 521 522 503 545 513 533 544 539 505 504 530 550 539 544 537 521 523 534 582 586 559 581 538 554 541 539 528 541 530 535 543 540 549 519 520 569 557 529 552 536 560 539 523 508 509 519 545 540 500 512 527 547 589 601 587 567 558 540 526 528 560 526 497 458 462 518 518 520 510 533 526 532 523 530 537 548 544 533 578 549 540 513 541 538 526 520 526 523 519 550 560 565 552 540 541 505 513 529 549 560 536 551 597 585 546 565 581 562 543 544 556 555 570 570 564 573 570 574 566 559 542 534 540 540 574 602 583 512 560 532 529 525 557 542 561 507 506 521 529 549 538 534 566 564 531 535 556 551 565 581 572 532 516 524 530 496 510 519 506 536 531 529 578 586 554 556 572 552 533 521 530 511 512 571 571 567 548 581 551 523 506 509 561 577 551 550 529 538 551 552 534 533 541 520 505 506 543 578 526 525 537 564 555 535 554 528 517 543 540 541 555 539 521 531 557 561 575 556 561 561 565 550 572 552 544 518 545 568 567 530 528 555 550 540 517 577 566 534 560 566 548 543 550 556 554 541 542 540 515 498 493 545 536 554 540 539 518 524 543 490 545 553 516 514 524 542 544 564 561 547 559 545 565 526 523 544 549 530 522 534 565 547 552 523 539 529 519 530 553 511 513 522 534 523 522 527 517 532 512 514 498 558 579 549 541 528 535 535 549 562 546 551 495 487 493 530 534 527 510 503 516 539 546 579 604 610 590 557 551 553 544 562 498 479 508 518 557 547 557 553 522 534 560 565 565 525 512 520 539 547 556 538 530 550 548 543 561 572 552 533 540 532 547 566 542 535 550 561 543 531 507 510 574 561 559 557 557 553 541 554 528 547 561 551 544 558 535 502 505 524 530 525 535 578 568 557 568 568 572 544 551 577 570 582 573 558 524 501 542 527 552 569 535 528 519 528 550 541 545 541 515 510 516 523 562 560 536 548 543 499 518 531 541 530 532 522 508 515 515 570 584 558 563 561 588 500 507 507 531 538 546 567 560 550 540 555 541 588 574 584 582 576 595 582 555 548 569 586 590 580 543 537 544 553 550 556 497 518 585 572 546 545 502 514 538 578 559 547 551 585 560 526 522 516 528 556 540 514 543 487 480 518 517 552 545 557 545 509 501 514 536 559 545 544 562 584 583 559 565 581 570 532 526 522 525 571 546 556 563 546 565 563 532 535 551 582 543 552 559 532 542 526 552 572 545 546 538 564 567 557 557 570 589 563 548 549 536 548 
vem trace:

stid: 333
spdistance: 879.895
radio trace:
468 470 453 450 432 443 438 424 445 439 438 463 456 436 419 446 442 431 432 433 458 444 431 430 408 444 471 452 441 435 414 406 399 401 399 405 405 401 368 424 427 436 452 448 448 445 436 443 427 429 433 460 423 399 428 398 405 410 435 455 441 448 424 438 412 420 428 432 448 452 460 441 410 392 393 428 404 413 432 444 422 460 469 422 425 421 418 420 408 432 422 436 440 436 428 420 418 413 414 409 397 403 421 417 416 448 432 417 415 422 416 438 454 464 413 405 425 453 427 438 451 420 418 400 427 425 415 438 458 453 458 434 429 413 453 451 446 411 445 466 449 452 464 452 443 435 484 400 394 432 426 419 434 422 424 432 448 429 445 450 426 448 429 400 407 414 422 408 444 422 417 422 408 399 463 448 443 466 428 428 416 415 416 409 412 425 408 399 400 423 443 445 446 442 442 424 424 452 443 376 403 416 465 448 450 430 456 451 420 408 382 437 443 457 464 474 480 470 449 458 456 465 475 440 423 470 486 450 431 426 417 423 417 450 426 409 430 457 440 428 438 417 446 460 442 423 434 443 440 453 468 427 409 405 409 354 438 468 447 433 391 410 409 422 424 440 465 457 443 448 444 428 390 396 421 424 454 460 416 398 397 401 400 394 405 421 417 423 446 476 438 459 477 441 453 467 450 437 465 472 451 451 456 446 475 460 425 438 435 446 462 423 378 367 415 447 448 402 393 369 395 380 386 407 409 385 409 429 451 487 475 451 461 424 417 416 439 458 444 448 399 395 399 399 390 396 398 409 384 410 433 416 415 445 435 438 442 449 427 403 406 419 417 443 434 434 451 452 444 441 445 442 425 411 426 416 412 431 419 393 381 353 404 433 425 412 442 458 470 447 434 403 416 440 466 452 414 420 432 432 419 410 417 426 382 386 383 398 415 423 408 419 460 469 466 475 443 445 470 437 419 418 411 450 462 474 475 493 470 417 409 421 453 452 450 460 446 424 431 434 424 417 408 424 434 412 441 427 439 449 415 411 428 409 408 450 438 451 451 431 420 463 456 461 445 450 493 501 437 429 440 417 454 486 480 447 441 483 474 440 402 391 392 419 424 421 438 442 423 407 380 373 409 382 411 439 452 444 444 442 375 391 364 365 352 395 473 483 493 476 460 463 453 435 437 446 422 438 422 406 407 416 407 397 405 411 387 389 427 432 428 418 434 440 408 402 405 420 434 440 435 414 385 373 364 344 358 392 438 473 439 437 424 441 464 402 390 424 435 414 418 421 417 459 468 429 413 393 431 416 424 421 411 413 421 423 415 405 410 440 424 440 447 405 404 389 421 411 431 448 393 358 405 408 432 435 380 385 426 437 425 433 419 407 429 444 429 434 434 431 455 445 435 404 428 402 399 395 418 414 410 436 435 464 475 418 427 418 432 414 398 394 439 468 429 438 445 423 418 446 457 442 418 431 428 422 433 448 440 483 427 425 449 428 419 431 453 468 441 427 417 429 453 461 445 425 416 414 399 374 412 420 398 436 472 446 440 433 457 446 420 396 394 397 412 413 406 392 408 442 431 439 438 421 426 402 377 392 379 380 429 418 438 455 479 430 429 441 435 446 444 427 424 386 403 419 439 419 419 408 407 406 419 441 430 446 415 443 452 440 441 469 445 422 435 459 439 437 416 383 385 416 440 433 414 432 451 451 438 459 440 419 421 447 442 435 449 456 464 463 469 460 445 437 411 427 430 412 
vem trace:

