SDId: 34601870
energy: 3.58551e+17
zenith: 0.210687
azimuth: 2.12352
GPSSeconc: 1125991623
stid: 342
spdistance: 697.002
radio trace:
376 380 371 373 352 355 363 364 362 353 377 373 374 379 368 381 356 384 362 364 369 374 358 346 370 370 380 377 375 380 388 390 386 394 394 386 355 364 377 365 369 379 396 396 386 379 339 345 371 385 377 370 364 345 342 341 354 373 365 361 378 366 357 355 361 384 373 364 383 387 358 355 386 410 406 379 385 357 330 382 387 354 377 366 377 382 373 359 319 351 376 357 363 359 382 379 371 358 342 355 333 345 362 369 378 400 387 385 401 370 353 370 357 353 344 347 383 388 332 309 351 341 360 379 355 359 383 421 413 393 400 389 387 371 354 372 360 347 354 360 373 388 391 388 409 383 362 378 380 394 412 395 388 341 370 377 356 346 334 317 339 349 368 382 362 368 380 374 373 369 347 351 379 386 364 373 363 353 348 327 340 354 366 375 373 371 359 371 392 401 368 390 403 362 368 388 394 397 385 353 364 374 381 377 376 395 397 379 368 375 366 383 376 354 340 356 355 371 363 364 351 369 349 349 362 355 349 331 327 329 331 353 353 351 358 376 379 372 382 381 387 374 379 351 374 347 355 377 371 385 385 375 384 387 370 399 390 384 392 375 357 356 350 367 382 383 367 373 379 377 377 366 371 368 368 365 368 363 354 349 346 341 381 383 409 402 392 386 369 362 352 335 356 373 375 371 361 387 373 360 361 344 340 354 380 383 371 374 367 365 360 368 370 367 368 381 356 372 351 366 344 341 355 374 376 389 386 372 373 370 372 369 363 368 371 356 374 396 396 358 373 365 385 365 361 347 366 364 394 382 378 382 389 380 368 376 366 377 368 379 363 350 364 353 369 357 366 353 378 385 366 338 373 386 379 340 352 341 381 354 352 345 357 371 358 352 344 348 377 376 385 372 395 374 364 339 371 367 361 381 374 373 362 364 363 365 361 380 357 358 377 369 352 370 361 379 388 378 358 363 371 366 346 367 366 355 322 311 337 347 371 349 365 384 374 396 365 375 396 371 383 378 357 355 348 343 370 373 383 376 365 361 330 368 369 350 327 382 387 396 397 391 372 367 377 369 391 413 418 388 369 327 344 328 343 343 334 355 351 356 368 379 370 370 359 367 363 347 355 363 374 377 374 349 366 362 360 354 359 352 353 361 360 364 370 348 365 354 375 366 377 362 327 338 362 348 355 390 420 421 369 363 353 358 375 383 398 399 382 349 341 351 338 355 376 381 394 391 377 371 381 380 365 357 379 378 380 372 365 342 361 362 341 341 349 357 390 387 382 377 373 370 345 344 347 339 337 343 356 384 370 353 340 324 311 342 366 358 375 380 356 388 370 367 374 380 377 378 384 360 341 351 361 367 359 377 364 344 321 339 359 356 368 354 358 369 360 353 366 361 365 359 402 403 390 371 372 342 362 366 375 344 336 346 337 355 357 381 380 360 351 361 373 331 358 369 356 353 363 364 356 371 373 365 379 386 394 404 399 397 401 410 406 384 362 370 373 365 374 400 390 375 376 385 372 376 383 382 391 391 421 417 406 391 380 376 384 373 386 400 378 345 348 356 330 315 318 334 358 389 400 379 380 385 368 348 354 371 373 392 400 386 370 350 367 359 337 349 330 339 350 369 380 367 363 369 384 361 361 358 365 356 349 358 359 337 335 359 335 345 351 346 355 349 360 392 394 385 384 381 368 371 372 376 362 389 376 355 367 371 360 377 374 370 399 419 423 397 386 389 393 392 397 384 379 362 360 351 
vem trace:

stid: 332
spdistance: 914.878
radio trace:
523 513 509 539 511 498 485 515 535 560 508 518 530 544 581 577 562 506 494 516 548 587 559 570 584 538 517 526 549 524 522 517 534 502 538 563 554 527 494 527 542 514 521 561 552 540 548 549 536 485 534 551 516 527 535 527 548 556 556 542 527 547 534 512 532 555 563 529 487 532 547 545 547 516 519 519 512 543 511 464 515 506 473 468 491 491 505 497 497 491 512 518 529 549 531 523 516 546 511 519 510 528 524 532 598 543 514 514 525 498 510 503 531 573 581 543 506 511 516 529 520 520 489 498 505 498 519 564 565 535 511 512 493 542 550 573 543 525 514 491 545 549 542 512 547 522 516 563 566 532 506 535 556 554 535 523 506 525 525 547 555 532 529 503 503 517 504 521 543 576 561 550 531 533 556 538 551 546 551 523 558 534 523 521 517 511 543 519 515 521 534 574 557 537 527 537 483 502 502 521 514 520 512 532 486 484 508 530 561 556 525 528 529 526 498 537 560 570 556 535 536 518 527 507 498 490 477 480 545 521 518 504 528 569 572 568 515 507 509 539 564 514 508 515 534 512 483 500 514 562 574 562 553 507 505 506 473 501 500 528 560 522 512 529 553 524 581 591 581 548 538 544 536 561 516 515 526 535 512 540 559 548 581 553 503 515 541 549 534 512 547 545 535 550 540 541 571 565 565 526 547 529 514 503 524 527 524 532 540 516 508 525 543 515 536 526 471 508 550 557 531 526 501 485 529 541 494 546 542 517 473 492 481 506 499 507 484 506 538 562 522 536 556 529 542 513 505 488 487 498 530 538 544 557 558 559 547 540 568 568 555 490 533 548 552 566 547 531 520 536 577 583 545 524 530 506 514 522 552 540 549 548 548 516 477 483 484 456 485 525 514 531 523 537 536 544 542 537 555 520 565 561 506 516 498 526 525 531 526 545 496 474 497 489 493 503 489 510 528 561 550 532 561 543 539 504 500 517 521 489 536 557 546 509 513 546 550 544 501 481 494 511 508 515 527 531 529 530 525 522 516 535 526 552 568 554 533 523 518 503 508 478 544 566 544 506 506 494 494 516 526 502 518 504 515 513 488 482 484 542 556 556 513 565 566 579 563 544 533 545 531 533 518 527 526 543 554 522 531 538 556 550 525 503 519 520 540 526 524 504 526 528 473 474 484 478 501 465 474 532 530 510 531 540 500 491 548 541 537 570 560 550 596 579 535 536 512 552 549 572 540 511 525 506 530 561 559 548 498 508 507 499 527 547 553 549 542 475 467 484 533 491 517 532 492 498 508 513 557 560 545 531 524 512 537 547 534 496 463 471 504 499 528 535 509 488 542 517 533 520 519 522 505 521 508 545 584 553 545 521 513 534 509 516 532 548 538 529 527 547 551 541 536 544 557 555 554 508 512 514 543 541 556 554 560 536 551 543 561 532 510 512 527 553 571 533 508 523 533 553 550 546 537 516 518 473 475 472 490 521 554 572 531 536 542 518 491 513 538 502 482 504 526 537 532 521 541 524 531 517 509 545 526 509 554 592 580 580 544 542 511 547 546 548 559 532 540 507 540 541 532 507 511 498 508 517 503 509 501 531 558 557 548 536 546 556 584 554 538 512 520 518 541 537 525 542 548 510 503 516 521 520 501 505 549 541 526 553 563 549 528 516 504 513 532 486 503 498 521 546 557 493 500 527 544 564 583 593 563 548 518 547 541 522 522 531 555 549 528 511 530 545 526 552 543 523 511 505 
vem trace:

stid: 333
spdistance: 986.28
radio trace:
419 388 421 417 416 428 435 435 441 417 461 479 467 420 413 420 449 454 453 443 486 481 414 386 405 413 412 408 400 376 400 398 422 424 414 396 392 420 413 408 364 386 431 464 439 432 428 429 441 446 425 422 416 418 457 452 398 399 412 431 415 410 409 406 417 413 400 409 427 424 400 404 415 419 426 420 417 420 413 415 397 401 414 409 414 387 413 420 434 393 412 455 450 429 450 478 452 419 422 428 376 390 385 371 435 453 442 425 445 451 420 421 401 388 411 435 430 384 384 402 443 438 431 412 435 405 377 357 367 379 388 418 405 385 411 415 456 433 445 463 439 429 432 441 448 412 398 389 398 426 459 443 437 426 401 417 404 392 397 416 391 397 393 409 405 409 420 415 453 421 390 395 432 448 445 453 442 451 474 462 448 460 434 415 411 392 392 373 404 416 445 421 421 406 395 405 409 411 452 466 451 458 435 414 412 398 392 403 405 417 395 405 427 466 441 420 397 400 422 438 445 463 455 456 428 454 412 387 387 398 394 372 359 408 385 392 393 395 400 418 436 417 417 428 415 438 419 403 385 423 440 458 460 458 463 467 434 426 436 446 433 401 423 418 386 413 421 455 440 420 386 382 393 400 419 393 420 456 465 411 380 418 414 425 411 415 454 462 444 436 427 461 440 442 421 405 406 396 394 421 407 398 397 405 437 471 484 486 466 403 428 429 417 389 445 429 420 384 412 416 453 452 444 424 433 453 429 397 410 417 410 416 452 469 453 431 440 437 437 403 438 437 430 417 408 421 415 428 456 442 440 412 387 366 418 431 416 399 412 449 431 435 459 446 448 455 453 423 459 427 387 429 444 444 407 419 451 414 360 400 412 439 429 411 409 382 372 396 414 395 405 407 404 429 442 422 414 390 386 416 369 425 443 435 402 410 452 460 446 431 450 463 416 418 453 457 457 452 446 410 433 425 422 409 416 417 409 450 471 449 431 443 447 424 401 368 384 406 420 414 406 440 407 391 383 414 432 441 422 428 483 463 415 404 419 398 401 387 407 399 437 450 442 427 426 437 432 418 407 451 433 417 416 414 428 426 443 441 410 397 376 361 407 410 416 402 409 429 432 393 412 379 366 371 412 435 459 449 461 434 425 391 366 360 343 374 422 439 447 448 433 408 451 428 430 415 429 446 409 408 448 452 403 374 340 347 382 391 392 441 432 427 407 393 384 401 398 410 438 408 405 413 433 489 458 428 441 439 432 455 435 480 473 421 410 411 420 452 448 440 446 438 445 414 440 447 423 458 436 418 413 413 379 387 370 366 361 382 415 403 406 370 365 401 420 447 408 412 401 387 404 426 433 446 462 440 431 376 376 390 410 401 415 420 402 419 430 412 405 412 411 447 441 422 419 415 422 447 433 443 419 427 430 437 442 411 397 423 434 442 430 419 393 381 409 444 470 456 412 383 396 423 436 442 440 460 457 471 484 445 442 437 422 421 425 414 423 412 440 429 427 402 384 416 420 414 473 436 429 426 413 457 426 414 425 426 426 430 402 442 438 395 416 430 446 409 432 407 414 434 424 452 466 485 437 436 432 425 403 393 416 425 450 444 412 430 425 423 434 405 404 421 402 385 433 417 417 476 459 439 442 426 439 440 431 395 414 401 388 413 428 410 404 413 396 427 435 452 404 416 411 398 407 413 456 476 463 455 387 370 400 425 458 480 455 440 404 404 387 391 388 400 428 403 404 430 452 449 
vem trace:

